,,,Station Name:  ,,,,,,,,,,,,,,,,,,,,,,,,,,,,,,,,,,,,,,,,,,,,,,,,,,,,,,,,,,,,,,,,,,,,,,,,,,,,,,,,,,,,,
,,,Site ID:0212_3WB0150  ,,,,,,,,,,,,,,,,,,,,,,,,,,,,,,,,,,,,,,,,,,,,,,,,,,,,,,,,,,,,,,,,,,,,,,,,,,,,,,,,,,,,,
,,,Station Num:703009821821  ,,,,,,,,,,,,,,,,,,,,,,,,,,,,,,,,,,,,,,,,,,,,,,,,,,,,,,,,,,,,,,,,,,,,,,,,,,,,,,,,,,,,,
,,,Description:  ,,,,,,,,,,,,,,,,,,,,,,,,,,,,,,,,,,,,,,,,,,,,,,,,,,,,,,,,,,,,,,,,,,,,,,,,,,,,,,,,,,,,,
,,,City:  ,,,,,,,,,,,,,,,,,,,,,,,,,,,,,,,,,,,,,,,,,,,,,,,,,,,,,,,,,,,,,,,,,,,,,,,,,,,,,,,,,,,,,
,,,County:  ,,,,,,,,,,,,,,,,,,,,,,,,,,,,,,,,,,,,,,,,,,,,,,,,,,,,,,,,,,,,,,,,,,,,,,,,,,,,,,,,,,,,,
,,,Start Date/Time:04-20-2015 16:00,,,,,,,,,,,,,,,,,,,,,,,,,,,,,,,,,,,,,,,,,,,,,,,,,,,,,,,,,,,,,,,,,,,,,,,,,,,,,,,,,,,,,
,,,End Date/Time:04-28-2015 10:15,,,,,,,,,,,,,,,,,,,,,,,,,,,,,,,,,,,,,,,,,,,,,,,,,,,,,,,,,,,,,,,,,,,,,,,,,,,,,,,,,,,,,
,,,,,,,,,,,,,,,,,,,,,,,,,,,,,,,,,,,,,,,,,,,,,,,,,,,,,,,,,,,,,,,,,,,,,,,,,,,,,,,,,,,,,,,,
,Date,Time,Array,Flow,Stat,Road- Temp°„F,Vehicle No,Class,Speed- mph,LPL- Feet,#- Axles,WB1- Feet,WB2- Feet,WB3- Feet,WB4- Feet,WB5- Feet,WB6- Feet,WB7- Feet,WB8- Feet,WB9- Feet,WB10- Feet,WB11- Feet,WB12- Feet,WB13- Feet,WB14- Feet,WB15- Feet,WB16- Feet,WB17- Feet,WB18- Feet,WB19- Feet,WB20- Feet,WB21- Feet,WB22- Feet,WB23- Feet,WB24- Feet,WBL,AW1- Kips,AW2- Kips,AW3- Kips,AW4- Kips,AW5- Kips,AW6- Kips,AW7- Kips,AW8- Kips,AW9- Kips,AW10- Kips,AW11- Kips,AW12- Kips,AW13- Kips,AW14- Kips,AW15- Kips,AW16- Kips,AW17- Kips,AW18- Kips,AW19- Kips,AW20- Kips,AW21- Kips,AW22- Kips,AW23- Kips,AW24- Kips,AW25- Kips,Gross- Kips,Axle 1- Esal,Axle 2- Esal,Axle 3- Esal,Axle 4- Esal,Axle 5- Esal,Axle 6- Esal,Axle 7- Esal,Axle 8- Esal,Axle 9- Esal,Axle 10- Esal,Axle 11- Esal,Axle 12- Esal,Axle 13- Esal,Axle 14- Esal,Axle 15- Esal,Axle 16- Esal,Axle 17- Esal,Axle 18- Esal,Axle 19- Esal,Axle 20- Esal,Axle 21- Esal,Axle 22- Esal,Axle 23- Esal,Axle 24- Esal,Axle 25- Esal,Gross- Esal
,04-22-2015,00:05:05, Lane 1 ,Fwd,FF,,1,2,66,,2,9.58,,,,,,,,,,,,,,,,,,,,,,,,9.58,-,,,,,,,,,,,,,,,,,,,,,,,,,-,-,,,,,,,,,,,,,,,,,,,,,,,,,
,04-22-2015,00:06:10, Lane 1 ,Fwd,FF,,2,2,64,,2,9.47,,,,,,,,,,,,,,,,,,,,,,,,9.47,-,,,,,,,,,,,,,,,,,,,,,,,,,-,-,,,,,,,,,,,,,,,,,,,,,,,,,
,04-22-2015,00:06:34, Lane 1 ,Fwd,FF,,3,2,73,,2,8.46,,,,,,,,,,,,,,,,,,,,,,,,8.46,-,,,,,,,,,,,,,,,,,,,,,,,,,-,-,,,,,,,,,,,,,,,,,,,,,,,,,
,04-22-2015,00:06:51, Lane 1 ,Fwd,FF,,4,2,65,,2,8.67,,,,,,,,,,,,,,,,,,,,,,,,8.67,-,,,,,,,,,,,,,,,,,,,,,,,,,-,-,,,,,,,,,,,,,,,,,,,,,,,,,
,04-22-2015,00:12:11, Lane 1 ,Fwd,FF,,5,2,62,,2,9.82,,,,,,,,,,,,,,,,,,,,,,,,9.82,-,,,,,,,,,,,,,,,,,,,,,,,,,-,-,,,,,,,,,,,,,,,,,,,,,,,,,
,04-22-2015,00:12:52, Lane 1 ,Fwd,FF,,6,2,60,,2,8.56,,,,,,,,,,,,,,,,,,,,,,,,8.56,-,,,,,,,,,,,,,,,,,,,,,,,,,-,-,,,,,,,,,,,,,,,,,,,,,,,,,
,04-22-2015,00:13:16, Lane 1 ,Fwd,FF,,7,2,66,,2,8.52,,,,,,,,,,,,,,,,,,,,,,,,8.52,-,,,,,,,,,,,,,,,,,,,,,,,,,-,-,,,,,,,,,,,,,,,,,,,,,,,,,
,04-22-2015,00:15:42, Lane 1 ,Fwd,FF,,8,2,55,,2,9.08,,,,,,,,,,,,,,,,,,,,,,,,9.08,-,,,,,,,,,,,,,,,,,,,,,,,,,-,-,,,,,,,,,,,,,,,,,,,,,,,,,
,04-22-2015,00:16:07, Lane 1 ,Fwd,FF,,9,2,68,,2,8.53,,,,,,,,,,,,,,,,,,,,,,,,8.53,-,,,,,,,,,,,,,,,,,,,,,,,,,-,-,,,,,,,,,,,,,,,,,,,,,,,,,
,04-22-2015,00:17:13, Lane 1 ,Fwd,FF,,10,2,69,,2,8.27,,,,,,,,,,,,,,,,,,,,,,,,8.27,-,,,,,,,,,,,,,,,,,,,,,,,,,-,-,,,,,,,,,,,,,,,,,,,,,,,,,
,04-22-2015,00:18:06, Lane 1 ,Fwd,FF,,11,2,58,,2,8.28,,,,,,,,,,,,,,,,,,,,,,,,8.28,-,,,,,,,,,,,,,,,,,,,,,,,,,-,-,,,,,,,,,,,,,,,,,,,,,,,,,
,04-22-2015,00:25:51, Lane 1 ,Fwd,FF,,12,8,69,,3,16.54,22.79,,,,,,,,,,,,,,,,,,,,,,,39.33,-,,,,,,,,,,,,,,,,,,,,,,,,,-,-,,,,,,,,,,,,,,,,,,,,,,,,,
,04-22-2015,00:27:53, Lane 1 ,Fwd,FF,,13,2,56,,2,9.12,,,,,,,,,,,,,,,,,,,,,,,,9.12,-,,,,,,,,,,,,,,,,,,,,,,,,,-,-,,,,,,,,,,,,,,,,,,,,,,,,,
,04-22-2015,00:30:54, Lane 1 ,Fwd,FF,,14,2,60,,2,8.38,,,,,,,,,,,,,,,,,,,,,,,,8.38,-,,,,,,,,,,,,,,,,,,,,,,,,,-,-,,,,,,,,,,,,,,,,,,,,,,,,,
,04-22-2015,00:30:56, Lane 1 ,Fwd,FF,,15,2,59,,2,9.41,,,,,,,,,,,,,,,,,,,,,,,,9.41,-,,,,,,,,,,,,,,,,,,,,,,,,,-,-,,,,,,,,,,,,,,,,,,,,,,,,,
,04-22-2015,00:35:16, Lane 1 ,Fwd,FF,,16,2,84,,2,9.03,,,,,,,,,,,,,,,,,,,,,,,,9.03,-,,,,,,,,,,,,,,,,,,,,,,,,,-,-,,,,,,,,,,,,,,,,,,,,,,,,,
,04-22-2015,00:35:29, Lane 1 ,Fwd,FF,,17,3,60,,2,10.77,,,,,,,,,,,,,,,,,,,,,,,,10.77,-,,,,,,,,,,,,,,,,,,,,,,,,,-,-,,,,,,,,,,,,,,,,,,,,,,,,,
,04-22-2015,00:35:57, Lane 1 ,Fwd,FF,,18,9,63,,5,19.42,4.22,33.07,4.12,,,,,,,,,,,,,,,,,,,,,60.83,-,,,,,,,,,,,,,,,,,,,,,,,,,-,-,,,,,,,,,,,,,,,,,,,,,,,,,
,04-22-2015,00:40:44, Lane 1 ,Fwd,FF,,19,2,56,,2,8.47,,,,,,,,,,,,,,,,,,,,,,,,8.47,-,,,,,,,,,,,,,,,,,,,,,,,,,-,-,,,,,,,,,,,,,,,,,,,,,,,,,
,04-22-2015,00:47:53, Lane 1 ,Fwd,FF,,20,2,66,,2,9.00,,,,,,,,,,,,,,,,,,,,,,,,9.00,-,,,,,,,,,,,,,,,,,,,,,,,,,-,-,,,,,,,,,,,,,,,,,,,,,,,,,
,04-22-2015,00:51:40, Lane 1 ,Fwd,FF,,21,3,54,,2,10.82,,,,,,,,,,,,,,,,,,,,,,,,10.82,-,,,,,,,,,,,,,,,,,,,,,,,,,-,-,,,,,,,,,,,,,,,,,,,,,,,,,
,04-22-2015,00:52:22, Lane 1 ,Fwd,FF,,22,2,77,,2,8.75,,,,,,,,,,,,,,,,,,,,,,,,8.75,-,,,,,,,,,,,,,,,,,,,,,,,,,-,-,,,,,,,,,,,,,,,,,,,,,,,,,
,04-22-2015,01:10:51, Lane 1 ,Fwd,FF,,1,2,59,,2,8.98,,,,,,,,,,,,,,,,,,,,,,,,8.98,-,,,,,,,,,,,,,,,,,,,,,,,,,-,-,,,,,,,,,,,,,,,,,,,,,,,,,
,04-22-2015,01:19:46, Lane 1 ,Fwd,FF,,2,2,72,,2,8.74,,,,,,,,,,,,,,,,,,,,,,,,8.74,-,,,,,,,,,,,,,,,,,,,,,,,,,-,-,,,,,,,,,,,,,,,,,,,,,,,,,
,04-22-2015,01:27:42, Lane 1 ,Fwd,FF,,3,2,66,,2,8.35,,,,,,,,,,,,,,,,,,,,,,,,8.35,-,,,,,,,,,,,,,,,,,,,,,,,,,-,-,,,,,,,,,,,,,,,,,,,,,,,,,
,04-22-2015,01:28:53, Lane 1 ,Fwd,FF,,4,2,65,,2,8.38,,,,,,,,,,,,,,,,,,,,,,,,8.38,-,,,,,,,,,,,,,,,,,,,,,,,,,-,-,,,,,,,,,,,,,,,,,,,,,,,,,
,04-22-2015,01:28:56, Lane 1 ,Fwd,FF,,5,2,63,,2,8.70,,,,,,,,,,,,,,,,,,,,,,,,8.70,-,,,,,,,,,,,,,,,,,,,,,,,,,-,-,,,,,,,,,,,,,,,,,,,,,,,,,
,04-22-2015,01:31:40, Lane 1 ,Fwd,FF,,6,2,59,,2,8.52,,,,,,,,,,,,,,,,,,,,,,,,8.52,-,,,,,,,,,,,,,,,,,,,,,,,,,-,-,,,,,,,,,,,,,,,,,,,,,,,,,
,04-22-2015,01:36:43, Lane 1 ,Fwd,FF,,7,2,58,,2,8.09,,,,,,,,,,,,,,,,,,,,,,,,8.09,-,,,,,,,,,,,,,,,,,,,,,,,,,-,-,,,,,,,,,,,,,,,,,,,,,,,,,
,04-22-2015,01:36:50, Lane 1 ,Fwd,FF,,8,2,65,,2,9.24,,,,,,,,,,,,,,,,,,,,,,,,9.24,-,,,,,,,,,,,,,,,,,,,,,,,,,-,-,,,,,,,,,,,,,,,,,,,,,,,,,
,04-22-2015,01:38:03, Lane 1 ,Fwd,FF,,9,2,61,,2,9.40,,,,,,,,,,,,,,,,,,,,,,,,9.40,-,,,,,,,,,,,,,,,,,,,,,,,,,-,-,,,,,,,,,,,,,,,,,,,,,,,,,
,04-22-2015,02:02:19, Lane 1 ,Fwd,FF,,1,2,67,,2,8.88,,,,,,,,,,,,,,,,,,,,,,,,8.88,-,,,,,,,,,,,,,,,,,,,,,,,,,-,-,,,,,,,,,,,,,,,,,,,,,,,,,
,04-22-2015,02:06:25, Lane 1 ,Fwd,FF,,2,2,59,,2,9.83,,,,,,,,,,,,,,,,,,,,,,,,9.83,-,,,,,,,,,,,,,,,,,,,,,,,,,-,-,,,,,,,,,,,,,,,,,,,,,,,,,
,04-22-2015,02:16:48, Lane 1 ,Fwd,FF,,3,2,63,,2,8.24,,,,,,,,,,,,,,,,,,,,,,,,8.24,-,,,,,,,,,,,,,,,,,,,,,,,,,-,-,,,,,,,,,,,,,,,,,,,,,,,,,
,04-22-2015,02:22:12, Lane 1 ,Fwd,FF,,4,3,47,,2,10.27,,,,,,,,,,,,,,,,,,,,,,,,10.27,-,,,,,,,,,,,,,,,,,,,,,,,,,-,-,,,,,,,,,,,,,,,,,,,,,,,,,
,04-22-2015,02:22:39, Lane 1 ,Fwd,FF,,5,2,51,,2,9.48,,,,,,,,,,,,,,,,,,,,,,,,9.48,-,,,,,,,,,,,,,,,,,,,,,,,,,-,-,,,,,,,,,,,,,,,,,,,,,,,,,
,04-22-2015,02:44:46, Lane 1 ,Fwd,FF,,6,2,56,,2,9.19,,,,,,,,,,,,,,,,,,,,,,,,9.19,-,,,,,,,,,,,,,,,,,,,,,,,,,-,-,,,,,,,,,,,,,,,,,,,,,,,,,
,04-22-2015,02:52:31, Lane 1 ,Fwd,FF,,7,2,57,,2,8.67,,,,,,,,,,,,,,,,,,,,,,,,8.67,-,,,,,,,,,,,,,,,,,,,,,,,,,-,-,,,,,,,,,,,,,,,,,,,,,,,,,
,04-22-2015,03:01:39, Lane 1 ,Fwd,FF,,1,2,51,,2,9.15,,,,,,,,,,,,,,,,,,,,,,,,9.15,-,,,,,,,,,,,,,,,,,,,,,,,,,-,-,,,,,,,,,,,,,,,,,,,,,,,,,
,04-22-2015,03:02:02, Lane 1 ,Fwd,FF,,2,2,65,,2,8.95,,,,,,,,,,,,,,,,,,,,,,,,8.95,-,,,,,,,,,,,,,,,,,,,,,,,,,-,-,,,,,,,,,,,,,,,,,,,,,,,,,
,04-22-2015,03:07:44, Lane 1 ,Fwd,FF,,3,3,69,,2,10.27,,,,,,,,,,,,,,,,,,,,,,,,10.27,-,,,,,,,,,,,,,,,,,,,,,,,,,-,-,,,,,,,,,,,,,,,,,,,,,,,,,
,04-22-2015,03:08:28, Lane 1 ,Fwd,FF,,4,2,58,,2,8.45,,,,,,,,,,,,,,,,,,,,,,,,8.45,-,,,,,,,,,,,,,,,,,,,,,,,,,-,-,,,,,,,,,,,,,,,,,,,,,,,,,
,04-22-2015,03:12:02, Lane 1 ,Fwd,FF,,5,2,67,,2,8.66,,,,,,,,,,,,,,,,,,,,,,,,8.66,-,,,,,,,,,,,,,,,,,,,,,,,,,-,-,,,,,,,,,,,,,,,,,,,,,,,,,
,04-22-2015,03:12:57, Lane 1 ,Fwd,FF,,6,2,58,,2,8.20,,,,,,,,,,,,,,,,,,,,,,,,8.20,-,,,,,,,,,,,,,,,,,,,,,,,,,-,-,,,,,,,,,,,,,,,,,,,,,,,,,
,04-22-2015,03:17:30, Lane 1 ,Fwd,FF,,7,2,65,,2,8.57,,,,,,,,,,,,,,,,,,,,,,,,8.57,-,,,,,,,,,,,,,,,,,,,,,,,,,-,-,,,,,,,,,,,,,,,,,,,,,,,,,
,04-22-2015,03:18:38, Lane 1 ,Fwd,FF,,8,2,91,,2,9.20,,,,,,,,,,,,,,,,,,,,,,,,9.20,-,,,,,,,,,,,,,,,,,,,,,,,,,-,-,,,,,,,,,,,,,,,,,,,,,,,,,
,04-22-2015,03:19:10, Lane 1 ,Fwd,FF,,9,2,65,,2,8.86,,,,,,,,,,,,,,,,,,,,,,,,8.86,-,,,,,,,,,,,,,,,,,,,,,,,,,-,-,,,,,,,,,,,,,,,,,,,,,,,,,
,04-22-2015,03:28:20, Lane 1 ,Fwd,FF,,10,2,60,,2,8.67,,,,,,,,,,,,,,,,,,,,,,,,8.67,-,,,,,,,,,,,,,,,,,,,,,,,,,-,-,,,,,,,,,,,,,,,,,,,,,,,,,
,04-22-2015,03:32:07, Lane 1 ,Fwd,FF,,11,2,51,,2,8.48,,,,,,,,,,,,,,,,,,,,,,,,8.48,-,,,,,,,,,,,,,,,,,,,,,,,,,-,-,,,,,,,,,,,,,,,,,,,,,,,,,
,04-22-2015,03:45:16, Lane 1 ,Rev,FF,,12,2,60,,2,9.90,,,,,,,,,,,,,,,,,,,,,,,,9.90,-,,,,,,,,,,,,,,,,,,,,,,,,,-,-,,,,,,,,,,,,,,,,,,,,,,,,,
,04-22-2015,03:49:52, Lane 1 ,Fwd,FF,,13,2,77,,2,8.86,,,,,,,,,,,,,,,,,,,,,,,,8.86,-,,,,,,,,,,,,,,,,,,,,,,,,,-,-,,,,,,,,,,,,,,,,,,,,,,,,,
,04-22-2015,03:51:23, Lane 1 ,Fwd,FF,,14,2,61,,2,8.42,,,,,,,,,,,,,,,,,,,,,,,,8.42,-,,,,,,,,,,,,,,,,,,,,,,,,,-,-,,,,,,,,,,,,,,,,,,,,,,,,,
,04-22-2015,03:54:38, Lane 1 ,Fwd,FF,,15,6,60,,3,17.52,4.47,,,,,,,,,,,,,,,,,,,,,,,21.99,-,,,,,,,,,,,,,,,,,,,,,,,,,-,-,,,,,,,,,,,,,,,,,,,,,,,,,
,04-22-2015,03:54:51, Lane 1 ,Fwd,FF,,16,2,55,,2,8.94,,,,,,,,,,,,,,,,,,,,,,,,8.94,-,,,,,,,,,,,,,,,,,,,,,,,,,-,-,,,,,,,,,,,,,,,,,,,,,,,,,
,04-22-2015,03:55:08, Lane 1 ,Fwd,FF,,17,2,55,,2,9.04,,,,,,,,,,,,,,,,,,,,,,,,9.04,-,,,,,,,,,,,,,,,,,,,,,,,,,-,-,,,,,,,,,,,,,,,,,,,,,,,,,
,04-22-2015,03:59:42, Lane 1 ,Fwd,FF,,18,2,59,,2,9.30,,,,,,,,,,,,,,,,,,,,,,,,9.30,-,,,,,,,,,,,,,,,,,,,,,,,,,-,-,,,,,,,,,,,,,,,,,,,,,,,,,
,04-22-2015,04:03:56, Lane 1 ,Fwd,FF,,1,3,72,,2,11.90,,,,,,,,,,,,,,,,,,,,,,,,11.90,-,,,,,,,,,,,,,,,,,,,,,,,,,-,-,,,,,,,,,,,,,,,,,,,,,,,,,
,04-22-2015,04:05:10, Lane 1 ,Fwd,FF,,2,2,56,,2,8.94,,,,,,,,,,,,,,,,,,,,,,,,8.94,-,,,,,,,,,,,,,,,,,,,,,,,,,-,-,,,,,,,,,,,,,,,,,,,,,,,,,
,04-22-2015,04:08:23, Lane 1 ,Fwd,FF,,3,3,56,,2,12.91,,,,,,,,,,,,,,,,,,,,,,,,12.91,-,,,,,,,,,,,,,,,,,,,,,,,,,-,-,,,,,,,,,,,,,,,,,,,,,,,,,
,04-22-2015,04:08:46, Lane 1 ,Fwd,FF,,4,5,60,,2,13.05,,,,,,,,,,,,,,,,,,,,,,,,13.05,-,,,,,,,,,,,,,,,,,,,,,,,,,-,-,,,,,,,,,,,,,,,,,,,,,,,,,
,04-22-2015,04:10:09, Lane 1 ,Fwd,FF,,5,5,60,,2,16.85,,,,,,,,,,,,,,,,,,,,,,,,16.85,-,,,,,,,,,,,,,,,,,,,,,,,,,-,-,,,,,,,,,,,,,,,,,,,,,,,,,
,04-22-2015,04:11:23, Lane 1 ,Fwd,FF,,6,2,71,,2,7.93,,,,,,,,,,,,,,,,,,,,,,,,7.93,-,,,,,,,,,,,,,,,,,,,,,,,,,-,-,,,,,,,,,,,,,,,,,,,,,,,,,
,04-22-2015,04:12:59, Lane 1 ,Fwd,FF,,7,2,65,,2,8.76,,,,,,,,,,,,,,,,,,,,,,,,8.76,-,,,,,,,,,,,,,,,,,,,,,,,,,-,-,,,,,,,,,,,,,,,,,,,,,,,,,
,04-22-2015,04:14:36, Lane 1 ,Fwd,FF,,8,2,61,,2,8.69,,,,,,,,,,,,,,,,,,,,,,,,8.69,-,,,,,,,,,,,,,,,,,,,,,,,,,-,-,,,,,,,,,,,,,,,,,,,,,,,,,
,04-22-2015,04:16:24, Lane 1 ,Fwd,FF,,9,2,61,,2,9.07,,,,,,,,,,,,,,,,,,,,,,,,9.07,-,,,,,,,,,,,,,,,,,,,,,,,,,-,-,,,,,,,,,,,,,,,,,,,,,,,,,
,04-22-2015,04:18:50, Lane 1 ,Fwd,FF,,10,2,53,,2,8.75,,,,,,,,,,,,,,,,,,,,,,,,8.75,-,,,,,,,,,,,,,,,,,,,,,,,,,-,-,,,,,,,,,,,,,,,,,,,,,,,,,
,04-22-2015,04:20:59, Lane 1 ,Fwd,FF,,11,2,64,,2,8.69,,,,,,,,,,,,,,,,,,,,,,,,8.69,-,,,,,,,,,,,,,,,,,,,,,,,,,-,-,,,,,,,,,,,,,,,,,,,,,,,,,
,04-22-2015,04:22:17, Lane 1 ,Fwd,FF,,12,2,68,,2,8.60,,,,,,,,,,,,,,,,,,,,,,,,8.60,-,,,,,,,,,,,,,,,,,,,,,,,,,-,-,,,,,,,,,,,,,,,,,,,,,,,,,
,04-22-2015,04:23:18, Lane 1 ,Fwd,FF,,13,2,70,,2,8.92,,,,,,,,,,,,,,,,,,,,,,,,8.92,-,,,,,,,,,,,,,,,,,,,,,,,,,-,-,,,,,,,,,,,,,,,,,,,,,,,,,
,04-22-2015,04:23:53, Lane 1 ,Fwd,FF,,14,2,63,,2,8.95,,,,,,,,,,,,,,,,,,,,,,,,8.95,-,,,,,,,,,,,,,,,,,,,,,,,,,-,-,,,,,,,,,,,,,,,,,,,,,,,,,
,04-22-2015,04:25:49, Lane 1 ,Fwd,FF,,15,2,56,,2,8.20,,,,,,,,,,,,,,,,,,,,,,,,8.20,-,,,,,,,,,,,,,,,,,,,,,,,,,-,-,,,,,,,,,,,,,,,,,,,,,,,,,
,04-22-2015,04:25:52, Lane 1 ,Fwd,FF,,16,2,61,,2,8.53,,,,,,,,,,,,,,,,,,,,,,,,8.53,-,,,,,,,,,,,,,,,,,,,,,,,,,-,-,,,,,,,,,,,,,,,,,,,,,,,,,
,04-22-2015,04:26:12, Lane 1 ,Fwd,FF,,17,2,59,,2,8.46,,,,,,,,,,,,,,,,,,,,,,,,8.46,-,,,,,,,,,,,,,,,,,,,,,,,,,-,-,,,,,,,,,,,,,,,,,,,,,,,,,
,04-22-2015,04:26:15, Lane 1 ,Fwd,FF,,18,2,61,,2,8.80,,,,,,,,,,,,,,,,,,,,,,,,8.80,-,,,,,,,,,,,,,,,,,,,,,,,,,-,-,,,,,,,,,,,,,,,,,,,,,,,,,
,04-22-2015,04:26:24, Lane 1 ,Fwd,FF,,19,2,64,,2,8.88,,,,,,,,,,,,,,,,,,,,,,,,8.88,-,,,,,,,,,,,,,,,,,,,,,,,,,-,-,,,,,,,,,,,,,,,,,,,,,,,,,
,04-22-2015,04:27:22, Lane 1 ,Fwd,FF,,20,2,58,,2,8.91,,,,,,,,,,,,,,,,,,,,,,,,8.91,-,,,,,,,,,,,,,,,,,,,,,,,,,-,-,,,,,,,,,,,,,,,,,,,,,,,,,
,04-22-2015,04:27:51, Lane 1 ,Fwd,FF,,21,2,58,,2,9.43,,,,,,,,,,,,,,,,,,,,,,,,9.43,-,,,,,,,,,,,,,,,,,,,,,,,,,-,-,,,,,,,,,,,,,,,,,,,,,,,,,
,04-22-2015,04:27:54, Lane 1 ,Fwd,FF,,22,2,66,,2,8.93,,,,,,,,,,,,,,,,,,,,,,,,8.93,-,,,,,,,,,,,,,,,,,,,,,,,,,-,-,,,,,,,,,,,,,,,,,,,,,,,,,
,04-22-2015,04:28:25, Lane 1 ,Fwd,FF,,23,2,64,,2,8.72,,,,,,,,,,,,,,,,,,,,,,,,8.72,-,,,,,,,,,,,,,,,,,,,,,,,,,-,-,,,,,,,,,,,,,,,,,,,,,,,,,
,04-22-2015,04:32:00, Lane 1 ,Fwd,FF,,24,2,76,,2,8.67,,,,,,,,,,,,,,,,,,,,,,,,8.67,-,,,,,,,,,,,,,,,,,,,,,,,,,-,-,,,,,,,,,,,,,,,,,,,,,,,,,
,04-22-2015,04:33:30, Lane 1 ,Fwd,FF,,25,2,61,,2,8.71,,,,,,,,,,,,,,,,,,,,,,,,8.71,-,,,,,,,,,,,,,,,,,,,,,,,,,-,-,,,,,,,,,,,,,,,,,,,,,,,,,
,04-22-2015,04:33:57, Lane 1 ,Fwd,FF,,26,3,58,,2,10.80,,,,,,,,,,,,,,,,,,,,,,,,10.80,-,,,,,,,,,,,,,,,,,,,,,,,,,-,-,,,,,,,,,,,,,,,,,,,,,,,,,
,04-22-2015,04:35:12, Lane 1 ,Fwd,FF,,27,2,63,,2,8.68,,,,,,,,,,,,,,,,,,,,,,,,8.68,-,,,,,,,,,,,,,,,,,,,,,,,,,-,-,,,,,,,,,,,,,,,,,,,,,,,,,
,04-22-2015,04:35:31, Lane 1 ,Fwd,FF,,28,2,66,,2,8.81,,,,,,,,,,,,,,,,,,,,,,,,8.81,-,,,,,,,,,,,,,,,,,,,,,,,,,-,-,,,,,,,,,,,,,,,,,,,,,,,,,
,04-22-2015,04:36:22, Lane 1 ,Fwd,FF,,29,3,61,,2,12.00,,,,,,,,,,,,,,,,,,,,,,,,12.00,-,,,,,,,,,,,,,,,,,,,,,,,,,-,-,,,,,,,,,,,,,,,,,,,,,,,,,
,04-22-2015,04:38:25, Lane 1 ,Fwd,FF,,30,2,62,,2,8.91,,,,,,,,,,,,,,,,,,,,,,,,8.91,-,,,,,,,,,,,,,,,,,,,,,,,,,-,-,,,,,,,,,,,,,,,,,,,,,,,,,
,04-22-2015,04:39:00, Lane 1 ,Fwd,FF,,31,3,58,,2,10.31,,,,,,,,,,,,,,,,,,,,,,,,10.31,-,,,,,,,,,,,,,,,,,,,,,,,,,-,-,,,,,,,,,,,,,,,,,,,,,,,,,
,04-22-2015,04:40:03, Lane 1 ,Fwd,FF,,32,2,61,,2,9.33,,,,,,,,,,,,,,,,,,,,,,,,9.33,-,,,,,,,,,,,,,,,,,,,,,,,,,-,-,,,,,,,,,,,,,,,,,,,,,,,,,
,04-22-2015,04:40:23, Lane 1 ,Fwd,FF,,33,2,66,,2,9.97,,,,,,,,,,,,,,,,,,,,,,,,9.97,-,,,,,,,,,,,,,,,,,,,,,,,,,-,-,,,,,,,,,,,,,,,,,,,,,,,,,
,04-22-2015,04:41:32, Lane 1 ,Fwd,FF,,34,3,62,,2,11.55,,,,,,,,,,,,,,,,,,,,,,,,11.55,-,,,,,,,,,,,,,,,,,,,,,,,,,-,-,,,,,,,,,,,,,,,,,,,,,,,,,
,04-22-2015,04:43:14, Lane 1 ,Fwd,FF,,35,2,84,,2,9.16,,,,,,,,,,,,,,,,,,,,,,,,9.16,-,,,,,,,,,,,,,,,,,,,,,,,,,-,-,,,,,,,,,,,,,,,,,,,,,,,,,
,04-22-2015,04:43:55, Lane 1 ,Fwd,FF,,36,3,73,,3,11.79,16.72,,,,,,,,,,,,,,,,,,,,,,,28.51,-,,,,,,,,,,,,,,,,,,,,,,,,,-,-,,,,,,,,,,,,,,,,,,,,,,,,,
,04-22-2015,04:45:54, Lane 1 ,Fwd,FF,,37,5,55,,2,14.48,,,,,,,,,,,,,,,,,,,,,,,,14.48,-,,,,,,,,,,,,,,,,,,,,,,,,,-,-,,,,,,,,,,,,,,,,,,,,,,,,,
,04-22-2015,04:46:44, Lane 1 ,Fwd,FF,,38,2,60,,2,8.56,,,,,,,,,,,,,,,,,,,,,,,,8.56,-,,,,,,,,,,,,,,,,,,,,,,,,,-,-,,,,,,,,,,,,,,,,,,,,,,,,,
,04-22-2015,04:48:04, Lane 1 ,Fwd,FF,,39,2,69,,2,9.38,,,,,,,,,,,,,,,,,,,,,,,,9.38,-,,,,,,,,,,,,,,,,,,,,,,,,,-,-,,,,,,,,,,,,,,,,,,,,,,,,,
,04-22-2015,04:50:06, Lane 1 ,Fwd,FF,,40,2,75,,2,8.81,,,,,,,,,,,,,,,,,,,,,,,,8.81,-,,,,,,,,,,,,,,,,,,,,,,,,,-,-,,,,,,,,,,,,,,,,,,,,,,,,,
,04-22-2015,04:50:25, Lane 1 ,Fwd,FF,,41,2,57,,2,8.59,,,,,,,,,,,,,,,,,,,,,,,,8.59,-,,,,,,,,,,,,,,,,,,,,,,,,,-,-,,,,,,,,,,,,,,,,,,,,,,,,,
,04-22-2015,04:51:37, Lane 1 ,Fwd,FF,,42,3,64,,2,11.44,,,,,,,,,,,,,,,,,,,,,,,,11.44,-,,,,,,,,,,,,,,,,,,,,,,,,,-,-,,,,,,,,,,,,,,,,,,,,,,,,,
,04-22-2015,04:51:58, Lane 1 ,Fwd,FF,,43,2,64,,2,8.69,,,,,,,,,,,,,,,,,,,,,,,,8.69,-,,,,,,,,,,,,,,,,,,,,,,,,,-,-,,,,,,,,,,,,,,,,,,,,,,,,,
,04-22-2015,04:53:21, Lane 1 ,Fwd,FF,,44,9,63,,5,16.67,4.22,34.72,4.03,,,,,,,,,,,,,,,,,,,,,59.64,-,,,,,,,,,,,,,,,,,,,,,,,,,-,-,,,,,,,,,,,,,,,,,,,,,,,,,
,04-22-2015,04:55:24, Lane 1 ,Fwd,FF,,45,2,72,,2,8.74,,,,,,,,,,,,,,,,,,,,,,,,8.74,-,,,,,,,,,,,,,,,,,,,,,,,,,-,-,,,,,,,,,,,,,,,,,,,,,,,,,
,04-22-2015,04:56:39, Lane 1 ,Fwd,FF,,46,2,59,,2,8.12,,,,,,,,,,,,,,,,,,,,,,,,8.12,-,,,,,,,,,,,,,,,,,,,,,,,,,-,-,,,,,,,,,,,,,,,,,,,,,,,,,
,04-22-2015,04:58:26, Lane 1 ,Fwd,FF,,47,3,63,,2,10.61,,,,,,,,,,,,,,,,,,,,,,,,10.61,-,,,,,,,,,,,,,,,,,,,,,,,,,-,-,,,,,,,,,,,,,,,,,,,,,,,,,
,04-22-2015,04:58:34, Lane 1 ,Fwd,FF,,48,2,72,,2,8.39,,,,,,,,,,,,,,,,,,,,,,,,8.39,-,,,,,,,,,,,,,,,,,,,,,,,,,-,-,,,,,,,,,,,,,,,,,,,,,,,,,
,04-22-2015,05:01:08, Lane 1 ,Fwd,FF,,1,3,63,,2,11.26,,,,,,,,,,,,,,,,,,,,,,,,11.26,-,,,,,,,,,,,,,,,,,,,,,,,,,-,-,,,,,,,,,,,,,,,,,,,,,,,,,
,04-22-2015,05:01:23, Lane 1 ,Fwd,FF,,2,2,58,,2,8.91,,,,,,,,,,,,,,,,,,,,,,,,8.91,-,,,,,,,,,,,,,,,,,,,,,,,,,-,-,,,,,,,,,,,,,,,,,,,,,,,,,
,04-22-2015,05:03:05, Lane 1 ,Fwd,FF,,3,3,62,,2,11.37,,,,,,,,,,,,,,,,,,,,,,,,11.37,-,,,,,,,,,,,,,,,,,,,,,,,,,-,-,,,,,,,,,,,,,,,,,,,,,,,,,
,04-22-2015,05:03:09, Lane 1 ,Fwd,FF,,4,2,58,,2,8.62,,,,,,,,,,,,,,,,,,,,,,,,8.62,-,,,,,,,,,,,,,,,,,,,,,,,,,-,-,,,,,,,,,,,,,,,,,,,,,,,,,
,04-22-2015,05:03:13, Lane 1 ,Fwd,FF,,5,2,63,,2,8.46,,,,,,,,,,,,,,,,,,,,,,,,8.46,-,,,,,,,,,,,,,,,,,,,,,,,,,-,-,,,,,,,,,,,,,,,,,,,,,,,,,
,04-22-2015,05:04:45, Lane 1 ,Fwd,FF,,6,2,54,,2,7.69,,,,,,,,,,,,,,,,,,,,,,,,7.69,-,,,,,,,,,,,,,,,,,,,,,,,,,-,-,,,,,,,,,,,,,,,,,,,,,,,,,
,04-22-2015,05:05:43, Lane 1 ,Fwd,FF,,7,2,69,,2,8.65,,,,,,,,,,,,,,,,,,,,,,,,8.65,-,,,,,,,,,,,,,,,,,,,,,,,,,-,-,,,,,,,,,,,,,,,,,,,,,,,,,
,04-22-2015,05:05:47, Lane 1 ,Fwd,FF,,8,2,72,,2,8.95,,,,,,,,,,,,,,,,,,,,,,,,8.95,-,,,,,,,,,,,,,,,,,,,,,,,,,-,-,,,,,,,,,,,,,,,,,,,,,,,,,
,04-22-2015,05:05:58, Lane 1 ,Fwd,FF,,9,3,66,,2,11.71,,,,,,,,,,,,,,,,,,,,,,,,11.71,-,,,,,,,,,,,,,,,,,,,,,,,,,-,-,,,,,,,,,,,,,,,,,,,,,,,,,
,04-22-2015,05:06:42, Lane 1 ,Fwd,FF,,10,2,64,,2,8.53,,,,,,,,,,,,,,,,,,,,,,,,8.53,-,,,,,,,,,,,,,,,,,,,,,,,,,-,-,,,,,,,,,,,,,,,,,,,,,,,,,
,04-22-2015,05:07:49, Lane 1 ,Fwd,FF,,11,2,63,,2,9.25,,,,,,,,,,,,,,,,,,,,,,,,9.25,-,,,,,,,,,,,,,,,,,,,,,,,,,-,-,,,,,,,,,,,,,,,,,,,,,,,,,
,04-22-2015,05:08:00, Lane 1 ,Fwd,FF,,12,2,67,,2,9.05,,,,,,,,,,,,,,,,,,,,,,,,9.05,-,,,,,,,,,,,,,,,,,,,,,,,,,-,-,,,,,,,,,,,,,,,,,,,,,,,,,
,04-22-2015,05:08:14, Lane 1 ,Fwd,FF,,13,2,71,,2,9.83,,,,,,,,,,,,,,,,,,,,,,,,9.83,-,,,,,,,,,,,,,,,,,,,,,,,,,-,-,,,,,,,,,,,,,,,,,,,,,,,,,
,04-22-2015,05:08:15, Lane 1 ,Fwd,FF,,14,2,68,,2,9.80,,,,,,,,,,,,,,,,,,,,,,,,9.80,-,,,,,,,,,,,,,,,,,,,,,,,,,-,-,,,,,,,,,,,,,,,,,,,,,,,,,
,04-22-2015,05:08:26, Lane 1 ,Fwd,FF,,15,4,64,,3,20.07,4.22,,,,,,,,,,,,,,,,,,,,,,,24.29,-,,,,,,,,,,,,,,,,,,,,,,,,,-,-,,,,,,,,,,,,,,,,,,,,,,,,,
,04-22-2015,05:08:27, Lane 1 ,Fwd,FF,,16,2,65,,2,8.76,,,,,,,,,,,,,,,,,,,,,,,,8.76,-,,,,,,,,,,,,,,,,,,,,,,,,,-,-,,,,,,,,,,,,,,,,,,,,,,,,,
,04-22-2015,05:08:40, Lane 1 ,Fwd,FF,,17,2,60,,2,8.21,,,,,,,,,,,,,,,,,,,,,,,,8.21,-,,,,,,,,,,,,,,,,,,,,,,,,,-,-,,,,,,,,,,,,,,,,,,,,,,,,,
,04-22-2015,05:08:51, Lane 1 ,Fwd,FF,,18,3,61,,2,11.82,,,,,,,,,,,,,,,,,,,,,,,,11.82,-,,,,,,,,,,,,,,,,,,,,,,,,,-,-,,,,,,,,,,,,,,,,,,,,,,,,,
,04-22-2015,05:10:01, Lane 1 ,Fwd,FF,,19,2,58,,2,8.43,,,,,,,,,,,,,,,,,,,,,,,,8.43,-,,,,,,,,,,,,,,,,,,,,,,,,,-,-,,,,,,,,,,,,,,,,,,,,,,,,,
,04-22-2015,05:10:08, Lane 1 ,Fwd,FF,,20,2,58,,2,8.23,,,,,,,,,,,,,,,,,,,,,,,,8.23,-,,,,,,,,,,,,,,,,,,,,,,,,,-,-,,,,,,,,,,,,,,,,,,,,,,,,,
,04-22-2015,05:10:59, Lane 1 ,Fwd,FF,,21,2,59,,2,8.55,,,,,,,,,,,,,,,,,,,,,,,,8.55,-,,,,,,,,,,,,,,,,,,,,,,,,,-,-,,,,,,,,,,,,,,,,,,,,,,,,,
,04-22-2015,05:11:00, Lane 1 ,Fwd,FF,,22,2,59,,2,8.26,,,,,,,,,,,,,,,,,,,,,,,,8.26,-,,,,,,,,,,,,,,,,,,,,,,,,,-,-,,,,,,,,,,,,,,,,,,,,,,,,,
,04-22-2015,05:11:29, Lane 1 ,Fwd,FF,,23,2,63,,2,9.23,,,,,,,,,,,,,,,,,,,,,,,,9.23,-,,,,,,,,,,,,,,,,,,,,,,,,,-,-,,,,,,,,,,,,,,,,,,,,,,,,,
,04-22-2015,05:11:54, Lane 1 ,Fwd,FF,,24,2,62,,2,8.73,,,,,,,,,,,,,,,,,,,,,,,,8.73,-,,,,,,,,,,,,,,,,,,,,,,,,,-,-,,,,,,,,,,,,,,,,,,,,,,,,,
,04-22-2015,05:13:37, Lane 1 ,Fwd,FF,,25,2,59,,2,8.55,,,,,,,,,,,,,,,,,,,,,,,,8.55,-,,,,,,,,,,,,,,,,,,,,,,,,,-,-,,,,,,,,,,,,,,,,,,,,,,,,,
,04-22-2015,05:14:33, Lane 1 ,Fwd,FF,,26,2,63,,2,8.93,,,,,,,,,,,,,,,,,,,,,,,,8.93,-,,,,,,,,,,,,,,,,,,,,,,,,,-,-,,,,,,,,,,,,,,,,,,,,,,,,,
,04-22-2015,05:14:54, Lane 1 ,Fwd,FF,,27,2,63,,2,9.58,,,,,,,,,,,,,,,,,,,,,,,,9.58,-,,,,,,,,,,,,,,,,,,,,,,,,,-,-,,,,,,,,,,,,,,,,,,,,,,,,,
,04-22-2015,05:15:31, Lane 1 ,Fwd,FF,,28,9,59,,5,12.69,4.23,30.31,3.97,,,,,,,,,,,,,,,,,,,,,51.20,-,,,,,,,,,,,,,,,,,,,,,,,,,-,-,,,,,,,,,,,,,,,,,,,,,,,,,
,04-22-2015,05:15:33, Lane 1 ,Fwd,FF,,29,2,65,,2,9.90,,,,,,,,,,,,,,,,,,,,,,,,9.90,-,,,,,,,,,,,,,,,,,,,,,,,,,-,-,,,,,,,,,,,,,,,,,,,,,,,,,
,04-22-2015,05:15:41, Lane 1 ,Fwd,FF,,30,2,82,,2,9.00,,,,,,,,,,,,,,,,,,,,,,,,9.00,-,,,,,,,,,,,,,,,,,,,,,,,,,-,-,,,,,,,,,,,,,,,,,,,,,,,,,
,04-22-2015,05:15:48, Lane 1 ,Fwd,FF,,31,2,73,,2,8.89,,,,,,,,,,,,,,,,,,,,,,,,8.89,-,,,,,,,,,,,,,,,,,,,,,,,,,-,-,,,,,,,,,,,,,,,,,,,,,,,,,
,04-22-2015,05:15:56, Lane 1 ,Fwd,FF,,32,9,61,,5,16.03,4.21,28.21,4.30,,,,,,,,,,,,,,,,,,,,,52.75,-,,,,,,,,,,,,,,,,,,,,,,,,,-,-,,,,,,,,,,,,,,,,,,,,,,,,,
,04-22-2015,05:16:00, Lane 1 ,Fwd,FF,,33,4,62,,2,20.73,,,,,,,,,,,,,,,,,,,,,,,,20.73,-,,,,,,,,,,,,,,,,,,,,,,,,,-,-,,,,,,,,,,,,,,,,,,,,,,,,,
,04-22-2015,05:16:13, Lane 1 ,Fwd,FF,,34,2,61,,2,8.71,,,,,,,,,,,,,,,,,,,,,,,,8.71,-,,,,,,,,,,,,,,,,,,,,,,,,,-,-,,,,,,,,,,,,,,,,,,,,,,,,,
,04-22-2015,05:16:23, Lane 1 ,Fwd,FF,,35,3,64,,2,11.43,,,,,,,,,,,,,,,,,,,,,,,,11.43,-,,,,,,,,,,,,,,,,,,,,,,,,,-,-,,,,,,,,,,,,,,,,,,,,,,,,,
,04-22-2015,05:17:23, Lane 1 ,Fwd,FF,,36,2,67,,2,8.85,,,,,,,,,,,,,,,,,,,,,,,,8.85,-,,,,,,,,,,,,,,,,,,,,,,,,,-,-,,,,,,,,,,,,,,,,,,,,,,,,,
,04-22-2015,05:18:32, Lane 1 ,Fwd,FF,,37,2,57,,2,8.75,,,,,,,,,,,,,,,,,,,,,,,,8.75,-,,,,,,,,,,,,,,,,,,,,,,,,,-,-,,,,,,,,,,,,,,,,,,,,,,,,,
,04-22-2015,05:18:33, Lane 1 ,Fwd,FF,,38,2,65,,2,8.57,,,,,,,,,,,,,,,,,,,,,,,,8.57,-,,,,,,,,,,,,,,,,,,,,,,,,,-,-,,,,,,,,,,,,,,,,,,,,,,,,,
,04-22-2015,05:18:41, Lane 1 ,Fwd,FF,,39,2,60,,2,8.67,,,,,,,,,,,,,,,,,,,,,,,,8.67,-,,,,,,,,,,,,,,,,,,,,,,,,,-,-,,,,,,,,,,,,,,,,,,,,,,,,,
,04-22-2015,05:18:51, Lane 1 ,Fwd,FF,,40,2,63,,2,8.24,,,,,,,,,,,,,,,,,,,,,,,,8.24,-,,,,,,,,,,,,,,,,,,,,,,,,,-,-,,,,,,,,,,,,,,,,,,,,,,,,,
,04-22-2015,05:18:52, Lane 1 ,Fwd,FF,,41,2,76,,2,9.22,,,,,,,,,,,,,,,,,,,,,,,,9.22,-,,,,,,,,,,,,,,,,,,,,,,,,,-,-,,,,,,,,,,,,,,,,,,,,,,,,,
,04-22-2015,05:19:09, Lane 1 ,Fwd,FF,,42,3,58,,2,12.17,,,,,,,,,,,,,,,,,,,,,,,,12.17,-,,,,,,,,,,,,,,,,,,,,,,,,,-,-,,,,,,,,,,,,,,,,,,,,,,,,,
,04-22-2015,05:19:10, Lane 1 ,Fwd,FF,,43,2,58,,2,8.77,,,,,,,,,,,,,,,,,,,,,,,,8.77,-,,,,,,,,,,,,,,,,,,,,,,,,,-,-,,,,,,,,,,,,,,,,,,,,,,,,,
,04-22-2015,05:19:16, Lane 1 ,Fwd,FF,,44,3,61,,2,11.56,,,,,,,,,,,,,,,,,,,,,,,,11.56,-,,,,,,,,,,,,,,,,,,,,,,,,,-,-,,,,,,,,,,,,,,,,,,,,,,,,,
,04-22-2015,05:19:18, Lane 1 ,Fwd,FF,,45,2,62,,2,9.09,,,,,,,,,,,,,,,,,,,,,,,,9.09,-,,,,,,,,,,,,,,,,,,,,,,,,,-,-,,,,,,,,,,,,,,,,,,,,,,,,,
,04-22-2015,05:19:28, Lane 1 ,Fwd,FF,,46,2,63,,2,9.21,,,,,,,,,,,,,,,,,,,,,,,,9.21,-,,,,,,,,,,,,,,,,,,,,,,,,,-,-,,,,,,,,,,,,,,,,,,,,,,,,,
,04-22-2015,05:19:29, Lane 1 ,Fwd,FF,,47,2,70,,2,8.72,,,,,,,,,,,,,,,,,,,,,,,,8.72,-,,,,,,,,,,,,,,,,,,,,,,,,,-,-,,,,,,,,,,,,,,,,,,,,,,,,,
,04-22-2015,05:19:46, Lane 1 ,Fwd,FF,,48,3,60,,2,11.83,,,,,,,,,,,,,,,,,,,,,,,,11.83,-,,,,,,,,,,,,,,,,,,,,,,,,,-,-,,,,,,,,,,,,,,,,,,,,,,,,,
,04-22-2015,05:21:01, Lane 1 ,Fwd,FF,,49,2,53,,2,8.81,,,,,,,,,,,,,,,,,,,,,,,,8.81,-,,,,,,,,,,,,,,,,,,,,,,,,,-,-,,,,,,,,,,,,,,,,,,,,,,,,,
,04-22-2015,05:21:02, Lane 1 ,Fwd,FF,,50,2,53,,2,8.52,,,,,,,,,,,,,,,,,,,,,,,,8.52,-,,,,,,,,,,,,,,,,,,,,,,,,,-,-,,,,,,,,,,,,,,,,,,,,,,,,,
,04-22-2015,05:21:13, Lane 1 ,Fwd,FF,,51,3,71,,2,12.84,,,,,,,,,,,,,,,,,,,,,,,,12.84,-,,,,,,,,,,,,,,,,,,,,,,,,,-,-,,,,,,,,,,,,,,,,,,,,,,,,,
,04-22-2015,05:21:36, Lane 1 ,Fwd,FF,,52,2,57,,2,8.48,,,,,,,,,,,,,,,,,,,,,,,,8.48,-,,,,,,,,,,,,,,,,,,,,,,,,,-,-,,,,,,,,,,,,,,,,,,,,,,,,,
,04-22-2015,05:23:35, Lane 1 ,Fwd,FF,,53,2,63,,2,8.95,,,,,,,,,,,,,,,,,,,,,,,,8.95,-,,,,,,,,,,,,,,,,,,,,,,,,,-,-,,,,,,,,,,,,,,,,,,,,,,,,,
,04-22-2015,05:23:36, Lane 1 ,Fwd,FF,,54,2,61,,2,8.78,,,,,,,,,,,,,,,,,,,,,,,,8.78,-,,,,,,,,,,,,,,,,,,,,,,,,,-,-,,,,,,,,,,,,,,,,,,,,,,,,,
,04-22-2015,05:23:41, Lane 1 ,Fwd,FF,,55,3,55,,2,10.46,,,,,,,,,,,,,,,,,,,,,,,,10.46,-,,,,,,,,,,,,,,,,,,,,,,,,,-,-,,,,,,,,,,,,,,,,,,,,,,,,,
,04-22-2015,05:23:44, Lane 1 ,Fwd,FF,,56,2,56,,2,8.80,,,,,,,,,,,,,,,,,,,,,,,,8.80,-,,,,,,,,,,,,,,,,,,,,,,,,,-,-,,,,,,,,,,,,,,,,,,,,,,,,,
,04-22-2015,05:23:47, Lane 1 ,Fwd,FF,,57,2,64,,2,8.63,,,,,,,,,,,,,,,,,,,,,,,,8.63,-,,,,,,,,,,,,,,,,,,,,,,,,,-,-,,,,,,,,,,,,,,,,,,,,,,,,,
,04-22-2015,05:24:07, Lane 1 ,Fwd,FF,,58,2,61,,2,8.60,,,,,,,,,,,,,,,,,,,,,,,,8.60,-,,,,,,,,,,,,,,,,,,,,,,,,,-,-,,,,,,,,,,,,,,,,,,,,,,,,,
,04-22-2015,05:24:08, Lane 1 ,Fwd,FF,,59,3,63,,2,10.72,,,,,,,,,,,,,,,,,,,,,,,,10.72,-,,,,,,,,,,,,,,,,,,,,,,,,,-,-,,,,,,,,,,,,,,,,,,,,,,,,,
,04-22-2015,05:24:09, Lane 1 ,Fwd,FF,,60,3,63,,2,10.61,,,,,,,,,,,,,,,,,,,,,,,,10.61,-,,,,,,,,,,,,,,,,,,,,,,,,,-,-,,,,,,,,,,,,,,,,,,,,,,,,,
,04-22-2015,05:24:12, Lane 1 ,Fwd,FF,,61,2,65,,2,8.57,,,,,,,,,,,,,,,,,,,,,,,,8.57,-,,,,,,,,,,,,,,,,,,,,,,,,,-,-,,,,,,,,,,,,,,,,,,,,,,,,,
,04-22-2015,05:24:22, Lane 1 ,Fwd,FF,,62,2,61,,2,8.89,,,,,,,,,,,,,,,,,,,,,,,,8.89,-,,,,,,,,,,,,,,,,,,,,,,,,,-,-,,,,,,,,,,,,,,,,,,,,,,,,,
,04-22-2015,05:24:23, Lane 1 ,Fwd,FF,,63,2,64,,2,9.07,,,,,,,,,,,,,,,,,,,,,,,,9.07,-,,,,,,,,,,,,,,,,,,,,,,,,,-,-,,,,,,,,,,,,,,,,,,,,,,,,,
,04-22-2015,05:24:50, Lane 1 ,Fwd,FF,,64,2,76,,2,8.56,,,,,,,,,,,,,,,,,,,,,,,,8.56,-,,,,,,,,,,,,,,,,,,,,,,,,,-,-,,,,,,,,,,,,,,,,,,,,,,,,,
,04-22-2015,05:25:07, Lane 1 ,Fwd,FF,,65,3,68,,2,12.99,,,,,,,,,,,,,,,,,,,,,,,,12.99,-,,,,,,,,,,,,,,,,,,,,,,,,,-,-,,,,,,,,,,,,,,,,,,,,,,,,,
,04-22-2015,05:25:09, Lane 1 ,Fwd,FF,,66,2,67,,2,8.98,,,,,,,,,,,,,,,,,,,,,,,,8.98,-,,,,,,,,,,,,,,,,,,,,,,,,,-,-,,,,,,,,,,,,,,,,,,,,,,,,,
,04-22-2015,05:25:10, Lane 1 ,Fwd,FF,,67,3,66,,2,11.91,,,,,,,,,,,,,,,,,,,,,,,,11.91,-,,,,,,,,,,,,,,,,,,,,,,,,,-,-,,,,,,,,,,,,,,,,,,,,,,,,,
,04-22-2015,05:25:18, Lane 1 ,Fwd,FF,,68,2,71,,2,9.08,,,,,,,,,,,,,,,,,,,,,,,,9.08,-,,,,,,,,,,,,,,,,,,,,,,,,,-,-,,,,,,,,,,,,,,,,,,,,,,,,,
,04-22-2015,05:25:42, Lane 1 ,Fwd,FF,,69,3,71,,2,11.69,,,,,,,,,,,,,,,,,,,,,,,,11.69,-,,,,,,,,,,,,,,,,,,,,,,,,,-,-,,,,,,,,,,,,,,,,,,,,,,,,,
,04-22-2015,05:25:43, Lane 1 ,Fwd,FF,,70,2,69,,2,8.77,,,,,,,,,,,,,,,,,,,,,,,,8.77,-,,,,,,,,,,,,,,,,,,,,,,,,,-,-,,,,,,,,,,,,,,,,,,,,,,,,,
,04-22-2015,05:26:46, Lane 1 ,Fwd,FF,,71,5,63,,2,13.47,,,,,,,,,,,,,,,,,,,,,,,,13.47,-,,,,,,,,,,,,,,,,,,,,,,,,,-,-,,,,,,,,,,,,,,,,,,,,,,,,,
,04-22-2015,05:26:48, Lane 1 ,Fwd,FF,,72,2,78,,2,8.57,,,,,,,,,,,,,,,,,,,,,,,,8.57,-,,,,,,,,,,,,,,,,,,,,,,,,,-,-,,,,,,,,,,,,,,,,,,,,,,,,,
,04-22-2015,05:26:51, Lane 1 ,Fwd,FF,,73,2,63,,2,8.59,,,,,,,,,,,,,,,,,,,,,,,,8.59,-,,,,,,,,,,,,,,,,,,,,,,,,,-,-,,,,,,,,,,,,,,,,,,,,,,,,,
,04-22-2015,05:26:57, Lane 1 ,Fwd,FF,,74,9,69,,5,12.81,4.24,31.26,3.83,,,,,,,,,,,,,,,,,,,,,52.14,-,,,,,,,,,,,,,,,,,,,,,,,,,-,-,,,,,,,,,,,,,,,,,,,,,,,,,
,04-22-2015,05:26:59, Lane 1 ,Fwd,FF,,75,2,66,,2,8.81,,,,,,,,,,,,,,,,,,,,,,,,8.81,-,,,,,,,,,,,,,,,,,,,,,,,,,-,-,,,,,,,,,,,,,,,,,,,,,,,,,
,04-22-2015,05:27:01, Lane 1 ,Fwd,FF,,76,2,66,,2,8.71,,,,,,,,,,,,,,,,,,,,,,,,8.71,-,,,,,,,,,,,,,,,,,,,,,,,,,-,-,,,,,,,,,,,,,,,,,,,,,,,,,
,04-22-2015,05:27:05, Lane 1 ,Fwd,FF,,77,2,68,,2,8.50,,,,,,,,,,,,,,,,,,,,,,,,8.50,-,,,,,,,,,,,,,,,,,,,,,,,,,-,-,,,,,,,,,,,,,,,,,,,,,,,,,
,04-22-2015,05:27:23, Lane 1 ,Fwd,FF,,78,2,54,,2,8.37,,,,,,,,,,,,,,,,,,,,,,,,8.37,-,,,,,,,,,,,,,,,,,,,,,,,,,-,-,,,,,,,,,,,,,,,,,,,,,,,,,
,04-22-2015,05:27:49, Lane 1 ,Fwd,FF,,79,2,62,,2,9.20,,,,,,,,,,,,,,,,,,,,,,,,9.20,-,,,,,,,,,,,,,,,,,,,,,,,,,-,-,,,,,,,,,,,,,,,,,,,,,,,,,
,04-22-2015,05:28:22, Lane 1 ,Fwd,FF,,80,2,58,,2,9.04,,,,,,,,,,,,,,,,,,,,,,,,9.04,-,,,,,,,,,,,,,,,,,,,,,,,,,-,-,,,,,,,,,,,,,,,,,,,,,,,,,
,04-22-2015,05:28:26, Lane 1 ,Fwd,FF,,81,2,59,,2,9.22,,,,,,,,,,,,,,,,,,,,,,,,9.22,-,,,,,,,,,,,,,,,,,,,,,,,,,-,-,,,,,,,,,,,,,,,,,,,,,,,,,
,04-22-2015,05:28:32, Lane 1 ,Fwd,FF,,82,2,59,,2,8.61,,,,,,,,,,,,,,,,,,,,,,,,8.61,-,,,,,,,,,,,,,,,,,,,,,,,,,-,-,,,,,,,,,,,,,,,,,,,,,,,,,
,04-22-2015,05:28:33, Lane 1 ,Fwd,FF,,83,2,59,,2,8.78,,,,,,,,,,,,,,,,,,,,,,,,8.78,-,,,,,,,,,,,,,,,,,,,,,,,,,-,-,,,,,,,,,,,,,,,,,,,,,,,,,
,04-22-2015,05:29:19, Lane 1 ,Fwd,FF,,84,3,66,,2,11.52,,,,,,,,,,,,,,,,,,,,,,,,11.52,-,,,,,,,,,,,,,,,,,,,,,,,,,-,-,,,,,,,,,,,,,,,,,,,,,,,,,
,04-22-2015,05:29:25, Lane 1 ,Fwd,FF,,85,2,66,,2,9.00,,,,,,,,,,,,,,,,,,,,,,,,9.00,-,,,,,,,,,,,,,,,,,,,,,,,,,-,-,,,,,,,,,,,,,,,,,,,,,,,,,
,04-22-2015,05:29:28, Lane 1 ,Fwd,FF,,86,2,62,,2,8.73,,,,,,,,,,,,,,,,,,,,,,,,8.73,-,,,,,,,,,,,,,,,,,,,,,,,,,-,-,,,,,,,,,,,,,,,,,,,,,,,,,
,04-22-2015,05:30:15, Lane 1 ,Fwd,FF,,87,2,56,,2,8.77,,,,,,,,,,,,,,,,,,,,,,,,8.77,-,,,,,,,,,,,,,,,,,,,,,,,,,-,-,,,,,,,,,,,,,,,,,,,,,,,,,
,04-22-2015,05:30:24, Lane 1 ,Fwd,FF,,88,2,61,,2,8.18,,,,,,,,,,,,,,,,,,,,,,,,8.18,-,,,,,,,,,,,,,,,,,,,,,,,,,-,-,,,,,,,,,,,,,,,,,,,,,,,,,
,04-22-2015,05:30:45, Lane 1 ,Fwd,FF,,89,2,56,,2,9.23,,,,,,,,,,,,,,,,,,,,,,,,9.23,-,,,,,,,,,,,,,,,,,,,,,,,,,-,-,,,,,,,,,,,,,,,,,,,,,,,,,
,04-22-2015,05:31:00, Lane 1 ,Fwd,FF,,90,2,67,,2,8.10,,,,,,,,,,,,,,,,,,,,,,,,8.10,-,,,,,,,,,,,,,,,,,,,,,,,,,-,-,,,,,,,,,,,,,,,,,,,,,,,,,
,04-22-2015,05:31:01, Lane 1 ,Fwd,FF,,91,2,68,,2,8.93,,,,,,,,,,,,,,,,,,,,,,,,8.93,-,,,,,,,,,,,,,,,,,,,,,,,,,-,-,,,,,,,,,,,,,,,,,,,,,,,,,
,04-22-2015,05:31:02, Lane 1 ,Fwd,FF,,92,2,68,,2,7.64,,,,,,,,,,,,,,,,,,,,,,,,7.64,-,,,,,,,,,,,,,,,,,,,,,,,,,-,-,,,,,,,,,,,,,,,,,,,,,,,,,
,04-22-2015,05:31:09, Lane 1 ,Fwd,FF,,93,2,68,,2,8.53,,,,,,,,,,,,,,,,,,,,,,,,8.53,-,,,,,,,,,,,,,,,,,,,,,,,,,-,-,,,,,,,,,,,,,,,,,,,,,,,,,
,04-22-2015,05:31:36, Lane 1 ,Fwd,FF,,94,2,58,,2,9.17,,,,,,,,,,,,,,,,,,,,,,,,9.17,-,,,,,,,,,,,,,,,,,,,,,,,,,-,-,,,,,,,,,,,,,,,,,,,,,,,,,
,04-22-2015,05:31:38, Lane 1 ,Fwd,FF,,95,2,60,,2,8.83,,,,,,,,,,,,,,,,,,,,,,,,8.83,-,,,,,,,,,,,,,,,,,,,,,,,,,-,-,,,,,,,,,,,,,,,,,,,,,,,,,
,04-22-2015,05:31:44, Lane 1 ,Fwd,FF,,96,2,58,,2,8.87,,,,,,,,,,,,,,,,,,,,,,,,8.87,-,,,,,,,,,,,,,,,,,,,,,,,,,-,-,,,,,,,,,,,,,,,,,,,,,,,,,
,04-22-2015,05:31:59, Lane 1 ,Fwd,FF,,97,2,63,,2,7.88,,,,,,,,,,,,,,,,,,,,,,,,7.88,-,,,,,,,,,,,,,,,,,,,,,,,,,-,-,,,,,,,,,,,,,,,,,,,,,,,,,
,04-22-2015,05:32:05, Lane 1 ,Fwd,FF,,98,3,63,,2,10.71,,,,,,,,,,,,,,,,,,,,,,,,10.71,-,,,,,,,,,,,,,,,,,,,,,,,,,-,-,,,,,,,,,,,,,,,,,,,,,,,,,
,04-22-2015,05:32:08, Lane 1 ,Fwd,FF,,99,2,66,,2,8.16,,,,,,,,,,,,,,,,,,,,,,,,8.16,-,,,,,,,,,,,,,,,,,,,,,,,,,-,-,,,,,,,,,,,,,,,,,,,,,,,,,
,04-22-2015,05:32:23, Lane 1 ,Fwd,FF,,100,2,60,,2,9.53,,,,,,,,,,,,,,,,,,,,,,,,9.53,-,,,,,,,,,,,,,,,,,,,,,,,,,-,-,,,,,,,,,,,,,,,,,,,,,,,,,
,04-22-2015,05:32:34, Lane 1 ,Fwd,FF,,101,3,57,,2,10.42,,,,,,,,,,,,,,,,,,,,,,,,10.42,-,,,,,,,,,,,,,,,,,,,,,,,,,-,-,,,,,,,,,,,,,,,,,,,,,,,,,
,04-22-2015,05:32:37, Lane 1 ,Fwd,FF,,102,2,62,,2,8.73,,,,,,,,,,,,,,,,,,,,,,,,8.73,-,,,,,,,,,,,,,,,,,,,,,,,,,-,-,,,,,,,,,,,,,,,,,,,,,,,,,
,04-22-2015,05:32:40, Lane 1 ,Fwd,FF,,103,2,62,,2,9.20,,,,,,,,,,,,,,,,,,,,,,,,9.20,-,,,,,,,,,,,,,,,,,,,,,,,,,-,-,,,,,,,,,,,,,,,,,,,,,,,,,
,04-22-2015,05:33:19, Lane 1 ,Fwd,FF,,104,3,58,,2,11.49,,,,,,,,,,,,,,,,,,,,,,,,11.49,-,,,,,,,,,,,,,,,,,,,,,,,,,-,-,,,,,,,,,,,,,,,,,,,,,,,,,
,04-22-2015,05:33:20, Lane 1 ,Fwd,FF,,105,2,58,,2,7.32,,,,,,,,,,,,,,,,,,,,,,,,7.32,-,,,,,,,,,,,,,,,,,,,,,,,,,-,-,,,,,,,,,,,,,,,,,,,,,,,,,
,04-22-2015,05:33:27, Lane 1 ,Fwd,FF,,106,3,63,,2,11.63,,,,,,,,,,,,,,,,,,,,,,,,11.63,-,,,,,,,,,,,,,,,,,,,,,,,,,-,-,,,,,,,,,,,,,,,,,,,,,,,,,
,04-22-2015,05:33:37, Lane 1 ,Fwd,FF,,107,9,59,,5,18.87,4.26,30.26,10.00,,,,,,,,,,,,,,,,,,,,,63.39,-,,,,,,,,,,,,,,,,,,,,,,,,,-,-,,,,,,,,,,,,,,,,,,,,,,,,,
,04-22-2015,05:33:40, Lane 1 ,Fwd,FF,,108,3,63,,2,11.82,,,,,,,,,,,,,,,,,,,,,,,,11.82,-,,,,,,,,,,,,,,,,,,,,,,,,,-,-,,,,,,,,,,,,,,,,,,,,,,,,,
,04-22-2015,05:34:12, Lane 1 ,Fwd,FF,,109,8,64,,3,12.66,21.75,,,,,,,,,,,,,,,,,,,,,,,34.41,-,,,,,,,,,,,,,,,,,,,,,,,,,-,-,,,,,,,,,,,,,,,,,,,,,,,,,
,04-22-2015,05:34:14, Lane 1 ,Fwd,FF,,110,3,66,,2,12.48,,,,,,,,,,,,,,,,,,,,,,,,12.48,-,,,,,,,,,,,,,,,,,,,,,,,,,-,-,,,,,,,,,,,,,,,,,,,,,,,,,
,04-22-2015,05:34:40, Lane 1 ,Fwd,FF,,111,2,58,,3,9.96,12.60,,,,,,,,,,,,,,,,,,,,,,,22.56,-,,,,,,,,,,,,,,,,,,,,,,,,,-,-,,,,,,,,,,,,,,,,,,,,,,,,,
,04-22-2015,05:35:14, Lane 1 ,Fwd,FF,,112,2,71,,2,9.70,,,,,,,,,,,,,,,,,,,,,,,,9.70,-,,,,,,,,,,,,,,,,,,,,,,,,,-,-,,,,,,,,,,,,,,,,,,,,,,,,,
,04-22-2015,05:35:48, Lane 1 ,Fwd,FF,,113,2,56,,2,8.63,,,,,,,,,,,,,,,,,,,,,,,,8.63,-,,,,,,,,,,,,,,,,,,,,,,,,,-,-,,,,,,,,,,,,,,,,,,,,,,,,,
,04-22-2015,05:35:56, Lane 1 ,Fwd,FF,,114,2,61,,2,8.42,,,,,,,,,,,,,,,,,,,,,,,,8.42,-,,,,,,,,,,,,,,,,,,,,,,,,,-,-,,,,,,,,,,,,,,,,,,,,,,,,,
,04-22-2015,05:36:25, Lane 1 ,Fwd,FF,,115,2,63,,2,8.70,,,,,,,,,,,,,,,,,,,,,,,,8.70,-,,,,,,,,,,,,,,,,,,,,,,,,,-,-,,,,,,,,,,,,,,,,,,,,,,,,,
,04-22-2015,05:36:27, Lane 1 ,Fwd,FF,,116,2,63,,2,8.34,,,,,,,,,,,,,,,,,,,,,,,,8.34,-,,,,,,,,,,,,,,,,,,,,,,,,,-,-,,,,,,,,,,,,,,,,,,,,,,,,,
,04-22-2015,05:36:33, Lane 1 ,Fwd,FF,,117,2,59,,2,9.22,,,,,,,,,,,,,,,,,,,,,,,,9.22,-,,,,,,,,,,,,,,,,,,,,,,,,,-,-,,,,,,,,,,,,,,,,,,,,,,,,,
,04-22-2015,05:36:45, Lane 1 ,Fwd,FF,,118,3,73,,3,11.79,14.79,,,,,,,,,,,,,,,,,,,,,,,26.58,-,,,,,,,,,,,,,,,,,,,,,,,,,-,-,,,,,,,,,,,,,,,,,,,,,,,,,
,04-22-2015,05:36:59, Lane 1 ,Fwd,FF,,119,2,64,,2,7.60,,,,,,,,,,,,,,,,,,,,,,,,7.60,-,,,,,,,,,,,,,,,,,,,,,,,,,-,-,,,,,,,,,,,,,,,,,,,,,,,,,
,04-22-2015,05:37:42, Lane 1 ,Fwd,FF,,120,2,59,,2,8.44,,,,,,,,,,,,,,,,,,,,,,,,8.44,-,,,,,,,,,,,,,,,,,,,,,,,,,-,-,,,,,,,,,,,,,,,,,,,,,,,,,
,04-22-2015,05:37:44, Lane 1 ,Fwd,FF,,121,2,61,,2,8.98,,,,,,,,,,,,,,,,,,,,,,,,8.98,-,,,,,,,,,,,,,,,,,,,,,,,,,-,-,,,,,,,,,,,,,,,,,,,,,,,,,
,04-22-2015,05:37:56, Lane 1 ,Fwd,FF,,122,3,60,,2,11.47,,,,,,,,,,,,,,,,,,,,,,,,11.47,-,,,,,,,,,,,,,,,,,,,,,,,,,-,-,,,,,,,,,,,,,,,,,,,,,,,,,
,04-22-2015,05:38:01, Lane 1 ,Fwd,FF,,123,2,60,,2,8.83,,,,,,,,,,,,,,,,,,,,,,,,8.83,-,,,,,,,,,,,,,,,,,,,,,,,,,-,-,,,,,,,,,,,,,,,,,,,,,,,,,
,04-22-2015,05:38:21, Lane 1 ,Fwd,FF,,124,2,62,,2,7.91,,,,,,,,,,,,,,,,,,,,,,,,7.91,-,,,,,,,,,,,,,,,,,,,,,,,,,-,-,,,,,,,,,,,,,,,,,,,,,,,,,
,04-22-2015,05:38:22, Lane 1 ,Fwd,FF,,125,3,62,,2,10.46,,,,,,,,,,,,,,,,,,,,,,,,10.46,-,,,,,,,,,,,,,,,,,,,,,,,,,-,-,,,,,,,,,,,,,,,,,,,,,,,,,
,04-22-2015,05:38:23, Lane 1 ,Fwd,FF,,126,2,63,,2,8.43,,,,,,,,,,,,,,,,,,,,,,,,8.43,-,,,,,,,,,,,,,,,,,,,,,,,,,-,-,,,,,,,,,,,,,,,,,,,,,,,,,
,04-22-2015,05:38:29, Lane 1 ,Fwd,FF,,127,9,66,,5,16.07,4.36,30.00,4.06,,,,,,,,,,,,,,,,,,,,,54.49,-,,,,,,,,,,,,,,,,,,,,,,,,,-,-,,,,,,,,,,,,,,,,,,,,,,,,,
,04-22-2015,05:39:16, Lane 1 ,Fwd,FF,,128,2,61,,2,8.80,,,,,,,,,,,,,,,,,,,,,,,,8.80,-,,,,,,,,,,,,,,,,,,,,,,,,,-,-,,,,,,,,,,,,,,,,,,,,,,,,,
,04-22-2015,05:39:17, Lane 1 ,Fwd,FF,,129,3,74,,2,11.35,,,,,,,,,,,,,,,,,,,,,,,,11.35,-,,,,,,,,,,,,,,,,,,,,,,,,,-,-,,,,,,,,,,,,,,,,,,,,,,,,,
,04-22-2015,05:39:45, Lane 1 ,Fwd,FF,,130,3,61,,2,11.91,,,,,,,,,,,,,,,,,,,,,,,,11.91,-,,,,,,,,,,,,,,,,,,,,,,,,,-,-,,,,,,,,,,,,,,,,,,,,,,,,,
,04-22-2015,05:40:24, Lane 1 ,Fwd,FF,,131,2,59,,2,8.35,,,,,,,,,,,,,,,,,,,,,,,,8.35,-,,,,,,,,,,,,,,,,,,,,,,,,,-,-,,,,,,,,,,,,,,,,,,,,,,,,,
,04-22-2015,05:41:02, Lane 1 ,Fwd,FF,,132,2,63,,2,8.68,,,,,,,,,,,,,,,,,,,,,,,,8.68,-,,,,,,,,,,,,,,,,,,,,,,,,,-,-,,,,,,,,,,,,,,,,,,,,,,,,,
,04-22-2015,05:41:35, Lane 1 ,Fwd,FF,,133,2,64,,2,8.44,,,,,,,,,,,,,,,,,,,,,,,,8.44,-,,,,,,,,,,,,,,,,,,,,,,,,,-,-,,,,,,,,,,,,,,,,,,,,,,,,,
,04-22-2015,05:41:41, Lane 1 ,Fwd,FF,,134,3,66,,2,10.94,,,,,,,,,,,,,,,,,,,,,,,,10.94,-,,,,,,,,,,,,,,,,,,,,,,,,,-,-,,,,,,,,,,,,,,,,,,,,,,,,,
,04-22-2015,05:41:45, Lane 1 ,Fwd,FF,,135,2,63,,2,8.75,,,,,,,,,,,,,,,,,,,,,,,,8.75,-,,,,,,,,,,,,,,,,,,,,,,,,,-,-,,,,,,,,,,,,,,,,,,,,,,,,,
,04-22-2015,05:42:17, Lane 1 ,Fwd,FF,,136,2,59,,2,8.52,,,,,,,,,,,,,,,,,,,,,,,,8.52,-,,,,,,,,,,,,,,,,,,,,,,,,,-,-,,,,,,,,,,,,,,,,,,,,,,,,,
,04-22-2015,05:42:40, Lane 1 ,Fwd,FF,,137,9,61,,5,16.18,4.27,31.03,4.09,,,,,,,,,,,,,,,,,,,,,55.57,-,,,,,,,,,,,,,,,,,,,,,,,,,-,-,,,,,,,,,,,,,,,,,,,,,,,,,
,04-22-2015,05:43:14, Lane 1 ,Fwd,FF,,138,3,66,,2,12.29,,,,,,,,,,,,,,,,,,,,,,,,12.29,-,,,,,,,,,,,,,,,,,,,,,,,,,-,-,,,,,,,,,,,,,,,,,,,,,,,,,
,04-22-2015,05:43:20, Lane 1 ,Fwd,FF,,139,2,59,,2,8.44,,,,,,,,,,,,,,,,,,,,,,,,8.44,-,,,,,,,,,,,,,,,,,,,,,,,,,-,-,,,,,,,,,,,,,,,,,,,,,,,,,
,04-22-2015,05:43:22, Lane 1 ,Fwd,FF,,140,2,62,,2,9.18,,,,,,,,,,,,,,,,,,,,,,,,9.18,-,,,,,,,,,,,,,,,,,,,,,,,,,-,-,,,,,,,,,,,,,,,,,,,,,,,,,
,04-22-2015,05:43:28, Lane 1 ,Fwd,FF,,141,2,58,,2,8.14,,,,,,,,,,,,,,,,,,,,,,,,8.14,-,,,,,,,,,,,,,,,,,,,,,,,,,-,-,,,,,,,,,,,,,,,,,,,,,,,,,
,04-22-2015,05:43:29, Lane 1 ,Fwd,FF,,142,2,58,,2,8.20,,,,,,,,,,,,,,,,,,,,,,,,8.20,-,,,,,,,,,,,,,,,,,,,,,,,,,-,-,,,,,,,,,,,,,,,,,,,,,,,,,
,04-22-2015,05:43:55, Lane 1 ,Fwd,FF,,143,2,60,,2,8.83,,,,,,,,,,,,,,,,,,,,,,,,8.83,-,,,,,,,,,,,,,,,,,,,,,,,,,-,-,,,,,,,,,,,,,,,,,,,,,,,,,
,04-22-2015,05:43:56, Lane 1 ,Fwd,FF,,144,2,58,,2,8.94,,,,,,,,,,,,,,,,,,,,,,,,8.94,-,,,,,,,,,,,,,,,,,,,,,,,,,-,-,,,,,,,,,,,,,,,,,,,,,,,,,
,04-22-2015,05:43:57, Lane 1 ,Fwd,FF,,145,2,58,,2,8.70,,,,,,,,,,,,,,,,,,,,,,,,8.70,-,,,,,,,,,,,,,,,,,,,,,,,,,-,-,,,,,,,,,,,,,,,,,,,,,,,,,
,04-22-2015,05:44:02, Lane 1 ,Fwd,FF,,146,2,60,,2,8.59,,,,,,,,,,,,,,,,,,,,,,,,8.59,-,,,,,,,,,,,,,,,,,,,,,,,,,-,-,,,,,,,,,,,,,,,,,,,,,,,,,
,04-22-2015,05:44:04, Lane 1 ,Fwd,FF,,147,2,60,,2,8.83,,,,,,,,,,,,,,,,,,,,,,,,8.83,-,,,,,,,,,,,,,,,,,,,,,,,,,-,-,,,,,,,,,,,,,,,,,,,,,,,,,
,04-22-2015,05:44:06, Lane 1 ,Fwd,FF,,148,3,58,,2,11.83,,,,,,,,,,,,,,,,,,,,,,,,11.83,-,,,,,,,,,,,,,,,,,,,,,,,,,-,-,,,,,,,,,,,,,,,,,,,,,,,,,
,04-22-2015,05:44:09, Lane 1 ,Fwd,FF,,149,2,62,,2,9.48,,,,,,,,,,,,,,,,,,,,,,,,9.48,-,,,,,,,,,,,,,,,,,,,,,,,,,-,-,,,,,,,,,,,,,,,,,,,,,,,,,
,04-22-2015,05:44:46, Lane 1 ,Fwd,FF,,150,3,58,,2,10.47,,,,,,,,,,,,,,,,,,,,,,,,10.47,-,,,,,,,,,,,,,,,,,,,,,,,,,-,-,,,,,,,,,,,,,,,,,,,,,,,,,
,04-22-2015,05:44:49, Lane 1 ,Fwd,FF,,151,2,59,,2,8.70,,,,,,,,,,,,,,,,,,,,,,,,8.70,-,,,,,,,,,,,,,,,,,,,,,,,,,-,-,,,,,,,,,,,,,,,,,,,,,,,,,
,04-22-2015,05:44:50, Lane 1 ,Fwd,FF,,152,1,62,,2,4.96,,,,,,,,,,,,,,,,,,,,,,,,4.96,-,,,,,,,,,,,,,,,,,,,,,,,,,-,-,,,,,,,,,,,,,,,,,,,,,,,,,
,04-22-2015,05:45:01, Lane 1 ,Fwd,FF,,153,8,63,,3,11.81,21.40,,,,,,,,,,,,,,,,,,,,,,,33.21,-,,,,,,,,,,,,,,,,,,,,,,,,,-,-,,,,,,,,,,,,,,,,,,,,,,,,,
,04-22-2015,05:45:04, Lane 1 ,Fwd,FF,,154,2,58,,2,9.17,,,,,,,,,,,,,,,,,,,,,,,,9.17,-,,,,,,,,,,,,,,,,,,,,,,,,,-,-,,,,,,,,,,,,,,,,,,,,,,,,,
,04-22-2015,05:45:29, Lane 1 ,Fwd,FF,,155,8,63,,3,11.73,20.80,,,,,,,,,,,,,,,,,,,,,,,32.53,-,,,,,,,,,,,,,,,,,,,,,,,,,-,-,,,,,,,,,,,,,,,,,,,,,,,,,
,04-22-2015,05:45:32, Lane 1 ,Fwd,FF,,156,2,64,,2,8.44,,,,,,,,,,,,,,,,,,,,,,,,8.44,-,,,,,,,,,,,,,,,,,,,,,,,,,-,-,,,,,,,,,,,,,,,,,,,,,,,,,
,04-22-2015,05:45:37, Lane 1 ,Fwd,FF,,157,2,61,,2,8.89,,,,,,,,,,,,,,,,,,,,,,,,8.89,-,,,,,,,,,,,,,,,,,,,,,,,,,-,-,,,,,,,,,,,,,,,,,,,,,,,,,
,04-22-2015,05:45:48, Lane 1 ,Fwd,FF,,158,2,64,,2,9.45,,,,,,,,,,,,,,,,,,,,,,,,9.45,-,,,,,,,,,,,,,,,,,,,,,,,,,-,-,,,,,,,,,,,,,,,,,,,,,,,,,
,04-22-2015,05:46:07, Lane 1 ,Fwd,FF,,159,3,68,,2,10.40,,,,,,,,,,,,,,,,,,,,,,,,10.40,-,,,,,,,,,,,,,,,,,,,,,,,,,-,-,,,,,,,,,,,,,,,,,,,,,,,,,
,04-22-2015,05:46:09, Lane 1 ,Fwd,FF,,160,3,66,,2,10.85,,,,,,,,,,,,,,,,,,,,,,,,10.85,-,,,,,,,,,,,,,,,,,,,,,,,,,-,-,,,,,,,,,,,,,,,,,,,,,,,,,
,04-22-2015,05:46:26, Lane 1 ,Fwd,FF,,161,2,67,,2,9.05,,,,,,,,,,,,,,,,,,,,,,,,9.05,-,,,,,,,,,,,,,,,,,,,,,,,,,-,-,,,,,,,,,,,,,,,,,,,,,,,,,
,04-22-2015,05:46:51, Lane 1 ,Fwd,FF,,162,2,61,,2,8.09,,,,,,,,,,,,,,,,,,,,,,,,8.09,-,,,,,,,,,,,,,,,,,,,,,,,,,-,-,,,,,,,,,,,,,,,,,,,,,,,,,
,04-22-2015,05:47:55, Lane 1 ,Fwd,FF,,163,2,58,,2,9.96,,,,,,,,,,,,,,,,,,,,,,,,9.96,-,,,,,,,,,,,,,,,,,,,,,,,,,-,-,,,,,,,,,,,,,,,,,,,,,,,,,
,04-22-2015,05:47:57, Lane 1 ,Fwd,FF,,164,2,63,,2,8.59,,,,,,,,,,,,,,,,,,,,,,,,8.59,-,,,,,,,,,,,,,,,,,,,,,,,,,-,-,,,,,,,,,,,,,,,,,,,,,,,,,
,04-22-2015,05:48:49, Lane 1 ,Fwd,FF,,165,3,56,,3,12.82,15.92,,,,,,,,,,,,,,,,,,,,,,,28.74,-,,,,,,,,,,,,,,,,,,,,,,,,,-,-,,,,,,,,,,,,,,,,,,,,,,,,,
,04-22-2015,05:48:54, Lane 1 ,Fwd,FF,,166,3,58,,2,10.73,,,,,,,,,,,,,,,,,,,,,,,,10.73,-,,,,,,,,,,,,,,,,,,,,,,,,,-,-,,,,,,,,,,,,,,,,,,,,,,,,,
,04-22-2015,05:48:55, Lane 1 ,Fwd,FF,,167,2,57,,2,8.59,,,,,,,,,,,,,,,,,,,,,,,,8.59,-,,,,,,,,,,,,,,,,,,,,,,,,,-,-,,,,,,,,,,,,,,,,,,,,,,,,,
,04-22-2015,05:49:10, Lane 1 ,Fwd,FF,,168,3,61,,2,11.74,,,,,,,,,,,,,,,,,,,,,,,,11.74,-,,,,,,,,,,,,,,,,,,,,,,,,,-,-,,,,,,,,,,,,,,,,,,,,,,,,,
,04-22-2015,05:49:18, Lane 1 ,Fwd,FF,,169,3,57,,2,11.83,,,,,,,,,,,,,,,,,,,,,,,,11.83,-,,,,,,,,,,,,,,,,,,,,,,,,,-,-,,,,,,,,,,,,,,,,,,,,,,,,,
,04-22-2015,05:49:19, Lane 1 ,Fwd,FF,,170,2,64,,2,8.63,,,,,,,,,,,,,,,,,,,,,,,,8.63,-,,,,,,,,,,,,,,,,,,,,,,,,,-,-,,,,,,,,,,,,,,,,,,,,,,,,,
,04-22-2015,05:49:23, Lane 1 ,Fwd,FF,,171,3,63,,2,11.91,,,,,,,,,,,,,,,,,,,,,,,,11.91,-,,,,,,,,,,,,,,,,,,,,,,,,,-,-,,,,,,,,,,,,,,,,,,,,,,,,,
,04-22-2015,05:49:52, Lane 1 ,Fwd,FF,,172,9,58,,5,12.00,4.23,30.26,4.40,,,,,,,,,,,,,,,,,,,,,50.89,-,,,,,,,,,,,,,,,,,,,,,,,,,-,-,,,,,,,,,,,,,,,,,,,,,,,,,
,04-22-2015,05:49:56, Lane 1 ,Fwd,FF,,173,9,58,,5,12.26,4.26,28.68,3.91,,,,,,,,,,,,,,,,,,,,,49.11,-,,,,,,,,,,,,,,,,,,,,,,,,,-,-,,,,,,,,,,,,,,,,,,,,,,,,,
,04-22-2015,05:50:00, Lane 1 ,Fwd,FF,,174,3,59,,2,11.48,,,,,,,,,,,,,,,,,,,,,,,,11.48,-,,,,,,,,,,,,,,,,,,,,,,,,,-,-,,,,,,,,,,,,,,,,,,,,,,,,,
,04-22-2015,05:50:01, Lane 1 ,Fwd,FF,,175,2,58,,2,8.94,,,,,,,,,,,,,,,,,,,,,,,,8.94,-,,,,,,,,,,,,,,,,,,,,,,,,,-,-,,,,,,,,,,,,,,,,,,,,,,,,,
,04-22-2015,05:50:05, Lane 1 ,Fwd,FF,,176,2,59,,2,8.89,,,,,,,,,,,,,,,,,,,,,,,,8.89,-,,,,,,,,,,,,,,,,,,,,,,,,,-,-,,,,,,,,,,,,,,,,,,,,,,,,,
,04-22-2015,05:50:08, Lane 1 ,Fwd,FF,,177,2,61,,2,8.09,,,,,,,,,,,,,,,,,,,,,,,,8.09,-,,,,,,,,,,,,,,,,,,,,,,,,,-,-,,,,,,,,,,,,,,,,,,,,,,,,,
,04-22-2015,05:50:18, Lane 1 ,Fwd,FF,,178,2,57,,2,8.89,,,,,,,,,,,,,,,,,,,,,,,,8.89,-,,,,,,,,,,,,,,,,,,,,,,,,,-,-,,,,,,,,,,,,,,,,,,,,,,,,,
,04-22-2015,05:50:40, Lane 1 ,Fwd,FF,,179,2,64,,2,8.53,,,,,,,,,,,,,,,,,,,,,,,,8.53,-,,,,,,,,,,,,,,,,,,,,,,,,,-,-,,,,,,,,,,,,,,,,,,,,,,,,,
,04-22-2015,05:50:41, Lane 1 ,Fwd,FF,,180,2,62,,2,9.91,,,,,,,,,,,,,,,,,,,,,,,,9.91,-,,,,,,,,,,,,,,,,,,,,,,,,,-,-,,,,,,,,,,,,,,,,,,,,,,,,,
,04-22-2015,05:50:53, Lane 1 ,Fwd,FF,,181,2,61,,2,8.53,,,,,,,,,,,,,,,,,,,,,,,,8.53,-,,,,,,,,,,,,,,,,,,,,,,,,,-,-,,,,,,,,,,,,,,,,,,,,,,,,,
,04-22-2015,05:51:14, Lane 1 ,Fwd,FF,,182,2,58,,2,9.21,,,,,,,,,,,,,,,,,,,,,,,,9.21,-,,,,,,,,,,,,,,,,,,,,,,,,,-,-,,,,,,,,,,,,,,,,,,,,,,,,,
,04-22-2015,05:51:16, Lane 1 ,Fwd,FF,,183,2,68,,2,8.90,,,,,,,,,,,,,,,,,,,,,,,,8.90,-,,,,,,,,,,,,,,,,,,,,,,,,,-,-,,,,,,,,,,,,,,,,,,,,,,,,,
,04-22-2015,05:51:33, Lane 1 ,Fwd,FF,,184,2,59,,2,8.70,,,,,,,,,,,,,,,,,,,,,,,,8.70,-,,,,,,,,,,,,,,,,,,,,,,,,,-,-,,,,,,,,,,,,,,,,,,,,,,,,,
,04-22-2015,05:51:35, Lane 1 ,Fwd,FF,,185,2,60,,2,8.94,,,,,,,,,,,,,,,,,,,,,,,,8.94,-,,,,,,,,,,,,,,,,,,,,,,,,,-,-,,,,,,,,,,,,,,,,,,,,,,,,,
,04-22-2015,05:51:38, Lane 1 ,Fwd,FF,,186,2,72,,2,8.82,,,,,,,,,,,,,,,,,,,,,,,,8.82,-,,,,,,,,,,,,,,,,,,,,,,,,,-,-,,,,,,,,,,,,,,,,,,,,,,,,,
,04-22-2015,05:52:15, Lane 1 ,Fwd,FF,,187,2,68,,2,8.53,,,,,,,,,,,,,,,,,,,,,,,,8.53,-,,,,,,,,,,,,,,,,,,,,,,,,,-,-,,,,,,,,,,,,,,,,,,,,,,,,,
,04-22-2015,05:52:17, Lane 1 ,Fwd,FF,,188,2,68,,2,8.63,,,,,,,,,,,,,,,,,,,,,,,,8.63,-,,,,,,,,,,,,,,,,,,,,,,,,,-,-,,,,,,,,,,,,,,,,,,,,,,,,,
,04-22-2015,05:53:26, Lane 1 ,Fwd,FF,,189,4,46,,2,20.61,,,,,,,,,,,,,,,,,,,,,,,,20.61,-,,,,,,,,,,,,,,,,,,,,,,,,,-,-,,,,,,,,,,,,,,,,,,,,,,,,,
,04-22-2015,05:53:28, Lane 1 ,Fwd,FF,,190,2,46,,2,9.36,,,,,,,,,,,,,,,,,,,,,,,,9.36,-,,,,,,,,,,,,,,,,,,,,,,,,,-,-,,,,,,,,,,,,,,,,,,,,,,,,,
,04-22-2015,05:53:29, Lane 1 ,Fwd,FF,,191,3,46,,2,11.06,,,,,,,,,,,,,,,,,,,,,,,,11.06,-,,,,,,,,,,,,,,,,,,,,,,,,,-,-,,,,,,,,,,,,,,,,,,,,,,,,,
,04-22-2015,05:53:31, Lane 1 ,Fwd,FF,,192,2,46,,2,9.00,,,,,,,,,,,,,,,,,,,,,,,,9.00,-,,,,,,,,,,,,,,,,,,,,,,,,,-,-,,,,,,,,,,,,,,,,,,,,,,,,,
,04-22-2015,05:53:32, Lane 1 ,Fwd,FF,,193,2,47,,2,9.34,,,,,,,,,,,,,,,,,,,,,,,,9.34,-,,,,,,,,,,,,,,,,,,,,,,,,,-,-,,,,,,,,,,,,,,,,,,,,,,,,,
,04-22-2015,05:53:33, Lane 1 ,Fwd,FF,,194,2,47,,2,8.74,,,,,,,,,,,,,,,,,,,,,,,,8.74,-,,,,,,,,,,,,,,,,,,,,,,,,,-,-,,,,,,,,,,,,,,,,,,,,,,,,,
,04-22-2015,05:53:35, Lane 1 ,Fwd,FF,,195,2,48,,2,8.42,,,,,,,,,,,,,,,,,,,,,,,,8.42,-,,,,,,,,,,,,,,,,,,,,,,,,,-,-,,,,,,,,,,,,,,,,,,,,,,,,,
,04-22-2015,05:53:37, Lane 1 ,Fwd,FF,,196,3,53,,2,10.45,,,,,,,,,,,,,,,,,,,,,,,,10.45,-,,,,,,,,,,,,,,,,,,,,,,,,,-,-,,,,,,,,,,,,,,,,,,,,,,,,,
,04-22-2015,05:53:39, Lane 1 ,Fwd,FF,,197,2,51,,2,8.80,,,,,,,,,,,,,,,,,,,,,,,,8.80,-,,,,,,,,,,,,,,,,,,,,,,,,,-,-,,,,,,,,,,,,,,,,,,,,,,,,,
,04-22-2015,05:53:42, Lane 1 ,Fwd,FF,,198,2,48,,2,9.09,,,,,,,,,,,,,,,,,,,,,,,,9.09,-,,,,,,,,,,,,,,,,,,,,,,,,,-,-,,,,,,,,,,,,,,,,,,,,,,,,,
,04-22-2015,05:53:44, Lane 1 ,Fwd,FF,,199,2,48,,2,9.30,,,,,,,,,,,,,,,,,,,,,,,,9.30,-,,,,,,,,,,,,,,,,,,,,,,,,,-,-,,,,,,,,,,,,,,,,,,,,,,,,,
,04-22-2015,05:54:00, Lane 1 ,Fwd,FF,,200,2,68,,2,7.93,,,,,,,,,,,,,,,,,,,,,,,,7.93,-,,,,,,,,,,,,,,,,,,,,,,,,,-,-,,,,,,,,,,,,,,,,,,,,,,,,,
,04-22-2015,05:54:34, Lane 1 ,Fwd,FF,,201,2,62,,2,9.48,,,,,,,,,,,,,,,,,,,,,,,,9.48,-,,,,,,,,,,,,,,,,,,,,,,,,,-,-,,,,,,,,,,,,,,,,,,,,,,,,,
,04-22-2015,05:54:48, Lane 1 ,Fwd,FF,,202,3,63,,2,12.84,,,,,,,,,,,,,,,,,,,,,,,,12.84,-,,,,,,,,,,,,,,,,,,,,,,,,,-,-,,,,,,,,,,,,,,,,,,,,,,,,,
,04-22-2015,05:54:50, Lane 1 ,Fwd,FF,,203,2,63,,2,9.51,,,,,,,,,,,,,,,,,,,,,,,,9.51,-,,,,,,,,,,,,,,,,,,,,,,,,,-,-,,,,,,,,,,,,,,,,,,,,,,,,,
,04-22-2015,05:55:02, Lane 1 ,Fwd,FF,,204,2,63,,2,8.37,,,,,,,,,,,,,,,,,,,,,,,,8.37,-,,,,,,,,,,,,,,,,,,,,,,,,,-,-,,,,,,,,,,,,,,,,,,,,,,,,,
,04-22-2015,05:55:05, Lane 1 ,Fwd,FF,,205,2,63,,2,8.75,,,,,,,,,,,,,,,,,,,,,,,,8.75,-,,,,,,,,,,,,,,,,,,,,,,,,,-,-,,,,,,,,,,,,,,,,,,,,,,,,,
,04-22-2015,05:55:28, Lane 1 ,Fwd,FF,,206,2,55,,2,9.50,,,,,,,,,,,,,,,,,,,,,,,,9.50,-,,,,,,,,,,,,,,,,,,,,,,,,,-,-,,,,,,,,,,,,,,,,,,,,,,,,,
,04-22-2015,05:55:29, Lane 1 ,Fwd,FF,,207,2,56,,2,8.41,,,,,,,,,,,,,,,,,,,,,,,,8.41,-,,,,,,,,,,,,,,,,,,,,,,,,,-,-,,,,,,,,,,,,,,,,,,,,,,,,,
,04-22-2015,05:55:30, Lane 1 ,Fwd,FF,,208,2,54,,2,8.03,,,,,,,,,,,,,,,,,,,,,,,,8.03,-,,,,,,,,,,,,,,,,,,,,,,,,,-,-,,,,,,,,,,,,,,,,,,,,,,,,,
,04-22-2015,05:55:32, Lane 1 ,Fwd,FF,,209,2,56,,2,9.10,,,,,,,,,,,,,,,,,,,,,,,,9.10,-,,,,,,,,,,,,,,,,,,,,,,,,,-,-,,,,,,,,,,,,,,,,,,,,,,,,,
,04-22-2015,05:56:06, Lane 1 ,Fwd,FF,,210,3,57,,2,11.50,,,,,,,,,,,,,,,,,,,,,,,,11.50,-,,,,,,,,,,,,,,,,,,,,,,,,,-,-,,,,,,,,,,,,,,,,,,,,,,,,,
,04-22-2015,05:56:10, Lane 1 ,Fwd,FF,,211,2,63,,2,8.98,,,,,,,,,,,,,,,,,,,,,,,,8.98,-,,,,,,,,,,,,,,,,,,,,,,,,,-,-,,,,,,,,,,,,,,,,,,,,,,,,,
,04-22-2015,05:56:19, Lane 1 ,Fwd,FF,,212,2,63,,2,8.61,,,,,,,,,,,,,,,,,,,,,,,,8.61,-,,,,,,,,,,,,,,,,,,,,,,,,,-,-,,,,,,,,,,,,,,,,,,,,,,,,,
,04-22-2015,05:56:53, Lane 1 ,Fwd,FF,,213,3,60,,2,10.42,,,,,,,,,,,,,,,,,,,,,,,,10.42,-,,,,,,,,,,,,,,,,,,,,,,,,,-,-,,,,,,,,,,,,,,,,,,,,,,,,,
,04-22-2015,05:56:54, Lane 1 ,Fwd,FF,,214,2,60,,2,8.59,,,,,,,,,,,,,,,,,,,,,,,,8.59,-,,,,,,,,,,,,,,,,,,,,,,,,,-,-,,,,,,,,,,,,,,,,,,,,,,,,,
,04-22-2015,05:56:58, Lane 1 ,Fwd,FF,,215,2,64,,2,8.81,,,,,,,,,,,,,,,,,,,,,,,,8.81,-,,,,,,,,,,,,,,,,,,,,,,,,,-,-,,,,,,,,,,,,,,,,,,,,,,,,,
,04-22-2015,05:57:03, Lane 1 ,Fwd,FF,,216,2,64,,2,8.44,,,,,,,,,,,,,,,,,,,,,,,,8.44,-,,,,,,,,,,,,,,,,,,,,,,,,,-,-,,,,,,,,,,,,,,,,,,,,,,,,,
,04-22-2015,05:57:08, Lane 1 ,Fwd,FF,,217,2,66,,2,8.71,,,,,,,,,,,,,,,,,,,,,,,,8.71,-,,,,,,,,,,,,,,,,,,,,,,,,,-,-,,,,,,,,,,,,,,,,,,,,,,,,,
,04-22-2015,05:57:09, Lane 1 ,Fwd,FF,,218,2,64,,2,8.25,,,,,,,,,,,,,,,,,,,,,,,,8.25,-,,,,,,,,,,,,,,,,,,,,,,,,,-,-,,,,,,,,,,,,,,,,,,,,,,,,,
,04-22-2015,05:57:12, Lane 1 ,Fwd,FF,,219,3,63,,2,12.56,,,,,,,,,,,,,,,,,,,,,,,,12.56,-,,,,,,,,,,,,,,,,,,,,,,,,,-,-,,,,,,,,,,,,,,,,,,,,,,,,,
,04-22-2015,05:57:25, Lane 1 ,Fwd,FF,,220,2,68,,2,9.20,,,,,,,,,,,,,,,,,,,,,,,,9.20,-,,,,,,,,,,,,,,,,,,,,,,,,,-,-,,,,,,,,,,,,,,,,,,,,,,,,,
,04-22-2015,05:57:54, Lane 1 ,Fwd,FF,,221,2,51,,2,8.48,,,,,,,,,,,,,,,,,,,,,,,,8.48,-,,,,,,,,,,,,,,,,,,,,,,,,,-,-,,,,,,,,,,,,,,,,,,,,,,,,,
,04-22-2015,05:58:07, Lane 1 ,Fwd,FF,,222,3,64,,2,11.81,,,,,,,,,,,,,,,,,,,,,,,,11.81,-,,,,,,,,,,,,,,,,,,,,,,,,,-,-,,,,,,,,,,,,,,,,,,,,,,,,,
,04-22-2015,05:58:08, Lane 1 ,Fwd,FF,,223,2,63,,2,8.65,,,,,,,,,,,,,,,,,,,,,,,,8.65,-,,,,,,,,,,,,,,,,,,,,,,,,,-,-,,,,,,,,,,,,,,,,,,,,,,,,,
,04-22-2015,05:58:12, Lane 1 ,Fwd,FF,,224,2,64,,2,8.81,,,,,,,,,,,,,,,,,,,,,,,,8.81,-,,,,,,,,,,,,,,,,,,,,,,,,,-,-,,,,,,,,,,,,,,,,,,,,,,,,,
,04-22-2015,05:58:33, Lane 1 ,Fwd,FF,,225,2,64,,2,8.41,,,,,,,,,,,,,,,,,,,,,,,,8.41,-,,,,,,,,,,,,,,,,,,,,,,,,,-,-,,,,,,,,,,,,,,,,,,,,,,,,,
,04-22-2015,05:58:34, Lane 1 ,Fwd,FF,,226,3,63,,2,11.91,,,,,,,,,,,,,,,,,,,,,,,,11.91,-,,,,,,,,,,,,,,,,,,,,,,,,,-,-,,,,,,,,,,,,,,,,,,,,,,,,,
,04-22-2015,05:58:36, Lane 1 ,Fwd,FF,,227,3,62,,2,10.27,,,,,,,,,,,,,,,,,,,,,,,,10.27,-,,,,,,,,,,,,,,,,,,,,,,,,,-,-,,,,,,,,,,,,,,,,,,,,,,,,,
,04-22-2015,05:58:41, Lane 1 ,Fwd,FF,,228,2,58,,2,9.96,,,,,,,,,,,,,,,,,,,,,,,,9.96,-,,,,,,,,,,,,,,,,,,,,,,,,,-,-,,,,,,,,,,,,,,,,,,,,,,,,,
,04-22-2015,05:58:47, Lane 1 ,Fwd,FF,,229,2,80,,2,9.06,,,,,,,,,,,,,,,,,,,,,,,,9.06,-,,,,,,,,,,,,,,,,,,,,,,,,,-,-,,,,,,,,,,,,,,,,,,,,,,,,,
,04-22-2015,05:58:48, Lane 1 ,Fwd,FF,,230,2,61,,2,8.78,,,,,,,,,,,,,,,,,,,,,,,,8.78,-,,,,,,,,,,,,,,,,,,,,,,,,,-,-,,,,,,,,,,,,,,,,,,,,,,,,,
,04-22-2015,05:59:13, Lane 1 ,Fwd,FF,,231,3,67,,2,11.90,,,,,,,,,,,,,,,,,,,,,,,,11.90,-,,,,,,,,,,,,,,,,,,,,,,,,,-,-,,,,,,,,,,,,,,,,,,,,,,,,,
,04-22-2015,05:59:29, Lane 1 ,Fwd,FF,,232,3,62,,2,10.55,,,,,,,,,,,,,,,,,,,,,,,,10.55,-,,,,,,,,,,,,,,,,,,,,,,,,,-,-,,,,,,,,,,,,,,,,,,,,,,,,,
,04-22-2015,05:59:33, Lane 1 ,Fwd,FF,,233,2,59,,2,9.15,,,,,,,,,,,,,,,,,,,,,,,,9.15,-,,,,,,,,,,,,,,,,,,,,,,,,,-,-,,,,,,,,,,,,,,,,,,,,,,,,,
,04-22-2015,05:59:35, Lane 1 ,Fwd,FF,,234,3,63,,2,12.92,,,,,,,,,,,,,,,,,,,,,,,,12.92,-,,,,,,,,,,,,,,,,,,,,,,,,,-,-,,,,,,,,,,,,,,,,,,,,,,,,,
,04-22-2015,05:59:37, Lane 1 ,Fwd,FF,,235,2,63,,2,8.70,,,,,,,,,,,,,,,,,,,,,,,,8.70,-,,,,,,,,,,,,,,,,,,,,,,,,,-,-,,,,,,,,,,,,,,,,,,,,,,,,,
,04-22-2015,05:59:39, Lane 1 ,Fwd,FF,,236,2,66,,2,9.41,,,,,,,,,,,,,,,,,,,,,,,,9.41,-,,,,,,,,,,,,,,,,,,,,,,,,,-,-,,,,,,,,,,,,,,,,,,,,,,,,,
,04-22-2015,05:59:43, Lane 1 ,Fwd,FF,,237,3,60,,2,11.83,,,,,,,,,,,,,,,,,,,,,,,,11.83,-,,,,,,,,,,,,,,,,,,,,,,,,,-,-,,,,,,,,,,,,,,,,,,,,,,,,,
,04-22-2015,05:59:44, Lane 1 ,Fwd,FF,,238,2,59,,2,8.78,,,,,,,,,,,,,,,,,,,,,,,,8.78,-,,,,,,,,,,,,,,,,,,,,,,,,,-,-,,,,,,,,,,,,,,,,,,,,,,,,,
,04-22-2015,06:00:12, Lane 1 ,Fwd,FF,,1,2,59,,2,7.83,,,,,,,,,,,,,,,,,,,,,,,,7.83,-,,,,,,,,,,,,,,,,,,,,,,,,,-,-,,,,,,,,,,,,,,,,,,,,,,,,,
,04-22-2015,06:00:47, Lane 1 ,Fwd,FF,,2,2,56,,2,9.69,,,,,,,,,,,,,,,,,,,,,,,,9.69,-,,,,,,,,,,,,,,,,,,,,,,,,,-,-,,,,,,,,,,,,,,,,,,,,,,,,,
,04-22-2015,06:01:12, Lane 1 ,Fwd,FF,,3,2,67,,2,8.17,,,,,,,,,,,,,,,,,,,,,,,,8.17,-,,,,,,,,,,,,,,,,,,,,,,,,,-,-,,,,,,,,,,,,,,,,,,,,,,,,,
,04-22-2015,06:01:24, Lane 1 ,Fwd,FF,,4,3,61,,2,11.02,,,,,,,,,,,,,,,,,,,,,,,,11.02,-,,,,,,,,,,,,,,,,,,,,,,,,,-,-,,,,,,,,,,,,,,,,,,,,,,,,,
,04-22-2015,06:01:28, Lane 1 ,Fwd,FF,,5,2,61,,2,9.07,,,,,,,,,,,,,,,,,,,,,,,,9.07,-,,,,,,,,,,,,,,,,,,,,,,,,,-,-,,,,,,,,,,,,,,,,,,,,,,,,,
,04-22-2015,06:01:29, Lane 1 ,Fwd,FF,,6,2,63,,2,8.77,,,,,,,,,,,,,,,,,,,,,,,,8.77,-,,,,,,,,,,,,,,,,,,,,,,,,,-,-,,,,,,,,,,,,,,,,,,,,,,,,,
,04-22-2015,06:02:02, Lane 1 ,Fwd,FF,,7,3,62,,2,11.46,,,,,,,,,,,,,,,,,,,,,,,,11.46,-,,,,,,,,,,,,,,,,,,,,,,,,,-,-,,,,,,,,,,,,,,,,,,,,,,,,,
,04-22-2015,06:02:04, Lane 1 ,Fwd,FF,,8,2,64,,2,8.72,,,,,,,,,,,,,,,,,,,,,,,,8.72,-,,,,,,,,,,,,,,,,,,,,,,,,,-,-,,,,,,,,,,,,,,,,,,,,,,,,,
,04-22-2015,06:02:10, Lane 1 ,Fwd,FF,,9,3,61,,2,11.82,,,,,,,,,,,,,,,,,,,,,,,,11.82,-,,,,,,,,,,,,,,,,,,,,,,,,,-,-,,,,,,,,,,,,,,,,,,,,,,,,,
,04-22-2015,06:02:30, Lane 1 ,Fwd,FF,,10,5,62,,2,13.91,,,,,,,,,,,,,,,,,,,,,,,,13.91,-,,,,,,,,,,,,,,,,,,,,,,,,,-,-,,,,,,,,,,,,,,,,,,,,,,,,,
,04-22-2015,06:02:32, Lane 1 ,Fwd,FF,,11,3,63,,2,11.54,,,,,,,,,,,,,,,,,,,,,,,,11.54,-,,,,,,,,,,,,,,,,,,,,,,,,,-,-,,,,,,,,,,,,,,,,,,,,,,,,,
,04-22-2015,06:02:41, Lane 1 ,Fwd,FF,,12,3,59,,2,11.83,,,,,,,,,,,,,,,,,,,,,,,,11.83,-,,,,,,,,,,,,,,,,,,,,,,,,,-,-,,,,,,,,,,,,,,,,,,,,,,,,,
,04-22-2015,06:03:05, Lane 1 ,Fwd,FF,,13,3,55,,2,11.28,,,,,,,,,,,,,,,,,,,,,,,,11.28,-,,,,,,,,,,,,,,,,,,,,,,,,,-,-,,,,,,,,,,,,,,,,,,,,,,,,,
,04-22-2015,06:03:30, Lane 1 ,Fwd,FF,,14,4,44,,2,22.59,,,,,,,,,,,,,,,,,,,,,,,,22.59,-,,,,,,,,,,,,,,,,,,,,,,,,,-,-,,,,,,,,,,,,,,,,,,,,,,,,,
,04-22-2015,06:03:31, Lane 1 ,Fwd,FF,,15,2,63,,4,12.58,34.26,10.93,,,,,,,,,,,,,,,,,,,,,,57.77,-,,,,,,,,,,,,,,,,,,,,,,,,,-,-,,,,,,,,,,,,,,,,,,,,,,,,,
,04-22-2015,06:03:34, Lane 1 ,Fwd,FF,,16,3,49,,2,11.78,,,,,,,,,,,,,,,,,,,,,,,,11.78,-,,,,,,,,,,,,,,,,,,,,,,,,,-,-,,,,,,,,,,,,,,,,,,,,,,,,,
,04-22-2015,06:03:35, Lane 1 ,Fwd,FF,,17,2,48,,2,8.10,,,,,,,,,,,,,,,,,,,,,,,,8.10,-,,,,,,,,,,,,,,,,,,,,,,,,,-,-,,,,,,,,,,,,,,,,,,,,,,,,,
,04-22-2015,06:03:36, Lane 1 ,Fwd,FF,,18,2,49,,2,9.04,,,,,,,,,,,,,,,,,,,,,,,,9.04,-,,,,,,,,,,,,,,,,,,,,,,,,,-,-,,,,,,,,,,,,,,,,,,,,,,,,,
,04-22-2015,06:03:56, Lane 1 ,Fwd,FF,,19,2,79,,2,9.90,,,,,,,,,,,,,,,,,,,,,,,,9.90,-,,,,,,,,,,,,,,,,,,,,,,,,,-,-,,,,,,,,,,,,,,,,,,,,,,,,,
,04-22-2015,06:03:57, Lane 1 ,Fwd,FF,,20,2,55,,2,9.12,,,,,,,,,,,,,,,,,,,,,,,,9.12,-,,,,,,,,,,,,,,,,,,,,,,,,,-,-,,,,,,,,,,,,,,,,,,,,,,,,,
,04-22-2015,06:04:00, Lane 1 ,Fwd,FF,,21,3,61,,2,11.37,,,,,,,,,,,,,,,,,,,,,,,,11.37,-,,,,,,,,,,,,,,,,,,,,,,,,,-,-,,,,,,,,,,,,,,,,,,,,,,,,,
,04-22-2015,06:04:01, Lane 1 ,Fwd,FF,,22,2,61,,2,8.87,,,,,,,,,,,,,,,,,,,,,,,,8.87,-,,,,,,,,,,,,,,,,,,,,,,,,,-,-,,,,,,,,,,,,,,,,,,,,,,,,,
,04-22-2015,06:04:02, Lane 1 ,Fwd,FF,,23,2,61,,2,9.05,,,,,,,,,,,,,,,,,,,,,,,,9.05,-,,,,,,,,,,,,,,,,,,,,,,,,,-,-,,,,,,,,,,,,,,,,,,,,,,,,,
,04-22-2015,06:04:03, Lane 1 ,Fwd,FF,,24,3,63,,2,10.52,,,,,,,,,,,,,,,,,,,,,,,,10.52,-,,,,,,,,,,,,,,,,,,,,,,,,,-,-,,,,,,,,,,,,,,,,,,,,,,,,,
,04-22-2015,06:04:28, Lane 1 ,Fwd,FF,,25,3,58,,2,11.57,,,,,,,,,,,,,,,,,,,,,,,,11.57,-,,,,,,,,,,,,,,,,,,,,,,,,,-,-,,,,,,,,,,,,,,,,,,,,,,,,,
,04-22-2015,06:04:41, Lane 1 ,Fwd,FF,,26,2,63,,2,8.84,,,,,,,,,,,,,,,,,,,,,,,,8.84,-,,,,,,,,,,,,,,,,,,,,,,,,,-,-,,,,,,,,,,,,,,,,,,,,,,,,,
,04-22-2015,06:04:47, Lane 1 ,Fwd,FF,,27,2,59,,2,8.96,,,,,,,,,,,,,,,,,,,,,,,,8.96,-,,,,,,,,,,,,,,,,,,,,,,,,,-,-,,,,,,,,,,,,,,,,,,,,,,,,,
,04-22-2015,06:04:53, Lane 1 ,Fwd,FF,,28,2,56,,2,8.65,,,,,,,,,,,,,,,,,,,,,,,,8.65,-,,,,,,,,,,,,,,,,,,,,,,,,,-,-,,,,,,,,,,,,,,,,,,,,,,,,,
,04-22-2015,06:04:54, Lane 1 ,Fwd,FF,,29,3,56,,2,10.68,,,,,,,,,,,,,,,,,,,,,,,,10.68,-,,,,,,,,,,,,,,,,,,,,,,,,,-,-,,,,,,,,,,,,,,,,,,,,,,,,,
,04-22-2015,06:04:55, Lane 1 ,Fwd,FF,,30,2,55,,2,9.25,,,,,,,,,,,,,,,,,,,,,,,,9.25,-,,,,,,,,,,,,,,,,,,,,,,,,,-,-,,,,,,,,,,,,,,,,,,,,,,,,,
,04-22-2015,06:04:57, Lane 1 ,Fwd,FF,,31,2,54,,2,8.66,,,,,,,,,,,,,,,,,,,,,,,,8.66,-,,,,,,,,,,,,,,,,,,,,,,,,,-,-,,,,,,,,,,,,,,,,,,,,,,,,,
,04-22-2015,06:05:04, Lane 1 ,Fwd,FF,,32,2,62,,2,8.45,,,,,,,,,,,,,,,,,,,,,,,,8.45,-,,,,,,,,,,,,,,,,,,,,,,,,,-,-,,,,,,,,,,,,,,,,,,,,,,,,,
,04-22-2015,06:05:21, Lane 1 ,Fwd,FF,,33,3,64,,2,11.72,,,,,,,,,,,,,,,,,,,,,,,,11.72,-,,,,,,,,,,,,,,,,,,,,,,,,,-,-,,,,,,,,,,,,,,,,,,,,,,,,,
,04-22-2015,06:05:23, Lane 1 ,Fwd,FF,,34,5,64,,2,13.14,,,,,,,,,,,,,,,,,,,,,,,,13.14,-,,,,,,,,,,,,,,,,,,,,,,,,,-,-,,,,,,,,,,,,,,,,,,,,,,,,,
,04-22-2015,06:05:24, Lane 1 ,Fwd,FF,,35,5,66,,2,14.13,,,,,,,,,,,,,,,,,,,,,,,,14.13,-,,,,,,,,,,,,,,,,,,,,,,,,,-,-,,,,,,,,,,,,,,,,,,,,,,,,,
,04-22-2015,06:05:27, Lane 1 ,Fwd,FF,,36,2,63,,2,8.98,,,,,,,,,,,,,,,,,,,,,,,,8.98,-,,,,,,,,,,,,,,,,,,,,,,,,,-,-,,,,,,,,,,,,,,,,,,,,,,,,,
,04-22-2015,06:06:03, Lane 1 ,Fwd,FF,,37,1,54,,2,5.21,,,,,,,,,,,,,,,,,,,,,,,,5.21,-,,,,,,,,,,,,,,,,,,,,,,,,,-,-,,,,,,,,,,,,,,,,,,,,,,,,,
,04-22-2015,06:06:05, Lane 1 ,Fwd,FF,,38,2,57,,2,8.39,,,,,,,,,,,,,,,,,,,,,,,,8.39,-,,,,,,,,,,,,,,,,,,,,,,,,,-,-,,,,,,,,,,,,,,,,,,,,,,,,,
,04-22-2015,06:06:07, Lane 1 ,Fwd,FF,,39,2,58,,2,8.17,,,,,,,,,,,,,,,,,,,,,,,,8.17,-,,,,,,,,,,,,,,,,,,,,,,,,,-,-,,,,,,,,,,,,,,,,,,,,,,,,,
,04-22-2015,06:06:09, Lane 1 ,Fwd,FF,,40,2,56,,2,8.69,,,,,,,,,,,,,,,,,,,,,,,,8.69,-,,,,,,,,,,,,,,,,,,,,,,,,,-,-,,,,,,,,,,,,,,,,,,,,,,,,,
,04-22-2015,06:06:10, Lane 1 ,Fwd,FF,,41,2,57,,2,8.84,,,,,,,,,,,,,,,,,,,,,,,,8.84,-,,,,,,,,,,,,,,,,,,,,,,,,,-,-,,,,,,,,,,,,,,,,,,,,,,,,,
,04-22-2015,06:06:11, Lane 1 ,Fwd,FF,,42,2,58,,2,8.40,,,,,,,,,,,,,,,,,,,,,,,,8.40,-,,,,,,,,,,,,,,,,,,,,,,,,,-,-,,,,,,,,,,,,,,,,,,,,,,,,,
,04-22-2015,06:06:31, Lane 1 ,Fwd,FF,,43,2,61,,2,8.87,,,,,,,,,,,,,,,,,,,,,,,,8.87,-,,,,,,,,,,,,,,,,,,,,,,,,,-,-,,,,,,,,,,,,,,,,,,,,,,,,,
,04-22-2015,06:07:01, Lane 1 ,Fwd,FF,,44,2,62,,2,8.30,,,,,,,,,,,,,,,,,,,,,,,,8.30,-,,,,,,,,,,,,,,,,,,,,,,,,,-,-,,,,,,,,,,,,,,,,,,,,,,,,,
,04-22-2015,06:07:02, Lane 1 ,Fwd,FF,,45,2,61,,2,8.96,,,,,,,,,,,,,,,,,,,,,,,,8.96,-,,,,,,,,,,,,,,,,,,,,,,,,,-,-,,,,,,,,,,,,,,,,,,,,,,,,,
,04-22-2015,06:07:07, Lane 1 ,Fwd,FF,,46,2,59,,2,9.76,,,,,,,,,,,,,,,,,,,,,,,,9.76,-,,,,,,,,,,,,,,,,,,,,,,,,,-,-,,,,,,,,,,,,,,,,,,,,,,,,,
,04-22-2015,06:07:09, Lane 1 ,Fwd,FF,,47,3,62,,2,11.73,,,,,,,,,,,,,,,,,,,,,,,,11.73,-,,,,,,,,,,,,,,,,,,,,,,,,,-,-,,,,,,,,,,,,,,,,,,,,,,,,,
,04-22-2015,06:07:11, Lane 1 ,Fwd,FF,,48,1,62,,2,4.46,,,,,,,,,,,,,,,,,,,,,,,,4.46,-,,,,,,,,,,,,,,,,,,,,,,,,,-,-,,,,,,,,,,,,,,,,,,,,,,,,,
,04-22-2015,06:07:13, Lane 1 ,Fwd,FF,,49,3,61,,2,10.85,,,,,,,,,,,,,,,,,,,,,,,,10.85,-,,,,,,,,,,,,,,,,,,,,,,,,,-,-,,,,,,,,,,,,,,,,,,,,,,,,,
,04-22-2015,06:07:16, Lane 1 ,Fwd,FF,,50,2,61,,2,8.62,,,,,,,,,,,,,,,,,,,,,,,,8.62,-,,,,,,,,,,,,,,,,,,,,,,,,,-,-,,,,,,,,,,,,,,,,,,,,,,,,,
,04-22-2015,06:07:18, Lane 1 ,Fwd,FF,,51,2,59,,2,9.13,,,,,,,,,,,,,,,,,,,,,,,,9.13,-,,,,,,,,,,,,,,,,,,,,,,,,,-,-,,,,,,,,,,,,,,,,,,,,,,,,,
,04-22-2015,06:07:33, Lane 1 ,Fwd,FF,,52,2,67,,2,8.85,,,,,,,,,,,,,,,,,,,,,,,,8.85,-,,,,,,,,,,,,,,,,,,,,,,,,,-,-,,,,,,,,,,,,,,,,,,,,,,,,,
,04-22-2015,06:07:36, Lane 1 ,Fwd,FF,,53,2,65,,2,8.29,,,,,,,,,,,,,,,,,,,,,,,,8.29,-,,,,,,,,,,,,,,,,,,,,,,,,,-,-,,,,,,,,,,,,,,,,,,,,,,,,,
,04-22-2015,06:07:48, Lane 1 ,Fwd,FF,,54,2,63,,2,8.46,,,,,,,,,,,,,,,,,,,,,,,,8.46,-,,,,,,,,,,,,,,,,,,,,,,,,,-,-,,,,,,,,,,,,,,,,,,,,,,,,,
,04-22-2015,06:08:09, Lane 1 ,Fwd,FF,,55,2,62,,2,8.73,,,,,,,,,,,,,,,,,,,,,,,,8.73,-,,,,,,,,,,,,,,,,,,,,,,,,,-,-,,,,,,,,,,,,,,,,,,,,,,,,,
,04-22-2015,06:08:14, Lane 1 ,Fwd,FF,,56,3,62,,2,11.01,,,,,,,,,,,,,,,,,,,,,,,,11.01,-,,,,,,,,,,,,,,,,,,,,,,,,,-,-,,,,,,,,,,,,,,,,,,,,,,,,,
,04-22-2015,06:08:17, Lane 1 ,Fwd,FF,,57,2,62,,2,8.45,,,,,,,,,,,,,,,,,,,,,,,,8.45,-,,,,,,,,,,,,,,,,,,,,,,,,,-,-,,,,,,,,,,,,,,,,,,,,,,,,,
,04-22-2015,06:08:18, Lane 1 ,Fwd,FF,,58,1,60,,2,5.12,,,,,,,,,,,,,,,,,,,,,,,,5.12,-,,,,,,,,,,,,,,,,,,,,,,,,,-,-,,,,,,,,,,,,,,,,,,,,,,,,,
,04-22-2015,06:08:22, Lane 1 ,Fwd,FF,,59,3,61,,2,11.74,,,,,,,,,,,,,,,,,,,,,,,,11.74,-,,,,,,,,,,,,,,,,,,,,,,,,,-,-,,,,,,,,,,,,,,,,,,,,,,,,,
,04-22-2015,06:08:23, Lane 1 ,Fwd,FF,,60,3,60,,2,11.47,,,,,,,,,,,,,,,,,,,,,,,,11.47,-,,,,,,,,,,,,,,,,,,,,,,,,,-,-,,,,,,,,,,,,,,,,,,,,,,,,,
,04-22-2015,06:08:32, Lane 1 ,Fwd,FF,,61,5,66,,2,13.35,,,,,,,,,,,,,,,,,,,,,,,,13.35,-,,,,,,,,,,,,,,,,,,,,,,,,,-,-,,,,,,,,,,,,,,,,,,,,,,,,,
,04-22-2015,06:08:54, Lane 1 ,Fwd,FF,,62,3,64,,2,11.81,,,,,,,,,,,,,,,,,,,,,,,,11.81,-,,,,,,,,,,,,,,,,,,,,,,,,,-,-,,,,,,,,,,,,,,,,,,,,,,,,,
,04-22-2015,06:08:55, Lane 1 ,Fwd,FF,,63,2,63,,2,7.76,,,,,,,,,,,,,,,,,,,,,,,,7.76,-,,,,,,,,,,,,,,,,,,,,,,,,,-,-,,,,,,,,,,,,,,,,,,,,,,,,,
,04-22-2015,06:08:56, Lane 1 ,Fwd,FF,,64,2,60,,2,8.38,,,,,,,,,,,,,,,,,,,,,,,,8.38,-,,,,,,,,,,,,,,,,,,,,,,,,,-,-,,,,,,,,,,,,,,,,,,,,,,,,,
,04-22-2015,06:09:00, Lane 1 ,Fwd,FF,,65,3,63,,2,11.91,,,,,,,,,,,,,,,,,,,,,,,,11.91,-,,,,,,,,,,,,,,,,,,,,,,,,,-,-,,,,,,,,,,,,,,,,,,,,,,,,,
,04-22-2015,06:09:02, Lane 1 ,Fwd,FF,,66,2,66,,2,8.64,,,,,,,,,,,,,,,,,,,,,,,,8.64,-,,,,,,,,,,,,,,,,,,,,,,,,,-,-,,,,,,,,,,,,,,,,,,,,,,,,,
,04-22-2015,06:09:04, Lane 1 ,Fwd,FF,,67,2,62,,2,8.91,,,,,,,,,,,,,,,,,,,,,,,,8.91,-,,,,,,,,,,,,,,,,,,,,,,,,,-,-,,,,,,,,,,,,,,,,,,,,,,,,,
,04-22-2015,06:09:05, Lane 1 ,Fwd,FF,,68,2,63,,2,8.80,,,,,,,,,,,,,,,,,,,,,,,,8.80,-,,,,,,,,,,,,,,,,,,,,,,,,,-,-,,,,,,,,,,,,,,,,,,,,,,,,,
,04-22-2015,06:09:07, Lane 1 ,Fwd,FF,,69,2,63,,2,8.56,,,,,,,,,,,,,,,,,,,,,,,,8.56,-,,,,,,,,,,,,,,,,,,,,,,,,,-,-,,,,,,,,,,,,,,,,,,,,,,,,,
,04-22-2015,06:09:25, Lane 1 ,Fwd,FF,,70,3,66,,2,11.91,,,,,,,,,,,,,,,,,,,,,,,,11.91,-,,,,,,,,,,,,,,,,,,,,,,,,,-,-,,,,,,,,,,,,,,,,,,,,,,,,,
,04-22-2015,06:09:32, Lane 1 ,Fwd,FF,,71,2,63,,2,9.44,,,,,,,,,,,,,,,,,,,,,,,,9.44,-,,,,,,,,,,,,,,,,,,,,,,,,,-,-,,,,,,,,,,,,,,,,,,,,,,,,,
,04-22-2015,06:09:50, Lane 1 ,Fwd,FF,,72,2,69,,2,8.47,,,,,,,,,,,,,,,,,,,,,,,,8.47,-,,,,,,,,,,,,,,,,,,,,,,,,,-,-,,,,,,,,,,,,,,,,,,,,,,,,,
,04-22-2015,06:10:00, Lane 1 ,Fwd,FF,,73,2,58,,2,9.02,,,,,,,,,,,,,,,,,,,,,,,,9.02,-,,,,,,,,,,,,,,,,,,,,,,,,,-,-,,,,,,,,,,,,,,,,,,,,,,,,,
,04-22-2015,06:10:02, Lane 1 ,Fwd,FF,,74,2,62,,2,9.00,,,,,,,,,,,,,,,,,,,,,,,,9.00,-,,,,,,,,,,,,,,,,,,,,,,,,,-,-,,,,,,,,,,,,,,,,,,,,,,,,,
,04-22-2015,06:10:19, Lane 1 ,Fwd,FF,,75,2,62,,2,9.84,,,,,,,,,,,,,,,,,,,,,,,,9.84,-,,,,,,,,,,,,,,,,,,,,,,,,,-,-,,,,,,,,,,,,,,,,,,,,,,,,,
,04-22-2015,06:10:20, Lane 1 ,Fwd,FF,,76,2,61,,2,8.60,,,,,,,,,,,,,,,,,,,,,,,,8.60,-,,,,,,,,,,,,,,,,,,,,,,,,,-,-,,,,,,,,,,,,,,,,,,,,,,,,,
,04-22-2015,06:10:24, Lane 1 ,Fwd,FF,,77,2,61,,2,8.78,,,,,,,,,,,,,,,,,,,,,,,,8.78,-,,,,,,,,,,,,,,,,,,,,,,,,,-,-,,,,,,,,,,,,,,,,,,,,,,,,,
,04-22-2015,06:10:27, Lane 1 ,Fwd,FF,,78,2,63,,2,8.52,,,,,,,,,,,,,,,,,,,,,,,,8.52,-,,,,,,,,,,,,,,,,,,,,,,,,,-,-,,,,,,,,,,,,,,,,,,,,,,,,,
,04-22-2015,06:10:31, Lane 1 ,Fwd,FF,,79,2,64,,2,8.79,,,,,,,,,,,,,,,,,,,,,,,,8.79,-,,,,,,,,,,,,,,,,,,,,,,,,,-,-,,,,,,,,,,,,,,,,,,,,,,,,,
,04-22-2015,06:10:34, Lane 1 ,Fwd,FF,,80,3,64,,2,12.85,,,,,,,,,,,,,,,,,,,,,,,,12.85,-,,,,,,,,,,,,,,,,,,,,,,,,,-,-,,,,,,,,,,,,,,,,,,,,,,,,,
,04-22-2015,06:10:39, Lane 1 ,Fwd,FF,,81,3,60,,2,11.21,,,,,,,,,,,,,,,,,,,,,,,,11.21,-,,,,,,,,,,,,,,,,,,,,,,,,,-,-,,,,,,,,,,,,,,,,,,,,,,,,,
,04-22-2015,06:10:40, Lane 1 ,Fwd,FF,,82,2,59,,2,9.13,,,,,,,,,,,,,,,,,,,,,,,,9.13,-,,,,,,,,,,,,,,,,,,,,,,,,,-,-,,,,,,,,,,,,,,,,,,,,,,,,,
,04-22-2015,06:10:42, Lane 1 ,Fwd,FF,,83,2,62,,2,9.91,,,,,,,,,,,,,,,,,,,,,,,,9.91,-,,,,,,,,,,,,,,,,,,,,,,,,,-,-,,,,,,,,,,,,,,,,,,,,,,,,,
,04-22-2015,06:10:56, Lane 1 ,Fwd,FF,,84,2,67,,2,9.84,,,,,,,,,,,,,,,,,,,,,,,,9.84,-,,,,,,,,,,,,,,,,,,,,,,,,,-,-,,,,,,,,,,,,,,,,,,,,,,,,,
,04-22-2015,06:10:58, Lane 1 ,Fwd,FF,,85,3,67,,2,11.81,,,,,,,,,,,,,,,,,,,,,,,,11.81,-,,,,,,,,,,,,,,,,,,,,,,,,,-,-,,,,,,,,,,,,,,,,,,,,,,,,,
,04-22-2015,06:11:01, Lane 1 ,Fwd,FF,,86,2,63,,2,8.98,,,,,,,,,,,,,,,,,,,,,,,,8.98,-,,,,,,,,,,,,,,,,,,,,,,,,,-,-,,,,,,,,,,,,,,,,,,,,,,,,,
,04-22-2015,06:11:02, Lane 1 ,Fwd,FF,,87,2,63,,2,9.23,,,,,,,,,,,,,,,,,,,,,,,,9.23,-,,,,,,,,,,,,,,,,,,,,,,,,,-,-,,,,,,,,,,,,,,,,,,,,,,,,,
,04-22-2015,06:11:03, Lane 1 ,Fwd,FF,,88,2,64,,2,9.17,,,,,,,,,,,,,,,,,,,,,,,,9.17,-,,,,,,,,,,,,,,,,,,,,,,,,,-,-,,,,,,,,,,,,,,,,,,,,,,,,,
,04-22-2015,06:11:13, Lane 1 ,Fwd,FF,,89,2,59,,2,8.52,,,,,,,,,,,,,,,,,,,,,,,,8.52,-,,,,,,,,,,,,,,,,,,,,,,,,,-,-,,,,,,,,,,,,,,,,,,,,,,,,,
,04-22-2015,06:11:18, Lane 1 ,Fwd,FF,,90,3,72,,2,11.79,,,,,,,,,,,,,,,,,,,,,,,,11.79,-,,,,,,,,,,,,,,,,,,,,,,,,,-,-,,,,,,,,,,,,,,,,,,,,,,,,,
,04-22-2015,06:11:37, Lane 1 ,Fwd,FF,,91,2,84,,2,9.53,,,,,,,,,,,,,,,,,,,,,,,,9.53,-,,,,,,,,,,,,,,,,,,,,,,,,,-,-,,,,,,,,,,,,,,,,,,,,,,,,,
,04-22-2015,06:11:39, Lane 1 ,Fwd,FF,,92,2,60,,2,8.67,,,,,,,,,,,,,,,,,,,,,,,,8.67,-,,,,,,,,,,,,,,,,,,,,,,,,,-,-,,,,,,,,,,,,,,,,,,,,,,,,,
,04-22-2015,06:11:42, Lane 1 ,Fwd,FF,,93,2,67,,2,8.78,,,,,,,,,,,,,,,,,,,,,,,,8.78,-,,,,,,,,,,,,,,,,,,,,,,,,,-,-,,,,,,,,,,,,,,,,,,,,,,,,,
,04-22-2015,06:11:53, Lane 1 ,Fwd,FF,,94,2,55,,2,9.25,,,,,,,,,,,,,,,,,,,,,,,,9.25,-,,,,,,,,,,,,,,,,,,,,,,,,,-,-,,,,,,,,,,,,,,,,,,,,,,,,,
,04-22-2015,06:11:54, Lane 1 ,Fwd,FF,,95,2,56,,2,9.85,,,,,,,,,,,,,,,,,,,,,,,,9.85,-,,,,,,,,,,,,,,,,,,,,,,,,,-,-,,,,,,,,,,,,,,,,,,,,,,,,,
,04-22-2015,06:12:05, Lane 1 ,Fwd,FF,,96,2,54,,2,9.48,,,,,,,,,,,,,,,,,,,,,,,,9.48,-,,,,,,,,,,,,,,,,,,,,,,,,,-,-,,,,,,,,,,,,,,,,,,,,,,,,,
,04-22-2015,06:12:22, Lane 1 ,Fwd,FF,,97,2,58,,2,8.70,,,,,,,,,,,,,,,,,,,,,,,,8.70,-,,,,,,,,,,,,,,,,,,,,,,,,,-,-,,,,,,,,,,,,,,,,,,,,,,,,,
,04-22-2015,06:13:03, Lane 1 ,Fwd,FF,,98,2,52,,2,8.73,,,,,,,,,,,,,,,,,,,,,,,,8.73,-,,,,,,,,,,,,,,,,,,,,,,,,,-,-,,,,,,,,,,,,,,,,,,,,,,,,,
,04-22-2015,06:13:05, Lane 1 ,Fwd,FF,,99,2,55,,2,8.30,,,,,,,,,,,,,,,,,,,,,,,,8.30,-,,,,,,,,,,,,,,,,,,,,,,,,,-,-,,,,,,,,,,,,,,,,,,,,,,,,,
,04-22-2015,06:13:07, Lane 1 ,Fwd,FF,,100,2,53,,2,8.90,,,,,,,,,,,,,,,,,,,,,,,,8.90,-,,,,,,,,,,,,,,,,,,,,,,,,,-,-,,,,,,,,,,,,,,,,,,,,,,,,,
,04-22-2015,06:13:10, Lane 1 ,Fwd,FF,,101,2,58,,2,8.62,,,,,,,,,,,,,,,,,,,,,,,,8.62,-,,,,,,,,,,,,,,,,,,,,,,,,,-,-,,,,,,,,,,,,,,,,,,,,,,,,,
,04-22-2015,06:13:11, Lane 1 ,Fwd,FF,,102,2,61,,2,9.78,,,,,,,,,,,,,,,,,,,,,,,,9.78,-,,,,,,,,,,,,,,,,,,,,,,,,,-,-,,,,,,,,,,,,,,,,,,,,,,,,,
,04-22-2015,06:13:12, Lane 1 ,Fwd,FF,,103,2,59,,2,8.81,,,,,,,,,,,,,,,,,,,,,,,,8.81,-,,,,,,,,,,,,,,,,,,,,,,,,,-,-,,,,,,,,,,,,,,,,,,,,,,,,,
,04-22-2015,06:13:13, Lane 1 ,Fwd,FF,,104,2,57,,2,9.50,,,,,,,,,,,,,,,,,,,,,,,,9.50,-,,,,,,,,,,,,,,,,,,,,,,,,,-,-,,,,,,,,,,,,,,,,,,,,,,,,,
,04-22-2015,06:13:17, Lane 1 ,Fwd,FF,,105,2,57,,2,9.84,,,,,,,,,,,,,,,,,,,,,,,,9.84,-,,,,,,,,,,,,,,,,,,,,,,,,,-,-,,,,,,,,,,,,,,,,,,,,,,,,,
,04-22-2015,06:13:18, Lane 1 ,Fwd,FF,,106,2,57,,2,8.92,,,,,,,,,,,,,,,,,,,,,,,,8.92,-,,,,,,,,,,,,,,,,,,,,,,,,,-,-,,,,,,,,,,,,,,,,,,,,,,,,,
,04-22-2015,06:13:30, Lane 1 ,Fwd,FF,,107,2,61,,2,9.94,,,,,,,,,,,,,,,,,,,,,,,,9.94,-,,,,,,,,,,,,,,,,,,,,,,,,,-,-,,,,,,,,,,,,,,,,,,,,,,,,,
,04-22-2015,06:13:40, Lane 1 ,Fwd,FF,,108,2,61,,2,8.51,,,,,,,,,,,,,,,,,,,,,,,,8.51,-,,,,,,,,,,,,,,,,,,,,,,,,,-,-,,,,,,,,,,,,,,,,,,,,,,,,,
,04-22-2015,06:14:30, Lane 1 ,Fwd,FF,,109,8,59,,3,9.24,19.60,,,,,,,,,,,,,,,,,,,,,,,28.84,-,,,,,,,,,,,,,,,,,,,,,,,,,-,-,,,,,,,,,,,,,,,,,,,,,,,,,
,04-22-2015,06:14:34, Lane 1 ,Fwd,FF,,110,3,57,,2,11.83,,,,,,,,,,,,,,,,,,,,,,,,11.83,-,,,,,,,,,,,,,,,,,,,,,,,,,-,-,,,,,,,,,,,,,,,,,,,,,,,,,
,04-22-2015,06:14:35, Lane 1 ,Fwd,FF,,111,2,55,,2,9.41,,,,,,,,,,,,,,,,,,,,,,,,9.41,-,,,,,,,,,,,,,,,,,,,,,,,,,-,-,,,,,,,,,,,,,,,,,,,,,,,,,
,04-22-2015,06:14:36, Lane 1 ,Fwd,FF,,112,2,56,,2,8.74,,,,,,,,,,,,,,,,,,,,,,,,8.74,-,,,,,,,,,,,,,,,,,,,,,,,,,-,-,,,,,,,,,,,,,,,,,,,,,,,,,
,04-22-2015,06:14:38, Lane 1 ,Fwd,FF,,113,2,58,,2,9.02,,,,,,,,,,,,,,,,,,,,,,,,9.02,-,,,,,,,,,,,,,,,,,,,,,,,,,-,-,,,,,,,,,,,,,,,,,,,,,,,,,
,04-22-2015,06:14:39, Lane 1 ,Fwd,FF,,114,2,61,,2,9.87,,,,,,,,,,,,,,,,,,,,,,,,9.87,-,,,,,,,,,,,,,,,,,,,,,,,,,-,-,,,,,,,,,,,,,,,,,,,,,,,,,
,04-22-2015,06:14:41, Lane 1 ,Fwd,FF,,115,2,57,,2,8.65,,,,,,,,,,,,,,,,,,,,,,,,8.65,-,,,,,,,,,,,,,,,,,,,,,,,,,-,-,,,,,,,,,,,,,,,,,,,,,,,,,
,04-22-2015,06:15:04, Lane 1 ,Fwd,FF,,116,2,59,,2,9.13,,,,,,,,,,,,,,,,,,,,,,,,9.13,-,,,,,,,,,,,,,,,,,,,,,,,,,-,-,,,,,,,,,,,,,,,,,,,,,,,,,
,04-22-2015,06:15:07, Lane 1 ,Fwd,FF,,117,1,62,,2,4.69,,,,,,,,,,,,,,,,,,,,,,,,4.69,-,,,,,,,,,,,,,,,,,,,,,,,,,-,-,,,,,,,,,,,,,,,,,,,,,,,,,
,04-22-2015,06:15:09, Lane 1 ,Fwd,FF,,118,2,64,,2,8.72,,,,,,,,,,,,,,,,,,,,,,,,8.72,-,,,,,,,,,,,,,,,,,,,,,,,,,-,-,,,,,,,,,,,,,,,,,,,,,,,,,
,04-22-2015,06:15:12, Lane 1 ,Fwd,FF,,119,2,60,,2,9.18,,,,,,,,,,,,,,,,,,,,,,,,9.18,-,,,,,,,,,,,,,,,,,,,,,,,,,-,-,,,,,,,,,,,,,,,,,,,,,,,,,
,04-22-2015,06:15:15, Lane 1 ,Fwd,FF,,120,2,62,,2,8.48,,,,,,,,,,,,,,,,,,,,,,,,8.48,-,,,,,,,,,,,,,,,,,,,,,,,,,-,-,,,,,,,,,,,,,,,,,,,,,,,,,
,04-22-2015,06:15:16, Lane 1 ,Fwd,FF,,121,2,59,,2,7.94,,,,,,,,,,,,,,,,,,,,,,,,7.94,-,,,,,,,,,,,,,,,,,,,,,,,,,-,-,,,,,,,,,,,,,,,,,,,,,,,,,
,04-22-2015,06:15:18, Lane 1 ,Fwd,FF,,122,3,61,,2,10.58,,,,,,,,,,,,,,,,,,,,,,,,10.58,-,,,,,,,,,,,,,,,,,,,,,,,,,-,-,,,,,,,,,,,,,,,,,,,,,,,,,
,04-22-2015,06:15:52, Lane 1 ,Fwd,FF,,123,2,48,,4,20.65,29.93,7.88,,,,,,,,,,,,,,,,,,,,,,58.46,-,,,,,,,,,,,,,,,,,,,,,,,,,-,-,,,,,,,,,,,,,,,,,,,,,,,,,
,04-22-2015,06:16:01, Lane 1 ,Fwd,FF,,124,3,56,,2,11.84,,,,,,,,,,,,,,,,,,,,,,,,11.84,-,,,,,,,,,,,,,,,,,,,,,,,,,-,-,,,,,,,,,,,,,,,,,,,,,,,,,
,04-22-2015,06:16:17, Lane 1 ,Fwd,FF,,125,3,67,,2,11.90,,,,,,,,,,,,,,,,,,,,,,,,11.90,-,,,,,,,,,,,,,,,,,,,,,,,,,-,-,,,,,,,,,,,,,,,,,,,,,,,,,
,04-22-2015,06:16:18, Lane 1 ,Fwd,FF,,126,4,46,,2,22.80,,,,,,,,,,,,,,,,,,,,,,,,22.80,-,,,,,,,,,,,,,,,,,,,,,,,,,-,-,,,,,,,,,,,,,,,,,,,,,,,,,
,04-22-2015,06:16:19, Lane 1 ,Fwd,FF,,127,2,47,,2,8.50,,,,,,,,,,,,,,,,,,,,,,,,8.50,-,,,,,,,,,,,,,,,,,,,,,,,,,-,-,,,,,,,,,,,,,,,,,,,,,,,,,
,04-22-2015,06:16:21, Lane 1 ,Fwd,FF,,128,2,53,,2,9.08,,,,,,,,,,,,,,,,,,,,,,,,9.08,-,,,,,,,,,,,,,,,,,,,,,,,,,-,-,,,,,,,,,,,,,,,,,,,,,,,,,
,04-22-2015,06:16:23, Lane 1 ,Fwd,FF,,129,3,50,,2,10.46,,,,,,,,,,,,,,,,,,,,,,,,10.46,-,,,,,,,,,,,,,,,,,,,,,,,,,-,-,,,,,,,,,,,,,,,,,,,,,,,,,
,04-22-2015,06:16:24, Lane 1 ,Fwd,FF,,130,2,51,,2,9.02,,,,,,,,,,,,,,,,,,,,,,,,9.02,-,,,,,,,,,,,,,,,,,,,,,,,,,-,-,,,,,,,,,,,,,,,,,,,,,,,,,
,04-22-2015,06:16:25, Lane 1 ,Fwd,FF,,131,2,49,,2,8.75,,,,,,,,,,,,,,,,,,,,,,,,8.75,-,,,,,,,,,,,,,,,,,,,,,,,,,-,-,,,,,,,,,,,,,,,,,,,,,,,,,
,04-22-2015,06:16:26, Lane 1 ,Fwd,FF,,132,2,48,,2,9.27,,,,,,,,,,,,,,,,,,,,,,,,9.27,-,,,,,,,,,,,,,,,,,,,,,,,,,-,-,,,,,,,,,,,,,,,,,,,,,,,,,
,04-22-2015,06:16:28, Lane 1 ,Fwd,FF,,133,2,49,,2,8.77,,,,,,,,,,,,,,,,,,,,,,,,8.77,-,,,,,,,,,,,,,,,,,,,,,,,,,-,-,,,,,,,,,,,,,,,,,,,,,,,,,
,04-22-2015,06:16:30, Lane 1 ,Fwd,FF,,134,2,50,,2,9.66,,,,,,,,,,,,,,,,,,,,,,,,9.66,-,,,,,,,,,,,,,,,,,,,,,,,,,-,-,,,,,,,,,,,,,,,,,,,,,,,,,
,04-22-2015,06:16:31, Lane 1 ,Fwd,FF,,135,2,50,,2,8.91,,,,,,,,,,,,,,,,,,,,,,,,8.91,-,,,,,,,,,,,,,,,,,,,,,,,,,-,-,,,,,,,,,,,,,,,,,,,,,,,,,
,04-22-2015,06:16:33, Lane 1 ,Fwd,FF,,136,3,48,,2,12.00,,,,,,,,,,,,,,,,,,,,,,,,12.00,-,,,,,,,,,,,,,,,,,,,,,,,,,-,-,,,,,,,,,,,,,,,,,,,,,,,,,
,04-22-2015,06:16:34, Lane 1 ,Fwd,FF,,137,2,47,,2,8.71,,,,,,,,,,,,,,,,,,,,,,,,8.71,-,,,,,,,,,,,,,,,,,,,,,,,,,-,-,,,,,,,,,,,,,,,,,,,,,,,,,
,04-22-2015,06:16:36, Lane 1 ,Fwd,FF,,138,5,48,,2,13.75,,,,,,,,,,,,,,,,,,,,,,,,13.75,-,,,,,,,,,,,,,,,,,,,,,,,,,-,-,,,,,,,,,,,,,,,,,,,,,,,,,
,04-22-2015,06:16:38, Lane 1 ,Fwd,FF,,139,5,50,,2,13.67,,,,,,,,,,,,,,,,,,,,,,,,13.67,-,,,,,,,,,,,,,,,,,,,,,,,,,-,-,,,,,,,,,,,,,,,,,,,,,,,,,
,04-22-2015,06:16:41, Lane 1 ,Fwd,FF,,140,3,51,,2,11.85,,,,,,,,,,,,,,,,,,,,,,,,11.85,-,,,,,,,,,,,,,,,,,,,,,,,,,-,-,,,,,,,,,,,,,,,,,,,,,,,,,
,04-22-2015,06:16:42, Lane 1 ,Fwd,FF,,141,2,50,,2,8.51,,,,,,,,,,,,,,,,,,,,,,,,8.51,-,,,,,,,,,,,,,,,,,,,,,,,,,-,-,,,,,,,,,,,,,,,,,,,,,,,,,
,04-22-2015,06:16:43, Lane 1 ,Fwd,FF,,142,3,51,,2,11.78,,,,,,,,,,,,,,,,,,,,,,,,11.78,-,,,,,,,,,,,,,,,,,,,,,,,,,-,-,,,,,,,,,,,,,,,,,,,,,,,,,
,04-22-2015,06:16:45, Lane 1 ,Fwd,FF,,143,2,48,,2,8.63,,,,,,,,,,,,,,,,,,,,,,,,8.63,-,,,,,,,,,,,,,,,,,,,,,,,,,-,-,,,,,,,,,,,,,,,,,,,,,,,,,
,04-22-2015,06:16:48, Lane 1 ,Fwd,FF,,144,2,47,,2,9.41,,,,,,,,,,,,,,,,,,,,,,,,9.41,-,,,,,,,,,,,,,,,,,,,,,,,,,-,-,,,,,,,,,,,,,,,,,,,,,,,,,
,04-22-2015,06:16:49, Lane 1 ,Fwd,FF,,145,2,48,,2,8.65,,,,,,,,,,,,,,,,,,,,,,,,8.65,-,,,,,,,,,,,,,,,,,,,,,,,,,-,-,,,,,,,,,,,,,,,,,,,,,,,,,
,04-22-2015,06:17:06, Lane 1 ,Fwd,FF,,146,2,57,,2,8.56,,,,,,,,,,,,,,,,,,,,,,,,8.56,-,,,,,,,,,,,,,,,,,,,,,,,,,-,-,,,,,,,,,,,,,,,,,,,,,,,,,
,04-22-2015,06:17:16, Lane 1 ,Fwd,FF,,147,2,60,,2,8.67,,,,,,,,,,,,,,,,,,,,,,,,8.67,-,,,,,,,,,,,,,,,,,,,,,,,,,-,-,,,,,,,,,,,,,,,,,,,,,,,,,
,04-22-2015,06:17:17, Lane 1 ,Fwd,FF,,148,2,64,,2,8.60,,,,,,,,,,,,,,,,,,,,,,,,8.60,-,,,,,,,,,,,,,,,,,,,,,,,,,-,-,,,,,,,,,,,,,,,,,,,,,,,,,
,04-22-2015,06:17:20, Lane 1 ,Fwd,FF,,149,2,65,,2,8.67,,,,,,,,,,,,,,,,,,,,,,,,8.67,-,,,,,,,,,,,,,,,,,,,,,,,,,-,-,,,,,,,,,,,,,,,,,,,,,,,,,
,04-22-2015,06:17:21, Lane 1 ,Fwd,FF,,150,2,63,,2,8.95,,,,,,,,,,,,,,,,,,,,,,,,8.95,-,,,,,,,,,,,,,,,,,,,,,,,,,-,-,,,,,,,,,,,,,,,,,,,,,,,,,
,04-22-2015,06:17:24, Lane 1 ,Fwd,FF,,151,2,63,,2,8.40,,,,,,,,,,,,,,,,,,,,,,,,8.40,-,,,,,,,,,,,,,,,,,,,,,,,,,-,-,,,,,,,,,,,,,,,,,,,,,,,,,
,04-22-2015,06:17:26, Lane 1 ,Fwd,FF,,152,2,61,,2,8.53,,,,,,,,,,,,,,,,,,,,,,,,8.53,-,,,,,,,,,,,,,,,,,,,,,,,,,-,-,,,,,,,,,,,,,,,,,,,,,,,,,
,04-22-2015,06:17:43, Lane 1 ,Fwd,FF,,153,5,52,,2,16.23,,,,,,,,,,,,,,,,,,,,,,,,16.23,-,,,,,,,,,,,,,,,,,,,,,,,,,-,-,,,,,,,,,,,,,,,,,,,,,,,,,
,04-22-2015,06:17:45, Lane 1 ,Fwd,FF,,154,5,55,,2,16.80,,,,,,,,,,,,,,,,,,,,,,,,16.80,-,,,,,,,,,,,,,,,,,,,,,,,,,-,-,,,,,,,,,,,,,,,,,,,,,,,,,
,04-22-2015,06:18:02, Lane 1 ,Fwd,FF,,155,2,62,,2,9.29,,,,,,,,,,,,,,,,,,,,,,,,9.29,-,,,,,,,,,,,,,,,,,,,,,,,,,-,-,,,,,,,,,,,,,,,,,,,,,,,,,
,04-22-2015,06:18:05, Lane 1 ,Fwd,FF,,156,3,60,,2,11.83,,,,,,,,,,,,,,,,,,,,,,,,11.83,-,,,,,,,,,,,,,,,,,,,,,,,,,-,-,,,,,,,,,,,,,,,,,,,,,,,,,
,04-22-2015,06:18:37, Lane 1 ,Fwd,FF,,157,2,64,,2,8.91,,,,,,,,,,,,,,,,,,,,,,,,8.91,-,,,,,,,,,,,,,,,,,,,,,,,,,-,-,,,,,,,,,,,,,,,,,,,,,,,,,
,04-22-2015,06:18:44, Lane 1 ,Fwd,FF,,158,3,63,,2,11.82,,,,,,,,,,,,,,,,,,,,,,,,11.82,-,,,,,,,,,,,,,,,,,,,,,,,,,-,-,,,,,,,,,,,,,,,,,,,,,,,,,
,04-22-2015,06:18:46, Lane 1 ,Fwd,FF,,159,2,60,,2,8.85,,,,,,,,,,,,,,,,,,,,,,,,8.85,-,,,,,,,,,,,,,,,,,,,,,,,,,-,-,,,,,,,,,,,,,,,,,,,,,,,,,
,04-22-2015,06:18:48, Lane 1 ,Fwd,FF,,160,3,63,,2,11.82,,,,,,,,,,,,,,,,,,,,,,,,11.82,-,,,,,,,,,,,,,,,,,,,,,,,,,-,-,,,,,,,,,,,,,,,,,,,,,,,,,
,04-22-2015,06:18:52, Lane 1 ,Fwd,FF,,161,3,58,,2,11.83,,,,,,,,,,,,,,,,,,,,,,,,11.83,-,,,,,,,,,,,,,,,,,,,,,,,,,-,-,,,,,,,,,,,,,,,,,,,,,,,,,
,04-22-2015,06:19:05, Lane 1 ,Fwd,FF,,162,2,58,,2,8.54,,,,,,,,,,,,,,,,,,,,,,,,8.54,-,,,,,,,,,,,,,,,,,,,,,,,,,-,-,,,,,,,,,,,,,,,,,,,,,,,,,
,04-22-2015,06:19:17, Lane 1 ,Fwd,FF,,163,2,58,,2,9.13,,,,,,,,,,,,,,,,,,,,,,,,9.13,-,,,,,,,,,,,,,,,,,,,,,,,,,-,-,,,,,,,,,,,,,,,,,,,,,,,,,
,04-22-2015,06:19:46, Lane 1 ,Fwd,FF,,164,2,57,,2,8.98,,,,,,,,,,,,,,,,,,,,,,,,8.98,-,,,,,,,,,,,,,,,,,,,,,,,,,-,-,,,,,,,,,,,,,,,,,,,,,,,,,
,04-22-2015,06:19:48, Lane 1 ,Fwd,FF,,165,2,57,,2,8.89,,,,,,,,,,,,,,,,,,,,,,,,8.89,-,,,,,,,,,,,,,,,,,,,,,,,,,-,-,,,,,,,,,,,,,,,,,,,,,,,,,
,04-22-2015,06:19:49, Lane 1 ,Fwd,FF,,166,2,57,,2,8.67,,,,,,,,,,,,,,,,,,,,,,,,8.67,-,,,,,,,,,,,,,,,,,,,,,,,,,-,-,,,,,,,,,,,,,,,,,,,,,,,,,
,04-22-2015,06:19:50, Lane 1 ,Fwd,FF,,167,2,56,,2,9.69,,,,,,,,,,,,,,,,,,,,,,,,9.69,-,,,,,,,,,,,,,,,,,,,,,,,,,-,-,,,,,,,,,,,,,,,,,,,,,,,,,
,04-22-2015,06:19:51, Lane 1 ,Fwd,FF,,168,2,58,,2,8.94,,,,,,,,,,,,,,,,,,,,,,,,8.94,-,,,,,,,,,,,,,,,,,,,,,,,,,-,-,,,,,,,,,,,,,,,,,,,,,,,,,
,04-22-2015,06:19:52, Lane 1 ,Fwd,FF,,169,2,59,,2,9.13,,,,,,,,,,,,,,,,,,,,,,,,9.13,-,,,,,,,,,,,,,,,,,,,,,,,,,-,-,,,,,,,,,,,,,,,,,,,,,,,,,
,04-22-2015,06:19:55, Lane 1 ,Fwd,FF,,170,2,58,,2,8.91,,,,,,,,,,,,,,,,,,,,,,,,8.91,-,,,,,,,,,,,,,,,,,,,,,,,,,-,-,,,,,,,,,,,,,,,,,,,,,,,,,
,04-22-2015,06:19:57, Lane 1 ,Fwd,FF,,171,2,56,,2,8.96,,,,,,,,,,,,,,,,,,,,,,,,8.96,-,,,,,,,,,,,,,,,,,,,,,,,,,-,-,,,,,,,,,,,,,,,,,,,,,,,,,
,04-22-2015,06:20:01, Lane 1 ,Fwd,FF,,172,2,54,,2,9.26,,,,,,,,,,,,,,,,,,,,,,,,9.26,-,,,,,,,,,,,,,,,,,,,,,,,,,-,-,,,,,,,,,,,,,,,,,,,,,,,,,
,04-22-2015,06:20:03, Lane 1 ,Fwd,FF,,173,3,55,,2,10.48,,,,,,,,,,,,,,,,,,,,,,,,10.48,-,,,,,,,,,,,,,,,,,,,,,,,,,-,-,,,,,,,,,,,,,,,,,,,,,,,,,
,04-22-2015,06:20:05, Lane 1 ,Fwd,FF,,174,2,56,,2,8.47,,,,,,,,,,,,,,,,,,,,,,,,8.47,-,,,,,,,,,,,,,,,,,,,,,,,,,-,-,,,,,,,,,,,,,,,,,,,,,,,,,
,04-22-2015,06:20:07, Lane 1 ,Fwd,FF,,175,3,58,,2,10.31,,,,,,,,,,,,,,,,,,,,,,,,10.31,-,,,,,,,,,,,,,,,,,,,,,,,,,-,-,,,,,,,,,,,,,,,,,,,,,,,,,
,04-22-2015,06:20:08, Lane 1 ,Fwd,FF,,176,3,56,,2,10.77,,,,,,,,,,,,,,,,,,,,,,,,10.77,-,,,,,,,,,,,,,,,,,,,,,,,,,-,-,,,,,,,,,,,,,,,,,,,,,,,,,
,04-22-2015,06:20:09, Lane 1 ,Fwd,FF,,177,2,55,,2,9.00,,,,,,,,,,,,,,,,,,,,,,,,9.00,-,,,,,,,,,,,,,,,,,,,,,,,,,-,-,,,,,,,,,,,,,,,,,,,,,,,,,
,04-22-2015,06:20:10, Lane 1 ,Fwd,FF,,178,2,55,,2,9.18,,,,,,,,,,,,,,,,,,,,,,,,9.18,-,,,,,,,,,,,,,,,,,,,,,,,,,-,-,,,,,,,,,,,,,,,,,,,,,,,,,
,04-22-2015,06:20:12, Lane 1 ,Fwd,FF,,179,2,57,,2,8.59,,,,,,,,,,,,,,,,,,,,,,,,8.59,-,,,,,,,,,,,,,,,,,,,,,,,,,-,-,,,,,,,,,,,,,,,,,,,,,,,,,
,04-22-2015,06:20:13, Lane 1 ,Fwd,FF,,180,3,58,,2,10.46,,,,,,,,,,,,,,,,,,,,,,,,10.46,-,,,,,,,,,,,,,,,,,,,,,,,,,-,-,,,,,,,,,,,,,,,,,,,,,,,,,
,04-22-2015,06:20:20, Lane 1 ,Fwd,FF,,181,3,56,,2,11.84,,,,,,,,,,,,,,,,,,,,,,,,11.84,-,,,,,,,,,,,,,,,,,,,,,,,,,-,-,,,,,,,,,,,,,,,,,,,,,,,,,
,04-22-2015,06:20:25, Lane 1 ,Fwd,FF,,182,2,58,,2,8.49,,,,,,,,,,,,,,,,,,,,,,,,8.49,-,,,,,,,,,,,,,,,,,,,,,,,,,-,-,,,,,,,,,,,,,,,,,,,,,,,,,
,04-22-2015,06:20:27, Lane 1 ,Fwd,FF,,183,2,58,,2,7.86,,,,,,,,,,,,,,,,,,,,,,,,7.86,-,,,,,,,,,,,,,,,,,,,,,,,,,-,-,,,,,,,,,,,,,,,,,,,,,,,,,
,04-22-2015,06:20:43, Lane 1 ,Fwd,FF,,184,2,52,,2,9.48,,,,,,,,,,,,,,,,,,,,,,,,9.48,-,,,,,,,,,,,,,,,,,,,,,,,,,-,-,,,,,,,,,,,,,,,,,,,,,,,,,
,04-22-2015,06:20:46, Lane 1 ,Fwd,FF,,185,6,56,,3,15.68,4.49,,,,,,,,,,,,,,,,,,,,,,,20.17,-,,,,,,,,,,,,,,,,,,,,,,,,,-,-,,,,,,,,,,,,,,,,,,,,,,,,,
,04-22-2015,06:20:47, Lane 1 ,Fwd,FF,,186,2,54,,2,9.14,,,,,,,,,,,,,,,,,,,,,,,,9.14,-,,,,,,,,,,,,,,,,,,,,,,,,,-,-,,,,,,,,,,,,,,,,,,,,,,,,,
,04-22-2015,06:20:49, Lane 1 ,Fwd,FF,,187,2,58,,2,9.26,,,,,,,,,,,,,,,,,,,,,,,,9.26,-,,,,,,,,,,,,,,,,,,,,,,,,,-,-,,,,,,,,,,,,,,,,,,,,,,,,,
,04-22-2015,06:20:55, Lane 1 ,Fwd,FF,,188,3,60,,2,11.82,,,,,,,,,,,,,,,,,,,,,,,,11.82,-,,,,,,,,,,,,,,,,,,,,,,,,,-,-,,,,,,,,,,,,,,,,,,,,,,,,,
,04-22-2015,06:21:00, Lane 1 ,Fwd,FF,,189,3,53,,2,10.77,,,,,,,,,,,,,,,,,,,,,,,,10.77,-,,,,,,,,,,,,,,,,,,,,,,,,,-,-,,,,,,,,,,,,,,,,,,,,,,,,,
,04-22-2015,06:21:01, Lane 1 ,Fwd,FF,,190,2,52,,2,8.71,,,,,,,,,,,,,,,,,,,,,,,,8.71,-,,,,,,,,,,,,,,,,,,,,,,,,,-,-,,,,,,,,,,,,,,,,,,,,,,,,,
,04-22-2015,06:21:09, Lane 1 ,Fwd,FF,,191,2,58,,2,8.68,,,,,,,,,,,,,,,,,,,,,,,,8.68,-,,,,,,,,,,,,,,,,,,,,,,,,,-,-,,,,,,,,,,,,,,,,,,,,,,,,,
,04-22-2015,06:21:15, Lane 1 ,Fwd,FF,,192,2,58,,2,8.14,,,,,,,,,,,,,,,,,,,,,,,,8.14,-,,,,,,,,,,,,,,,,,,,,,,,,,-,-,,,,,,,,,,,,,,,,,,,,,,,,,
,04-22-2015,06:21:18, Lane 1 ,Fwd,FF,,193,3,58,,2,11.75,,,,,,,,,,,,,,,,,,,,,,,,11.75,-,,,,,,,,,,,,,,,,,,,,,,,,,-,-,,,,,,,,,,,,,,,,,,,,,,,,,
,04-22-2015,06:21:20, Lane 1 ,Fwd,FF,,194,2,61,,2,9.07,,,,,,,,,,,,,,,,,,,,,,,,9.07,-,,,,,,,,,,,,,,,,,,,,,,,,,-,-,,,,,,,,,,,,,,,,,,,,,,,,,
,04-22-2015,06:21:22, Lane 1 ,Fwd,FF,,195,2,63,,2,8.68,,,,,,,,,,,,,,,,,,,,,,,,8.68,-,,,,,,,,,,,,,,,,,,,,,,,,,-,-,,,,,,,,,,,,,,,,,,,,,,,,,
,04-22-2015,06:21:24, Lane 1 ,Fwd,FF,,196,2,63,,2,9.05,,,,,,,,,,,,,,,,,,,,,,,,9.05,-,,,,,,,,,,,,,,,,,,,,,,,,,-,-,,,,,,,,,,,,,,,,,,,,,,,,,
,04-22-2015,06:21:25, Lane 1 ,Fwd,FF,,197,2,64,,2,8.91,,,,,,,,,,,,,,,,,,,,,,,,8.91,-,,,,,,,,,,,,,,,,,,,,,,,,,-,-,,,,,,,,,,,,,,,,,,,,,,,,,
,04-22-2015,06:21:29, Lane 1 ,Fwd,FF,,198,2,60,,2,8.91,,,,,,,,,,,,,,,,,,,,,,,,8.91,-,,,,,,,,,,,,,,,,,,,,,,,,,-,-,,,,,,,,,,,,,,,,,,,,,,,,,
,04-22-2015,06:21:32, Lane 1 ,Fwd,FF,,199,2,60,,2,9.11,,,,,,,,,,,,,,,,,,,,,,,,9.11,-,,,,,,,,,,,,,,,,,,,,,,,,,-,-,,,,,,,,,,,,,,,,,,,,,,,,,
,04-22-2015,06:22:04, Lane 1 ,Fwd,FF,,200,3,56,,2,11.18,,,,,,,,,,,,,,,,,,,,,,,,11.18,-,,,,,,,,,,,,,,,,,,,,,,,,,-,-,,,,,,,,,,,,,,,,,,,,,,,,,
,04-22-2015,06:22:07, Lane 1 ,Fwd,FF,,201,2,58,,2,8.57,,,,,,,,,,,,,,,,,,,,,,,,8.57,-,,,,,,,,,,,,,,,,,,,,,,,,,-,-,,,,,,,,,,,,,,,,,,,,,,,,,
,04-22-2015,06:22:08, Lane 1 ,Fwd,FF,,202,2,61,,2,9.23,,,,,,,,,,,,,,,,,,,,,,,,9.23,-,,,,,,,,,,,,,,,,,,,,,,,,,-,-,,,,,,,,,,,,,,,,,,,,,,,,,
,04-22-2015,06:22:10, Lane 1 ,Fwd,FF,,203,2,63,,2,8.80,,,,,,,,,,,,,,,,,,,,,,,,8.80,-,,,,,,,,,,,,,,,,,,,,,,,,,-,-,,,,,,,,,,,,,,,,,,,,,,,,,
,04-22-2015,06:22:11, Lane 1 ,Fwd,FF,,204,2,64,,2,9.85,,,,,,,,,,,,,,,,,,,,,,,,9.85,-,,,,,,,,,,,,,,,,,,,,,,,,,-,-,,,,,,,,,,,,,,,,,,,,,,,,,
,04-22-2015,06:22:15, Lane 1 ,Fwd,FF,,205,2,58,,2,8.51,,,,,,,,,,,,,,,,,,,,,,,,8.51,-,,,,,,,,,,,,,,,,,,,,,,,,,-,-,,,,,,,,,,,,,,,,,,,,,,,,,
,04-22-2015,06:22:18, Lane 1 ,Fwd,FF,,206,3,59,,2,10.71,,,,,,,,,,,,,,,,,,,,,,,,10.71,-,,,,,,,,,,,,,,,,,,,,,,,,,-,-,,,,,,,,,,,,,,,,,,,,,,,,,
,04-22-2015,06:22:21, Lane 1 ,Fwd,FF,,207,2,61,,2,9.25,,,,,,,,,,,,,,,,,,,,,,,,9.25,-,,,,,,,,,,,,,,,,,,,,,,,,,-,-,,,,,,,,,,,,,,,,,,,,,,,,,
,04-22-2015,06:22:24, Lane 1 ,Fwd,FF,,208,2,57,,2,8.56,,,,,,,,,,,,,,,,,,,,,,,,8.56,-,,,,,,,,,,,,,,,,,,,,,,,,,-,-,,,,,,,,,,,,,,,,,,,,,,,,,
,04-22-2015,06:22:27, Lane 1 ,Fwd,FF,,209,2,59,,2,9.65,,,,,,,,,,,,,,,,,,,,,,,,9.65,-,,,,,,,,,,,,,,,,,,,,,,,,,-,-,,,,,,,,,,,,,,,,,,,,,,,,,
,04-22-2015,06:22:28, Lane 1 ,Fwd,FF,,210,2,56,,2,8.98,,,,,,,,,,,,,,,,,,,,,,,,8.98,-,,,,,,,,,,,,,,,,,,,,,,,,,-,-,,,,,,,,,,,,,,,,,,,,,,,,,
,04-22-2015,06:22:29, Lane 1 ,Fwd,FF,,211,2,54,,2,8.84,,,,,,,,,,,,,,,,,,,,,,,,8.84,-,,,,,,,,,,,,,,,,,,,,,,,,,-,-,,,,,,,,,,,,,,,,,,,,,,,,,
,04-22-2015,06:22:30, Lane 1 ,Fwd,FF,,212,3,52,,2,11.77,,,,,,,,,,,,,,,,,,,,,,,,11.77,-,,,,,,,,,,,,,,,,,,,,,,,,,-,-,,,,,,,,,,,,,,,,,,,,,,,,,
,04-22-2015,06:22:36, Lane 1 ,Fwd,FF,,213,3,55,,2,11.27,,,,,,,,,,,,,,,,,,,,,,,,11.27,-,,,,,,,,,,,,,,,,,,,,,,,,,-,-,,,,,,,,,,,,,,,,,,,,,,,,,
,04-22-2015,06:22:37, Lane 1 ,Fwd,FF,,214,3,55,,2,10.64,,,,,,,,,,,,,,,,,,,,,,,,10.64,-,,,,,,,,,,,,,,,,,,,,,,,,,-,-,,,,,,,,,,,,,,,,,,,,,,,,,
,04-22-2015,06:22:38, Lane 1 ,Fwd,FF,,215,2,55,,2,8.70,,,,,,,,,,,,,,,,,,,,,,,,8.70,-,,,,,,,,,,,,,,,,,,,,,,,,,-,-,,,,,,,,,,,,,,,,,,,,,,,,,
,04-22-2015,06:22:46, Lane 1 ,Fwd,FF,,216,3,61,,2,10.94,,,,,,,,,,,,,,,,,,,,,,,,10.94,-,,,,,,,,,,,,,,,,,,,,,,,,,-,-,,,,,,,,,,,,,,,,,,,,,,,,,
,04-22-2015,06:22:47, Lane 1 ,Fwd,FF,,217,2,59,,2,8.98,,,,,,,,,,,,,,,,,,,,,,,,8.98,-,,,,,,,,,,,,,,,,,,,,,,,,,-,-,,,,,,,,,,,,,,,,,,,,,,,,,
,04-22-2015,06:22:51, Lane 1 ,Fwd,FF,,218,2,61,,2,8.71,,,,,,,,,,,,,,,,,,,,,,,,8.71,-,,,,,,,,,,,,,,,,,,,,,,,,,-,-,,,,,,,,,,,,,,,,,,,,,,,,,
,04-22-2015,06:22:52, Lane 1 ,Fwd,FF,,219,2,64,,4,8.91,38.91,9.19,,,,,,,,,,,,,,,,,,,,,,57.01,-,,,,,,,,,,,,,,,,,,,,,,,,,-,-,,,,,,,,,,,,,,,,,,,,,,,,,
,04-22-2015,06:22:54, Lane 1 ,Fwd,FF,,220,2,65,,2,8.19,,,,,,,,,,,,,,,,,,,,,,,,8.19,-,,,,,,,,,,,,,,,,,,,,,,,,,-,-,,,,,,,,,,,,,,,,,,,,,,,,,
,04-22-2015,06:22:58, Lane 1 ,Fwd,FF,,221,3,67,,2,12.20,,,,,,,,,,,,,,,,,,,,,,,,12.20,-,,,,,,,,,,,,,,,,,,,,,,,,,-,-,,,,,,,,,,,,,,,,,,,,,,,,,
,04-22-2015,06:23:02, Lane 1 ,Fwd,FF,,222,2,68,,2,8.50,,,,,,,,,,,,,,,,,,,,,,,,8.50,-,,,,,,,,,,,,,,,,,,,,,,,,,-,-,,,,,,,,,,,,,,,,,,,,,,,,,
,04-22-2015,06:23:04, Lane 1 ,Fwd,FF,,223,2,66,,2,9.98,,,,,,,,,,,,,,,,,,,,,,,,9.98,-,,,,,,,,,,,,,,,,,,,,,,,,,-,-,,,,,,,,,,,,,,,,,,,,,,,,,
,04-22-2015,06:23:11, Lane 1 ,Fwd,FF,,224,2,62,,3,8.84,9.84,,,,,,,,,,,,,,,,,,,,,,,18.68,-,,,,,,,,,,,,,,,,,,,,,,,,,-,-,,,,,,,,,,,,,,,,,,,,,,,,,
,04-22-2015,06:23:15, Lane 1 ,Fwd,FF,,225,2,59,,2,8.52,,,,,,,,,,,,,,,,,,,,,,,,8.52,-,,,,,,,,,,,,,,,,,,,,,,,,,-,-,,,,,,,,,,,,,,,,,,,,,,,,,
,04-22-2015,06:23:17, Lane 1 ,Fwd,FF,,226,3,60,,2,10.86,,,,,,,,,,,,,,,,,,,,,,,,10.86,-,,,,,,,,,,,,,,,,,,,,,,,,,-,-,,,,,,,,,,,,,,,,,,,,,,,,,
,04-22-2015,06:23:21, Lane 1 ,Fwd,FF,,227,3,57,,2,10.99,,,,,,,,,,,,,,,,,,,,,,,,10.99,-,,,,,,,,,,,,,,,,,,,,,,,,,-,-,,,,,,,,,,,,,,,,,,,,,,,,,
,04-22-2015,06:23:23, Lane 1 ,Fwd,FF,,228,3,59,,3,12.95,13.90,,,,,,,,,,,,,,,,,,,,,,,26.85,-,,,,,,,,,,,,,,,,,,,,,,,,,-,-,,,,,,,,,,,,,,,,,,,,,,,,,
,04-22-2015,06:23:27, Lane 1 ,Fwd,FF,,229,2,59,,2,8.70,,,,,,,,,,,,,,,,,,,,,,,,8.70,-,,,,,,,,,,,,,,,,,,,,,,,,,-,-,,,,,,,,,,,,,,,,,,,,,,,,,
,04-22-2015,06:23:28, Lane 1 ,Fwd,FF,,230,3,58,,2,11.92,,,,,,,,,,,,,,,,,,,,,,,,11.92,-,,,,,,,,,,,,,,,,,,,,,,,,,-,-,,,,,,,,,,,,,,,,,,,,,,,,,
,04-22-2015,06:23:30, Lane 1 ,Fwd,FF,,231,2,59,,2,8.44,,,,,,,,,,,,,,,,,,,,,,,,8.44,-,,,,,,,,,,,,,,,,,,,,,,,,,-,-,,,,,,,,,,,,,,,,,,,,,,,,,
,04-22-2015,06:23:32, Lane 1 ,Fwd,FF,,232,2,61,,2,8.44,,,,,,,,,,,,,,,,,,,,,,,,8.44,-,,,,,,,,,,,,,,,,,,,,,,,,,-,-,,,,,,,,,,,,,,,,,,,,,,,,,
,04-22-2015,06:23:33, Lane 1 ,Fwd,FF,,233,2,60,,2,7.62,,,,,,,,,,,,,,,,,,,,,,,,7.62,-,,,,,,,,,,,,,,,,,,,,,,,,,-,-,,,,,,,,,,,,,,,,,,,,,,,,,
,04-22-2015,06:23:35, Lane 1 ,Fwd,FF,,234,2,57,,2,8.48,,,,,,,,,,,,,,,,,,,,,,,,8.48,-,,,,,,,,,,,,,,,,,,,,,,,,,-,-,,,,,,,,,,,,,,,,,,,,,,,,,
,04-22-2015,06:23:37, Lane 1 ,Fwd,FF,,235,2,56,,2,8.98,,,,,,,,,,,,,,,,,,,,,,,,8.98,-,,,,,,,,,,,,,,,,,,,,,,,,,-,-,,,,,,,,,,,,,,,,,,,,,,,,,
,04-22-2015,06:23:48, Lane 1 ,Fwd,FF,,236,2,63,,2,8.56,,,,,,,,,,,,,,,,,,,,,,,,8.56,-,,,,,,,,,,,,,,,,,,,,,,,,,-,-,,,,,,,,,,,,,,,,,,,,,,,,,
,04-22-2015,06:23:54, Lane 1 ,Fwd,FF,,237,3,58,,2,10.80,,,,,,,,,,,,,,,,,,,,,,,,10.80,-,,,,,,,,,,,,,,,,,,,,,,,,,-,-,,,,,,,,,,,,,,,,,,,,,,,,,
,04-22-2015,06:24:09, Lane 1 ,Fwd,FF,,238,2,61,,4,8.71,34.14,10.94,,,,,,,,,,,,,,,,,,,,,,53.79,-,,,,,,,,,,,,,,,,,,,,,,,,,-,-,,,,,,,,,,,,,,,,,,,,,,,,,
,04-22-2015,06:24:11, Lane 1 ,Fwd,FF,,239,2,63,,2,8.52,,,,,,,,,,,,,,,,,,,,,,,,8.52,-,,,,,,,,,,,,,,,,,,,,,,,,,-,-,,,,,,,,,,,,,,,,,,,,,,,,,
,04-22-2015,06:24:16, Lane 1 ,Fwd,FF,,240,2,58,,2,8.96,,,,,,,,,,,,,,,,,,,,,,,,8.96,-,,,,,,,,,,,,,,,,,,,,,,,,,-,-,,,,,,,,,,,,,,,,,,,,,,,,,
,04-22-2015,06:24:20, Lane 1 ,Fwd,FF,,241,2,59,,2,8.35,,,,,,,,,,,,,,,,,,,,,,,,8.35,-,,,,,,,,,,,,,,,,,,,,,,,,,-,-,,,,,,,,,,,,,,,,,,,,,,,,,
,04-22-2015,06:24:22, Lane 1 ,Fwd,FF,,242,2,60,,2,8.67,,,,,,,,,,,,,,,,,,,,,,,,8.67,-,,,,,,,,,,,,,,,,,,,,,,,,,-,-,,,,,,,,,,,,,,,,,,,,,,,,,
,04-22-2015,06:24:24, Lane 1 ,Fwd,FF,,243,2,60,,2,8.41,,,,,,,,,,,,,,,,,,,,,,,,8.41,-,,,,,,,,,,,,,,,,,,,,,,,,,-,-,,,,,,,,,,,,,,,,,,,,,,,,,
,04-22-2015,06:24:26, Lane 1 ,Fwd,FF,,244,4,60,,3,20.50,4.21,,,,,,,,,,,,,,,,,,,,,,,24.71,-,,,,,,,,,,,,,,,,,,,,,,,,,-,-,,,,,,,,,,,,,,,,,,,,,,,,,
,04-22-2015,06:24:29, Lane 1 ,Fwd,FF,,245,2,58,,2,7.75,,,,,,,,,,,,,,,,,,,,,,,,7.75,-,,,,,,,,,,,,,,,,,,,,,,,,,-,-,,,,,,,,,,,,,,,,,,,,,,,,,
,04-22-2015,06:24:30, Lane 1 ,Fwd,FF,,246,2,58,,2,8.70,,,,,,,,,,,,,,,,,,,,,,,,8.70,-,,,,,,,,,,,,,,,,,,,,,,,,,-,-,,,,,,,,,,,,,,,,,,,,,,,,,
,04-22-2015,06:24:31, Lane 1 ,Fwd,FF,,247,2,56,,2,9.02,,,,,,,,,,,,,,,,,,,,,,,,9.02,-,,,,,,,,,,,,,,,,,,,,,,,,,-,-,,,,,,,,,,,,,,,,,,,,,,,,,
,04-22-2015,06:24:33, Lane 1 ,Fwd,FF,,248,3,58,,2,12.51,,,,,,,,,,,,,,,,,,,,,,,,12.51,-,,,,,,,,,,,,,,,,,,,,,,,,,-,-,,,,,,,,,,,,,,,,,,,,,,,,,
,04-22-2015,06:24:36, Lane 1 ,Fwd,FF,,249,2,57,,2,9.84,,,,,,,,,,,,,,,,,,,,,,,,9.84,-,,,,,,,,,,,,,,,,,,,,,,,,,-,-,,,,,,,,,,,,,,,,,,,,,,,,,
,04-22-2015,06:24:39, Lane 1 ,Fwd,FF,,250,2,58,,2,9.02,,,,,,,,,,,,,,,,,,,,,,,,9.02,-,,,,,,,,,,,,,,,,,,,,,,,,,-,-,,,,,,,,,,,,,,,,,,,,,,,,,
,04-22-2015,06:24:41, Lane 1 ,Fwd,FF,,251,2,57,,2,8.48,,,,,,,,,,,,,,,,,,,,,,,,8.48,-,,,,,,,,,,,,,,,,,,,,,,,,,-,-,,,,,,,,,,,,,,,,,,,,,,,,,
,04-22-2015,06:24:43, Lane 1 ,Fwd,FF,,252,2,56,,2,8.65,,,,,,,,,,,,,,,,,,,,,,,,8.65,-,,,,,,,,,,,,,,,,,,,,,,,,,-,-,,,,,,,,,,,,,,,,,,,,,,,,,
,04-22-2015,06:24:45, Lane 1 ,Fwd,FF,,253,3,54,,2,11.84,,,,,,,,,,,,,,,,,,,,,,,,11.84,-,,,,,,,,,,,,,,,,,,,,,,,,,-,-,,,,,,,,,,,,,,,,,,,,,,,,,
,04-22-2015,06:24:46, Lane 1 ,Fwd,FF,,254,2,53,,2,8.88,,,,,,,,,,,,,,,,,,,,,,,,8.88,-,,,,,,,,,,,,,,,,,,,,,,,,,-,-,,,,,,,,,,,,,,,,,,,,,,,,,
,04-22-2015,06:24:48, Lane 1 ,Fwd,FF,,255,2,56,,2,8.90,,,,,,,,,,,,,,,,,,,,,,,,8.90,-,,,,,,,,,,,,,,,,,,,,,,,,,-,-,,,,,,,,,,,,,,,,,,,,,,,,,
,04-22-2015,06:24:50, Lane 1 ,Fwd,FF,,256,2,55,,2,9.34,,,,,,,,,,,,,,,,,,,,,,,,9.34,-,,,,,,,,,,,,,,,,,,,,,,,,,-,-,,,,,,,,,,,,,,,,,,,,,,,,,
,04-22-2015,06:24:52, Lane 1 ,Fwd,FF,,257,2,55,,2,9.04,,,,,,,,,,,,,,,,,,,,,,,,9.04,-,,,,,,,,,,,,,,,,,,,,,,,,,-,-,,,,,,,,,,,,,,,,,,,,,,,,,
,04-22-2015,06:24:54, Lane 1 ,Fwd,FF,,258,2,55,,2,9.18,,,,,,,,,,,,,,,,,,,,,,,,9.18,-,,,,,,,,,,,,,,,,,,,,,,,,,-,-,,,,,,,,,,,,,,,,,,,,,,,,,
,04-22-2015,06:24:56, Lane 1 ,Fwd,FF,,259,2,54,,2,8.58,,,,,,,,,,,,,,,,,,,,,,,,8.58,-,,,,,,,,,,,,,,,,,,,,,,,,,-,-,,,,,,,,,,,,,,,,,,,,,,,,,
,04-22-2015,06:24:57, Lane 1 ,Fwd,FF,,260,3,59,,2,10.62,,,,,,,,,,,,,,,,,,,,,,,,10.62,-,,,,,,,,,,,,,,,,,,,,,,,,,-,-,,,,,,,,,,,,,,,,,,,,,,,,,
,04-22-2015,06:25:01, Lane 1 ,Fwd,FF,,261,2,56,,2,9.31,,,,,,,,,,,,,,,,,,,,,,,,9.31,-,,,,,,,,,,,,,,,,,,,,,,,,,-,-,,,,,,,,,,,,,,,,,,,,,,,,,
,04-22-2015,06:25:09, Lane 1 ,Fwd,FF,,262,2,63,,2,9.25,,,,,,,,,,,,,,,,,,,,,,,,9.25,-,,,,,,,,,,,,,,,,,,,,,,,,,-,-,,,,,,,,,,,,,,,,,,,,,,,,,
,04-22-2015,06:25:11, Lane 1 ,Fwd,FF,,263,3,63,,2,11.54,,,,,,,,,,,,,,,,,,,,,,,,11.54,-,,,,,,,,,,,,,,,,,,,,,,,,,-,-,,,,,,,,,,,,,,,,,,,,,,,,,
,04-22-2015,06:25:28, Lane 1 ,Fwd,FF,,264,2,59,,2,9.67,,,,,,,,,,,,,,,,,,,,,,,,9.67,-,,,,,,,,,,,,,,,,,,,,,,,,,-,-,,,,,,,,,,,,,,,,,,,,,,,,,
,04-22-2015,06:25:32, Lane 1 ,Fwd,FF,,265,3,60,,2,11.83,,,,,,,,,,,,,,,,,,,,,,,,11.83,-,,,,,,,,,,,,,,,,,,,,,,,,,-,-,,,,,,,,,,,,,,,,,,,,,,,,,
,04-22-2015,06:25:33, Lane 1 ,Fwd,FF,,266,2,60,,2,8.59,,,,,,,,,,,,,,,,,,,,,,,,8.59,-,,,,,,,,,,,,,,,,,,,,,,,,,-,-,,,,,,,,,,,,,,,,,,,,,,,,,
,04-22-2015,06:25:37, Lane 1 ,Fwd,FF,,267,2,59,,2,8.46,,,,,,,,,,,,,,,,,,,,,,,,8.46,-,,,,,,,,,,,,,,,,,,,,,,,,,-,-,,,,,,,,,,,,,,,,,,,,,,,,,
,04-22-2015,06:25:39, Lane 1 ,Fwd,FF,,268,2,59,,2,8.78,,,,,,,,,,,,,,,,,,,,,,,,8.78,-,,,,,,,,,,,,,,,,,,,,,,,,,-,-,,,,,,,,,,,,,,,,,,,,,,,,,
,04-22-2015,06:25:41, Lane 1 ,Fwd,FF,,269,2,69,,2,8.98,,,,,,,,,,,,,,,,,,,,,,,,8.98,-,,,,,,,,,,,,,,,,,,,,,,,,,-,-,,,,,,,,,,,,,,,,,,,,,,,,,
,04-22-2015,06:25:46, Lane 1 ,Fwd,FF,,270,3,68,,2,12.89,,,,,,,,,,,,,,,,,,,,,,,,12.89,-,,,,,,,,,,,,,,,,,,,,,,,,,-,-,,,,,,,,,,,,,,,,,,,,,,,,,
,04-22-2015,06:25:56, Lane 1 ,Fwd,FF,,271,3,66,,2,10.75,,,,,,,,,,,,,,,,,,,,,,,,10.75,-,,,,,,,,,,,,,,,,,,,,,,,,,-,-,,,,,,,,,,,,,,,,,,,,,,,,,
,04-22-2015,06:25:58, Lane 1 ,Fwd,FF,,272,2,66,,2,8.81,,,,,,,,,,,,,,,,,,,,,,,,8.81,-,,,,,,,,,,,,,,,,,,,,,,,,,-,-,,,,,,,,,,,,,,,,,,,,,,,,,
,04-22-2015,06:26:02, Lane 1 ,Fwd,FF,,273,2,63,,2,8.86,,,,,,,,,,,,,,,,,,,,,,,,8.86,-,,,,,,,,,,,,,,,,,,,,,,,,,-,-,,,,,,,,,,,,,,,,,,,,,,,,,
,04-22-2015,06:26:03, Lane 1 ,Fwd,FF,,274,2,62,,2,8.75,,,,,,,,,,,,,,,,,,,,,,,,8.75,-,,,,,,,,,,,,,,,,,,,,,,,,,-,-,,,,,,,,,,,,,,,,,,,,,,,,,
,04-22-2015,06:26:09, Lane 1 ,Fwd,FF,,275,3,61,,2,11.82,,,,,,,,,,,,,,,,,,,,,,,,11.82,-,,,,,,,,,,,,,,,,,,,,,,,,,-,-,,,,,,,,,,,,,,,,,,,,,,,,,
,04-22-2015,06:26:12, Lane 1 ,Fwd,FF,,276,2,60,,2,10.06,,,,,,,,,,,,,,,,,,,,,,,,10.06,-,,,,,,,,,,,,,,,,,,,,,,,,,-,-,,,,,,,,,,,,,,,,,,,,,,,,,
,04-22-2015,06:26:15, Lane 1 ,Fwd,FF,,277,2,60,,2,8.59,,,,,,,,,,,,,,,,,,,,,,,,8.59,-,,,,,,,,,,,,,,,,,,,,,,,,,-,-,,,,,,,,,,,,,,,,,,,,,,,,,
,04-22-2015,06:26:17, Lane 1 ,Fwd,FF,,278,2,62,,2,9.29,,,,,,,,,,,,,,,,,,,,,,,,9.29,-,,,,,,,,,,,,,,,,,,,,,,,,,-,-,,,,,,,,,,,,,,,,,,,,,,,,,
,04-22-2015,06:26:19, Lane 1 ,Fwd,FF,,279,3,61,,2,10.93,,,,,,,,,,,,,,,,,,,,,,,,10.93,-,,,,,,,,,,,,,,,,,,,,,,,,,-,-,,,,,,,,,,,,,,,,,,,,,,,,,
,04-22-2015,06:26:20, Lane 1 ,Fwd,FF,,280,2,62,,2,8.66,,,,,,,,,,,,,,,,,,,,,,,,8.66,-,,,,,,,,,,,,,,,,,,,,,,,,,-,-,,,,,,,,,,,,,,,,,,,,,,,,,
,04-22-2015,06:26:25, Lane 1 ,Fwd,FF,,281,2,64,,2,8.63,,,,,,,,,,,,,,,,,,,,,,,,8.63,-,,,,,,,,,,,,,,,,,,,,,,,,,-,-,,,,,,,,,,,,,,,,,,,,,,,,,
,04-22-2015,06:26:26, Lane 1 ,Fwd,FF,,282,3,63,,2,11.91,,,,,,,,,,,,,,,,,,,,,,,,11.91,-,,,,,,,,,,,,,,,,,,,,,,,,,-,-,,,,,,,,,,,,,,,,,,,,,,,,,
,04-22-2015,06:26:33, Lane 1 ,Fwd,FF,,283,2,60,,2,7.59,,,,,,,,,,,,,,,,,,,,,,,,7.59,-,,,,,,,,,,,,,,,,,,,,,,,,,-,-,,,,,,,,,,,,,,,,,,,,,,,,,
,04-22-2015,06:26:37, Lane 1 ,Fwd,FF,,284,2,63,,2,8.40,,,,,,,,,,,,,,,,,,,,,,,,8.40,-,,,,,,,,,,,,,,,,,,,,,,,,,-,-,,,,,,,,,,,,,,,,,,,,,,,,,
,04-22-2015,06:26:43, Lane 1 ,Fwd,FF,,285,2,63,,2,8.84,,,,,,,,,,,,,,,,,,,,,,,,8.84,-,,,,,,,,,,,,,,,,,,,,,,,,,-,-,,,,,,,,,,,,,,,,,,,,,,,,,
,04-22-2015,06:26:46, Lane 1 ,Fwd,FF,,286,2,66,,2,9.48,,,,,,,,,,,,,,,,,,,,,,,,9.48,-,,,,,,,,,,,,,,,,,,,,,,,,,-,-,,,,,,,,,,,,,,,,,,,,,,,,,
,04-22-2015,06:26:48, Lane 1 ,Fwd,FF,,287,2,65,,2,8.57,,,,,,,,,,,,,,,,,,,,,,,,8.57,-,,,,,,,,,,,,,,,,,,,,,,,,,-,-,,,,,,,,,,,,,,,,,,,,,,,,,
,04-22-2015,06:26:50, Lane 1 ,Fwd,FF,,288,2,66,,2,8.52,,,,,,,,,,,,,,,,,,,,,,,,8.52,-,,,,,,,,,,,,,,,,,,,,,,,,,-,-,,,,,,,,,,,,,,,,,,,,,,,,,
,04-22-2015,06:26:51, Lane 1 ,Fwd,FF,,289,2,67,,2,8.95,,,,,,,,,,,,,,,,,,,,,,,,8.95,-,,,,,,,,,,,,,,,,,,,,,,,,,-,-,,,,,,,,,,,,,,,,,,,,,,,,,
,04-22-2015,06:26:52, Lane 1 ,Fwd,FF,,290,2,67,,2,8.56,,,,,,,,,,,,,,,,,,,,,,,,8.56,-,,,,,,,,,,,,,,,,,,,,,,,,,-,-,,,,,,,,,,,,,,,,,,,,,,,,,
,04-22-2015,06:27:00, Lane 1 ,Fwd,FF,,291,3,61,,2,10.84,,,,,,,,,,,,,,,,,,,,,,,,10.84,-,,,,,,,,,,,,,,,,,,,,,,,,,-,-,,,,,,,,,,,,,,,,,,,,,,,,,
,04-22-2015,06:27:02, Lane 1 ,Fwd,FF,,292,2,59,,2,8.09,,,,,,,,,,,,,,,,,,,,,,,,8.09,-,,,,,,,,,,,,,,,,,,,,,,,,,-,-,,,,,,,,,,,,,,,,,,,,,,,,,
,04-22-2015,06:27:43, Lane 1 ,Fwd,FF,,293,2,62,,2,8.64,,,,,,,,,,,,,,,,,,,,,,,,8.64,-,,,,,,,,,,,,,,,,,,,,,,,,,-,-,,,,,,,,,,,,,,,,,,,,,,,,,
,04-22-2015,06:27:50, Lane 1 ,Fwd,FF,,294,2,61,,2,9.31,,,,,,,,,,,,,,,,,,,,,,,,9.31,-,,,,,,,,,,,,,,,,,,,,,,,,,-,-,,,,,,,,,,,,,,,,,,,,,,,,,
,04-22-2015,06:27:56, Lane 1 ,Fwd,FF,,295,2,57,,2,9.65,,,,,,,,,,,,,,,,,,,,,,,,9.65,-,,,,,,,,,,,,,,,,,,,,,,,,,-,-,,,,,,,,,,,,,,,,,,,,,,,,,
,04-22-2015,06:27:57, Lane 1 ,Fwd,FF,,296,2,56,,2,8.44,,,,,,,,,,,,,,,,,,,,,,,,8.44,-,,,,,,,,,,,,,,,,,,,,,,,,,-,-,,,,,,,,,,,,,,,,,,,,,,,,,
,04-22-2015,06:28:09, Lane 1 ,Fwd,FF,,297,2,57,,2,9.33,,,,,,,,,,,,,,,,,,,,,,,,9.33,-,,,,,,,,,,,,,,,,,,,,,,,,,-,-,,,,,,,,,,,,,,,,,,,,,,,,,
,04-22-2015,06:28:10, Lane 1 ,Fwd,FF,,298,2,60,,2,8.91,,,,,,,,,,,,,,,,,,,,,,,,8.91,-,,,,,,,,,,,,,,,,,,,,,,,,,-,-,,,,,,,,,,,,,,,,,,,,,,,,,
,04-22-2015,06:28:19, Lane 1 ,Fwd,FF,,299,3,60,,2,10.42,,,,,,,,,,,,,,,,,,,,,,,,10.42,-,,,,,,,,,,,,,,,,,,,,,,,,,-,-,,,,,,,,,,,,,,,,,,,,,,,,,
,04-22-2015,06:28:21, Lane 1 ,Fwd,FF,,300,2,60,,2,9.18,,,,,,,,,,,,,,,,,,,,,,,,9.18,-,,,,,,,,,,,,,,,,,,,,,,,,,-,-,,,,,,,,,,,,,,,,,,,,,,,,,
,04-22-2015,06:28:22, Lane 1 ,Fwd,FF,,301,2,61,,2,8.98,,,,,,,,,,,,,,,,,,,,,,,,8.98,-,,,,,,,,,,,,,,,,,,,,,,,,,-,-,,,,,,,,,,,,,,,,,,,,,,,,,
,04-22-2015,06:28:26, Lane 1 ,Fwd,FF,,302,3,58,,2,10.54,,,,,,,,,,,,,,,,,,,,,,,,10.54,-,,,,,,,,,,,,,,,,,,,,,,,,,-,-,,,,,,,,,,,,,,,,,,,,,,,,,
,04-22-2015,06:28:29, Lane 1 ,Fwd,FF,,303,2,58,,2,9.19,,,,,,,,,,,,,,,,,,,,,,,,9.19,-,,,,,,,,,,,,,,,,,,,,,,,,,-,-,,,,,,,,,,,,,,,,,,,,,,,,,
,04-22-2015,06:28:31, Lane 1 ,Fwd,FF,,304,2,58,,2,7.97,,,,,,,,,,,,,,,,,,,,,,,,7.97,-,,,,,,,,,,,,,,,,,,,,,,,,,-,-,,,,,,,,,,,,,,,,,,,,,,,,,
,04-22-2015,06:28:33, Lane 1 ,Fwd,FF,,305,3,60,,2,11.48,,,,,,,,,,,,,,,,,,,,,,,,11.48,-,,,,,,,,,,,,,,,,,,,,,,,,,-,-,,,,,,,,,,,,,,,,,,,,,,,,,
,04-22-2015,06:28:35, Lane 1 ,Fwd,FF,,306,2,60,,2,8.76,,,,,,,,,,,,,,,,,,,,,,,,8.76,-,,,,,,,,,,,,,,,,,,,,,,,,,-,-,,,,,,,,,,,,,,,,,,,,,,,,,
,04-22-2015,06:28:36, Lane 1 ,Fwd,FF,,307,2,60,,2,8.83,,,,,,,,,,,,,,,,,,,,,,,,8.83,-,,,,,,,,,,,,,,,,,,,,,,,,,-,-,,,,,,,,,,,,,,,,,,,,,,,,,
,04-22-2015,06:28:38, Lane 1 ,Fwd,FF,,308,3,59,,2,11.92,,,,,,,,,,,,,,,,,,,,,,,,11.92,-,,,,,,,,,,,,,,,,,,,,,,,,,-,-,,,,,,,,,,,,,,,,,,,,,,,,,
,04-22-2015,06:28:39, Lane 1 ,Fwd,FF,,309,2,63,,2,8.84,,,,,,,,,,,,,,,,,,,,,,,,8.84,-,,,,,,,,,,,,,,,,,,,,,,,,,-,-,,,,,,,,,,,,,,,,,,,,,,,,,
,04-22-2015,06:29:00, Lane 1 ,Fwd,FF,,310,3,58,,2,10.90,,,,,,,,,,,,,,,,,,,,,,,,10.90,-,,,,,,,,,,,,,,,,,,,,,,,,,-,-,,,,,,,,,,,,,,,,,,,,,,,,,
,04-22-2015,06:29:17, Lane 1 ,Fwd,FF,,311,3,72,,2,12.00,,,,,,,,,,,,,,,,,,,,,,,,12.00,-,,,,,,,,,,,,,,,,,,,,,,,,,-,-,,,,,,,,,,,,,,,,,,,,,,,,,
,04-22-2015,06:29:20, Lane 1 ,Fwd,FF,,312,2,56,,2,8.41,,,,,,,,,,,,,,,,,,,,,,,,8.41,-,,,,,,,,,,,,,,,,,,,,,,,,,-,-,,,,,,,,,,,,,,,,,,,,,,,,,
,04-22-2015,06:29:21, Lane 1 ,Fwd,FF,,313,2,57,,2,8.89,,,,,,,,,,,,,,,,,,,,,,,,8.89,-,,,,,,,,,,,,,,,,,,,,,,,,,-,-,,,,,,,,,,,,,,,,,,,,,,,,,
,04-22-2015,06:29:24, Lane 1 ,Fwd,FF,,314,2,56,,2,8.71,,,,,,,,,,,,,,,,,,,,,,,,8.71,-,,,,,,,,,,,,,,,,,,,,,,,,,-,-,,,,,,,,,,,,,,,,,,,,,,,,,
,04-22-2015,06:29:29, Lane 1 ,Fwd,FF,,315,2,59,,2,8.72,,,,,,,,,,,,,,,,,,,,,,,,8.72,-,,,,,,,,,,,,,,,,,,,,,,,,,-,-,,,,,,,,,,,,,,,,,,,,,,,,,
,04-22-2015,06:29:31, Lane 1 ,Fwd,FF,,316,2,61,,2,9.16,,,,,,,,,,,,,,,,,,,,,,,,9.16,-,,,,,,,,,,,,,,,,,,,,,,,,,-,-,,,,,,,,,,,,,,,,,,,,,,,,,
,04-22-2015,06:29:32, Lane 1 ,Fwd,FF,,317,2,61,,2,8.96,,,,,,,,,,,,,,,,,,,,,,,,8.96,-,,,,,,,,,,,,,,,,,,,,,,,,,-,-,,,,,,,,,,,,,,,,,,,,,,,,,
,04-22-2015,06:29:34, Lane 1 ,Fwd,FF,,318,2,63,,2,9.03,,,,,,,,,,,,,,,,,,,,,,,,9.03,-,,,,,,,,,,,,,,,,,,,,,,,,,-,-,,,,,,,,,,,,,,,,,,,,,,,,,
,04-22-2015,06:29:38, Lane 1 ,Fwd,FF,,319,2,63,,2,8.95,,,,,,,,,,,,,,,,,,,,,,,,8.95,-,,,,,,,,,,,,,,,,,,,,,,,,,-,-,,,,,,,,,,,,,,,,,,,,,,,,,
,04-22-2015,06:30:31, Lane 1 ,Fwd,FF,,320,3,59,,2,11.31,,,,,,,,,,,,,,,,,,,,,,,,11.31,-,,,,,,,,,,,,,,,,,,,,,,,,,-,-,,,,,,,,,,,,,,,,,,,,,,,,,
,04-22-2015,06:30:32, Lane 1 ,Fwd,FF,,321,2,60,,2,8.65,,,,,,,,,,,,,,,,,,,,,,,,8.65,-,,,,,,,,,,,,,,,,,,,,,,,,,-,-,,,,,,,,,,,,,,,,,,,,,,,,,
,04-22-2015,06:30:38, Lane 1 ,Fwd,FF,,322,3,60,,2,11.82,,,,,,,,,,,,,,,,,,,,,,,,11.82,-,,,,,,,,,,,,,,,,,,,,,,,,,-,-,,,,,,,,,,,,,,,,,,,,,,,,,
,04-22-2015,06:30:40, Lane 1 ,Fwd,FF,,323,2,61,,2,8.87,,,,,,,,,,,,,,,,,,,,,,,,8.87,-,,,,,,,,,,,,,,,,,,,,,,,,,-,-,,,,,,,,,,,,,,,,,,,,,,,,,
,04-22-2015,06:30:41, Lane 1 ,Fwd,FF,,324,2,60,,2,9.99,,,,,,,,,,,,,,,,,,,,,,,,9.99,-,,,,,,,,,,,,,,,,,,,,,,,,,-,-,,,,,,,,,,,,,,,,,,,,,,,,,
,04-22-2015,06:30:42, Lane 1 ,Fwd,FF,,325,3,58,,2,10.80,,,,,,,,,,,,,,,,,,,,,,,,10.80,-,,,,,,,,,,,,,,,,,,,,,,,,,-,-,,,,,,,,,,,,,,,,,,,,,,,,,
,04-22-2015,06:30:44, Lane 1 ,Fwd,FF,,326,2,62,,2,8.48,,,,,,,,,,,,,,,,,,,,,,,,8.48,-,,,,,,,,,,,,,,,,,,,,,,,,,-,-,,,,,,,,,,,,,,,,,,,,,,,,,
,04-22-2015,06:30:48, Lane 1 ,Fwd,FF,,327,2,59,,2,8.98,,,,,,,,,,,,,,,,,,,,,,,,8.98,-,,,,,,,,,,,,,,,,,,,,,,,,,-,-,,,,,,,,,,,,,,,,,,,,,,,,,
,04-22-2015,06:30:50, Lane 1 ,Fwd,FF,,328,3,57,,2,10.83,,,,,,,,,,,,,,,,,,,,,,,,10.83,-,,,,,,,,,,,,,,,,,,,,,,,,,-,-,,,,,,,,,,,,,,,,,,,,,,,,,
,04-22-2015,06:30:53, Lane 1 ,Fwd,FF,,329,2,56,,2,8.96,,,,,,,,,,,,,,,,,,,,,,,,8.96,-,,,,,,,,,,,,,,,,,,,,,,,,,-,-,,,,,,,,,,,,,,,,,,,,,,,,,
,04-22-2015,06:30:54, Lane 1 ,Fwd,FF,,330,2,56,,2,9.78,,,,,,,,,,,,,,,,,,,,,,,,9.78,-,,,,,,,,,,,,,,,,,,,,,,,,,-,-,,,,,,,,,,,,,,,,,,,,,,,,,
,04-22-2015,06:30:56, Lane 1 ,Fwd,FF,,331,2,53,,2,8.92,,,,,,,,,,,,,,,,,,,,,,,,8.92,-,,,,,,,,,,,,,,,,,,,,,,,,,-,-,,,,,,,,,,,,,,,,,,,,,,,,,
,04-22-2015,06:30:59, Lane 1 ,Fwd,FF,,332,9,58,,5,12.00,4.26,15.66,4.17,,,,,,,,,,,,,,,,,,,,,36.09,-,,,,,,,,,,,,,,,,,,,,,,,,,-,-,,,,,,,,,,,,,,,,,,,,,,,,,
,04-22-2015,06:31:02, Lane 1 ,Fwd,FF,,333,2,58,,2,9.04,,,,,,,,,,,,,,,,,,,,,,,,9.04,-,,,,,,,,,,,,,,,,,,,,,,,,,-,-,,,,,,,,,,,,,,,,,,,,,,,,,
,04-22-2015,06:31:04, Lane 1 ,Fwd,FF,,334,2,54,,2,8.98,,,,,,,,,,,,,,,,,,,,,,,,8.98,-,,,,,,,,,,,,,,,,,,,,,,,,,-,-,,,,,,,,,,,,,,,,,,,,,,,,,
,04-22-2015,06:31:05, Lane 1 ,Fwd,FF,,335,2,53,,2,8.96,,,,,,,,,,,,,,,,,,,,,,,,8.96,-,,,,,,,,,,,,,,,,,,,,,,,,,-,-,,,,,,,,,,,,,,,,,,,,,,,,,
,04-22-2015,06:31:07, Lane 1 ,Fwd,FF,,336,2,54,,2,9.87,,,,,,,,,,,,,,,,,,,,,,,,9.87,-,,,,,,,,,,,,,,,,,,,,,,,,,-,-,,,,,,,,,,,,,,,,,,,,,,,,,
,04-22-2015,06:31:08, Lane 1 ,Fwd,FF,,337,2,55,,2,8.96,,,,,,,,,,,,,,,,,,,,,,,,8.96,-,,,,,,,,,,,,,,,,,,,,,,,,,-,-,,,,,,,,,,,,,,,,,,,,,,,,,
,04-22-2015,06:31:10, Lane 1 ,Fwd,FF,,338,2,52,,2,8.43,,,,,,,,,,,,,,,,,,,,,,,,8.43,-,,,,,,,,,,,,,,,,,,,,,,,,,-,-,,,,,,,,,,,,,,,,,,,,,,,,,
,04-22-2015,06:31:11, Lane 1 ,Fwd,FF,,339,3,53,,2,10.76,,,,,,,,,,,,,,,,,,,,,,,,10.76,-,,,,,,,,,,,,,,,,,,,,,,,,,-,-,,,,,,,,,,,,,,,,,,,,,,,,,
,04-22-2015,06:31:20, Lane 1 ,Fwd,FF,,340,2,48,,2,8.45,,,,,,,,,,,,,,,,,,,,,,,,8.45,-,,,,,,,,,,,,,,,,,,,,,,,,,-,-,,,,,,,,,,,,,,,,,,,,,,,,,
,04-22-2015,06:31:22, Lane 1 ,Fwd,FF,,341,2,51,,2,9.24,,,,,,,,,,,,,,,,,,,,,,,,9.24,-,,,,,,,,,,,,,,,,,,,,,,,,,-,-,,,,,,,,,,,,,,,,,,,,,,,,,
,04-22-2015,06:31:26, Lane 1 ,Fwd,FF,,342,2,54,,2,9.46,,,,,,,,,,,,,,,,,,,,,,,,9.46,-,,,,,,,,,,,,,,,,,,,,,,,,,-,-,,,,,,,,,,,,,,,,,,,,,,,,,
,04-22-2015,06:31:27, Lane 1 ,Fwd,FF,,343,2,55,,2,9.76,,,,,,,,,,,,,,,,,,,,,,,,9.76,-,,,,,,,,,,,,,,,,,,,,,,,,,-,-,,,,,,,,,,,,,,,,,,,,,,,,,
,04-22-2015,06:31:33, Lane 1 ,Fwd,FF,,344,2,60,,2,8.65,,,,,,,,,,,,,,,,,,,,,,,,8.65,-,,,,,,,,,,,,,,,,,,,,,,,,,-,-,,,,,,,,,,,,,,,,,,,,,,,,,
,04-22-2015,06:31:38, Lane 1 ,Fwd,FF,,345,3,63,,2,11.27,,,,,,,,,,,,,,,,,,,,,,,,11.27,-,,,,,,,,,,,,,,,,,,,,,,,,,-,-,,,,,,,,,,,,,,,,,,,,,,,,,
,04-22-2015,06:31:39, Lane 1 ,Fwd,FF,,346,2,62,,2,8.73,,,,,,,,,,,,,,,,,,,,,,,,8.73,-,,,,,,,,,,,,,,,,,,,,,,,,,-,-,,,,,,,,,,,,,,,,,,,,,,,,,
,04-22-2015,06:31:41, Lane 1 ,Fwd,FF,,347,2,62,,2,9.55,,,,,,,,,,,,,,,,,,,,,,,,9.55,-,,,,,,,,,,,,,,,,,,,,,,,,,-,-,,,,,,,,,,,,,,,,,,,,,,,,,
,04-22-2015,06:31:42, Lane 1 ,Fwd,FF,,348,2,63,,2,8.43,,,,,,,,,,,,,,,,,,,,,,,,8.43,-,,,,,,,,,,,,,,,,,,,,,,,,,-,-,,,,,,,,,,,,,,,,,,,,,,,,,
,04-22-2015,06:31:43, Lane 1 ,Fwd,FF,,349,2,63,,2,9.40,,,,,,,,,,,,,,,,,,,,,,,,9.40,-,,,,,,,,,,,,,,,,,,,,,,,,,-,-,,,,,,,,,,,,,,,,,,,,,,,,,
,04-22-2015,06:31:51, Lane 1 ,Fwd,FF,,350,2,60,,2,9.55,,,,,,,,,,,,,,,,,,,,,,,,9.55,-,,,,,,,,,,,,,,,,,,,,,,,,,-,-,,,,,,,,,,,,,,,,,,,,,,,,,
,04-22-2015,06:31:52, Lane 1 ,Fwd,FF,,351,2,61,,2,8.51,,,,,,,,,,,,,,,,,,,,,,,,8.51,-,,,,,,,,,,,,,,,,,,,,,,,,,-,-,,,,,,,,,,,,,,,,,,,,,,,,,
,04-22-2015,06:31:56, Lane 1 ,Fwd,FF,,352,3,61,,2,11.74,,,,,,,,,,,,,,,,,,,,,,,,11.74,-,,,,,,,,,,,,,,,,,,,,,,,,,-,-,,,,,,,,,,,,,,,,,,,,,,,,,
,04-22-2015,06:31:59, Lane 1 ,Fwd,FF,,353,2,58,,2,8.70,,,,,,,,,,,,,,,,,,,,,,,,8.70,-,,,,,,,,,,,,,,,,,,,,,,,,,-,-,,,,,,,,,,,,,,,,,,,,,,,,,
,04-22-2015,06:32:00, Lane 1 ,Fwd,FF,,354,2,56,,2,8.69,,,,,,,,,,,,,,,,,,,,,,,,8.69,-,,,,,,,,,,,,,,,,,,,,,,,,,-,-,,,,,,,,,,,,,,,,,,,,,,,,,
,04-22-2015,06:32:01, Lane 1 ,Fwd,FF,,355,2,56,,2,9.55,,,,,,,,,,,,,,,,,,,,,,,,9.55,-,,,,,,,,,,,,,,,,,,,,,,,,,-,-,,,,,,,,,,,,,,,,,,,,,,,,,
,04-22-2015,06:32:03, Lane 1 ,Fwd,FF,,356,2,55,,2,9.68,,,,,,,,,,,,,,,,,,,,,,,,9.68,-,,,,,,,,,,,,,,,,,,,,,,,,,-,-,,,,,,,,,,,,,,,,,,,,,,,,,
,04-22-2015,06:32:05, Lane 1 ,Fwd,FF,,357,3,54,,2,11.84,,,,,,,,,,,,,,,,,,,,,,,,11.84,-,,,,,,,,,,,,,,,,,,,,,,,,,-,-,,,,,,,,,,,,,,,,,,,,,,,,,
,04-22-2015,06:32:09, Lane 1 ,Fwd,FF,,358,2,56,,2,8.90,,,,,,,,,,,,,,,,,,,,,,,,8.90,-,,,,,,,,,,,,,,,,,,,,,,,,,-,-,,,,,,,,,,,,,,,,,,,,,,,,,
,04-22-2015,06:32:10, Lane 1 ,Fwd,FF,,359,2,56,,2,8.69,,,,,,,,,,,,,,,,,,,,,,,,8.69,-,,,,,,,,,,,,,,,,,,,,,,,,,-,-,,,,,,,,,,,,,,,,,,,,,,,,,
,04-22-2015,06:32:12, Lane 1 ,Fwd,FF,,360,2,57,,2,8.67,,,,,,,,,,,,,,,,,,,,,,,,8.67,-,,,,,,,,,,,,,,,,,,,,,,,,,-,-,,,,,,,,,,,,,,,,,,,,,,,,,
,04-22-2015,06:32:14, Lane 1 ,Fwd,FF,,361,3,56,,2,10.51,,,,,,,,,,,,,,,,,,,,,,,,10.51,-,,,,,,,,,,,,,,,,,,,,,,,,,-,-,,,,,,,,,,,,,,,,,,,,,,,,,
,04-22-2015,06:32:15, Lane 1 ,Fwd,FF,,362,3,56,,2,11.27,,,,,,,,,,,,,,,,,,,,,,,,11.27,-,,,,,,,,,,,,,,,,,,,,,,,,,-,-,,,,,,,,,,,,,,,,,,,,,,,,,
,04-22-2015,06:32:16, Lane 1 ,Fwd,FF,,363,2,56,,2,8.39,,,,,,,,,,,,,,,,,,,,,,,,8.39,-,,,,,,,,,,,,,,,,,,,,,,,,,-,-,,,,,,,,,,,,,,,,,,,,,,,,,
,04-22-2015,06:32:18, Lane 1 ,Fwd,FF,,364,3,55,,2,11.52,,,,,,,,,,,,,,,,,,,,,,,,11.52,-,,,,,,,,,,,,,,,,,,,,,,,,,-,-,,,,,,,,,,,,,,,,,,,,,,,,,
,04-22-2015,06:32:20, Lane 1 ,Fwd,FF,,365,2,57,,2,8.73,,,,,,,,,,,,,,,,,,,,,,,,8.73,-,,,,,,,,,,,,,,,,,,,,,,,,,-,-,,,,,,,,,,,,,,,,,,,,,,,,,
,04-22-2015,06:32:21, Lane 1 ,Fwd,FF,,366,2,56,,2,8.74,,,,,,,,,,,,,,,,,,,,,,,,8.74,-,,,,,,,,,,,,,,,,,,,,,,,,,-,-,,,,,,,,,,,,,,,,,,,,,,,,,
,04-22-2015,06:32:22, Lane 1 ,Fwd,FF,,367,2,56,,2,9.21,,,,,,,,,,,,,,,,,,,,,,,,9.21,-,,,,,,,,,,,,,,,,,,,,,,,,,-,-,,,,,,,,,,,,,,,,,,,,,,,,,
,04-22-2015,06:32:37, Lane 1 ,Fwd,FF,,368,2,60,,2,8.83,,,,,,,,,,,,,,,,,,,,,,,,8.83,-,,,,,,,,,,,,,,,,,,,,,,,,,-,-,,,,,,,,,,,,,,,,,,,,,,,,,
,04-22-2015,06:32:40, Lane 1 ,Fwd,FF,,369,2,59,,2,9.32,,,,,,,,,,,,,,,,,,,,,,,,9.32,-,,,,,,,,,,,,,,,,,,,,,,,,,-,-,,,,,,,,,,,,,,,,,,,,,,,,,
,04-22-2015,06:32:41, Lane 1 ,Fwd,FF,,370,3,58,,2,11.92,,,,,,,,,,,,,,,,,,,,,,,,11.92,-,,,,,,,,,,,,,,,,,,,,,,,,,-,-,,,,,,,,,,,,,,,,,,,,,,,,,
,04-22-2015,06:32:56, Lane 1 ,Fwd,FF,,371,2,58,,2,8.23,,,,,,,,,,,,,,,,,,,,,,,,8.23,-,,,,,,,,,,,,,,,,,,,,,,,,,-,-,,,,,,,,,,,,,,,,,,,,,,,,,
,04-22-2015,06:32:57, Lane 1 ,Fwd,FF,,372,2,58,,2,8.25,,,,,,,,,,,,,,,,,,,,,,,,8.25,-,,,,,,,,,,,,,,,,,,,,,,,,,-,-,,,,,,,,,,,,,,,,,,,,,,,,,
,04-22-2015,06:32:58, Lane 1 ,Fwd,FF,,373,2,58,,2,8.32,,,,,,,,,,,,,,,,,,,,,,,,8.32,-,,,,,,,,,,,,,,,,,,,,,,,,,-,-,,,,,,,,,,,,,,,,,,,,,,,,,
,04-22-2015,06:32:59, Lane 1 ,Fwd,FF,,374,2,59,,2,10.00,,,,,,,,,,,,,,,,,,,,,,,,10.00,-,,,,,,,,,,,,,,,,,,,,,,,,,-,-,,,,,,,,,,,,,,,,,,,,,,,,,
,04-22-2015,06:33:00, Lane 1 ,Fwd,FF,,375,2,63,,2,9.25,,,,,,,,,,,,,,,,,,,,,,,,9.25,-,,,,,,,,,,,,,,,,,,,,,,,,,-,-,,,,,,,,,,,,,,,,,,,,,,,,,
,04-22-2015,06:33:04, Lane 1 ,Fwd,FF,,376,3,60,,2,11.30,,,,,,,,,,,,,,,,,,,,,,,,11.30,-,,,,,,,,,,,,,,,,,,,,,,,,,-,-,,,,,,,,,,,,,,,,,,,,,,,,,
,04-22-2015,06:33:06, Lane 1 ,Fwd,FF,,377,2,60,,2,9.00,,,,,,,,,,,,,,,,,,,,,,,,9.00,-,,,,,,,,,,,,,,,,,,,,,,,,,-,-,,,,,,,,,,,,,,,,,,,,,,,,,
,04-22-2015,06:33:08, Lane 1 ,Fwd,FF,,378,2,61,,2,9.07,,,,,,,,,,,,,,,,,,,,,,,,9.07,-,,,,,,,,,,,,,,,,,,,,,,,,,-,-,,,,,,,,,,,,,,,,,,,,,,,,,
,04-22-2015,06:33:10, Lane 1 ,Fwd,FF,,379,2,57,,2,9.15,,,,,,,,,,,,,,,,,,,,,,,,9.15,-,,,,,,,,,,,,,,,,,,,,,,,,,-,-,,,,,,,,,,,,,,,,,,,,,,,,,
,04-22-2015,06:33:11, Lane 1 ,Fwd,FF,,380,2,56,,2,8.49,,,,,,,,,,,,,,,,,,,,,,,,8.49,-,,,,,,,,,,,,,,,,,,,,,,,,,-,-,,,,,,,,,,,,,,,,,,,,,,,,,
,04-22-2015,06:33:12, Lane 1 ,Fwd,FF,,381,2,55,,2,8.68,,,,,,,,,,,,,,,,,,,,,,,,8.68,-,,,,,,,,,,,,,,,,,,,,,,,,,-,-,,,,,,,,,,,,,,,,,,,,,,,,,
,04-22-2015,06:33:15, Lane 1 ,Fwd,FF,,382,2,58,,2,7.66,,,,,,,,,,,,,,,,,,,,,,,,7.66,-,,,,,,,,,,,,,,,,,,,,,,,,,-,-,,,,,,,,,,,,,,,,,,,,,,,,,
,04-22-2015,06:33:17, Lane 1 ,Fwd,FF,,383,2,58,,2,8.70,,,,,,,,,,,,,,,,,,,,,,,,8.70,-,,,,,,,,,,,,,,,,,,,,,,,,,-,-,,,,,,,,,,,,,,,,,,,,,,,,,
,04-22-2015,06:33:18, Lane 1 ,Fwd,FF,,384,2,56,,2,8.71,,,,,,,,,,,,,,,,,,,,,,,,8.71,-,,,,,,,,,,,,,,,,,,,,,,,,,-,-,,,,,,,,,,,,,,,,,,,,,,,,,
,04-22-2015,06:33:22, Lane 1 ,Fwd,FF,,385,2,56,,2,8.24,,,,,,,,,,,,,,,,,,,,,,,,8.24,-,,,,,,,,,,,,,,,,,,,,,,,,,-,-,,,,,,,,,,,,,,,,,,,,,,,,,
,04-22-2015,06:33:23, Lane 1 ,Fwd,FF,,386,2,56,,2,8.44,,,,,,,,,,,,,,,,,,,,,,,,8.44,-,,,,,,,,,,,,,,,,,,,,,,,,,-,-,,,,,,,,,,,,,,,,,,,,,,,,,
,04-22-2015,06:33:26, Lane 1 ,Fwd,FF,,387,2,55,,2,8.54,,,,,,,,,,,,,,,,,,,,,,,,8.54,-,,,,,,,,,,,,,,,,,,,,,,,,,-,-,,,,,,,,,,,,,,,,,,,,,,,,,
,04-22-2015,06:33:30, Lane 1 ,Fwd,FF,,388,2,58,,2,8.11,,,,,,,,,,,,,,,,,,,,,,,,8.11,-,,,,,,,,,,,,,,,,,,,,,,,,,-,-,,,,,,,,,,,,,,,,,,,,,,,,,
,04-22-2015,06:33:31, Lane 1 ,Fwd,FF,,389,2,57,,2,9.00,,,,,,,,,,,,,,,,,,,,,,,,9.00,-,,,,,,,,,,,,,,,,,,,,,,,,,-,-,,,,,,,,,,,,,,,,,,,,,,,,,
,04-22-2015,06:33:34, Lane 1 ,Fwd,FF,,390,3,58,,2,12.85,,,,,,,,,,,,,,,,,,,,,,,,12.85,-,,,,,,,,,,,,,,,,,,,,,,,,,-,-,,,,,,,,,,,,,,,,,,,,,,,,,
,04-22-2015,06:33:37, Lane 1 ,Fwd,FF,,391,2,60,,2,8.76,,,,,,,,,,,,,,,,,,,,,,,,8.76,-,,,,,,,,,,,,,,,,,,,,,,,,,-,-,,,,,,,,,,,,,,,,,,,,,,,,,
,04-22-2015,06:34:10, Lane 1 ,Fwd,FF,,392,3,57,,3,11.75,15.61,,,,,,,,,,,,,,,,,,,,,,,27.36,-,,,,,,,,,,,,,,,,,,,,,,,,,-,-,,,,,,,,,,,,,,,,,,,,,,,,,
,04-22-2015,06:34:11, Lane 1 ,Fwd,FF,,393,2,57,,2,9.42,,,,,,,,,,,,,,,,,,,,,,,,9.42,-,,,,,,,,,,,,,,,,,,,,,,,,,-,-,,,,,,,,,,,,,,,,,,,,,,,,,
,04-22-2015,06:34:18, Lane 1 ,Fwd,FF,,394,2,59,,2,9.15,,,,,,,,,,,,,,,,,,,,,,,,9.15,-,,,,,,,,,,,,,,,,,,,,,,,,,-,-,,,,,,,,,,,,,,,,,,,,,,,,,
,04-22-2015,06:34:21, Lane 1 ,Fwd,FF,,395,2,59,,2,8.78,,,,,,,,,,,,,,,,,,,,,,,,8.78,-,,,,,,,,,,,,,,,,,,,,,,,,,-,-,,,,,,,,,,,,,,,,,,,,,,,,,
,04-22-2015,06:34:23, Lane 1 ,Fwd,FF,,396,2,59,,2,8.72,,,,,,,,,,,,,,,,,,,,,,,,8.72,-,,,,,,,,,,,,,,,,,,,,,,,,,-,-,,,,,,,,,,,,,,,,,,,,,,,,,
,04-22-2015,06:34:25, Lane 1 ,Fwd,FF,,397,2,58,,2,8.79,,,,,,,,,,,,,,,,,,,,,,,,8.79,-,,,,,,,,,,,,,,,,,,,,,,,,,-,-,,,,,,,,,,,,,,,,,,,,,,,,,
,04-22-2015,06:34:27, Lane 1 ,Fwd,FF,,398,3,58,,2,11.83,,,,,,,,,,,,,,,,,,,,,,,,11.83,-,,,,,,,,,,,,,,,,,,,,,,,,,-,-,,,,,,,,,,,,,,,,,,,,,,,,,
,04-22-2015,06:34:29, Lane 1 ,Fwd,FF,,399,2,58,,2,9.87,,,,,,,,,,,,,,,,,,,,,,,,9.87,-,,,,,,,,,,,,,,,,,,,,,,,,,-,-,,,,,,,,,,,,,,,,,,,,,,,,,
,04-22-2015,06:34:30, Lane 1 ,Fwd,FF,,400,2,58,,2,8.54,,,,,,,,,,,,,,,,,,,,,,,,8.54,-,,,,,,,,,,,,,,,,,,,,,,,,,-,-,,,,,,,,,,,,,,,,,,,,,,,,,
,04-22-2015,06:34:32, Lane 1 ,Fwd,FF,,401,2,58,,2,9.34,,,,,,,,,,,,,,,,,,,,,,,,9.34,-,,,,,,,,,,,,,,,,,,,,,,,,,-,-,,,,,,,,,,,,,,,,,,,,,,,,,
,04-22-2015,06:34:37, Lane 1 ,Fwd,FF,,402,6,57,,3,17.59,4.42,,,,,,,,,,,,,,,,,,,,,,,22.01,-,,,,,,,,,,,,,,,,,,,,,,,,,-,-,,,,,,,,,,,,,,,,,,,,,,,,,
,04-22-2015,06:34:39, Lane 1 ,Fwd,FF,,403,2,57,,2,8.48,,,,,,,,,,,,,,,,,,,,,,,,8.48,-,,,,,,,,,,,,,,,,,,,,,,,,,-,-,,,,,,,,,,,,,,,,,,,,,,,,,
,04-22-2015,06:34:42, Lane 1 ,Fwd,FF,,404,2,55,,2,8.38,,,,,,,,,,,,,,,,,,,,,,,,8.38,-,,,,,,,,,,,,,,,,,,,,,,,,,-,-,,,,,,,,,,,,,,,,,,,,,,,,,
,04-22-2015,06:34:43, Lane 1 ,Fwd,FF,,405,2,53,,2,8.67,,,,,,,,,,,,,,,,,,,,,,,,8.67,-,,,,,,,,,,,,,,,,,,,,,,,,,-,-,,,,,,,,,,,,,,,,,,,,,,,,,
,04-22-2015,06:34:44, Lane 1 ,Fwd,FF,,406,2,53,,2,8.67,,,,,,,,,,,,,,,,,,,,,,,,8.67,-,,,,,,,,,,,,,,,,,,,,,,,,,-,-,,,,,,,,,,,,,,,,,,,,,,,,,
,04-22-2015,06:34:45, Lane 1 ,Fwd,FF,,407,2,52,,2,8.10,,,,,,,,,,,,,,,,,,,,,,,,8.10,-,,,,,,,,,,,,,,,,,,,,,,,,,-,-,,,,,,,,,,,,,,,,,,,,,,,,,
,04-22-2015,06:35:00, Lane 1 ,Fwd,FF,,408,2,56,,2,8.57,,,,,,,,,,,,,,,,,,,,,,,,8.57,-,,,,,,,,,,,,,,,,,,,,,,,,,-,-,,,,,,,,,,,,,,,,,,,,,,,,,
,04-22-2015,06:35:01, Lane 1 ,Fwd,FF,,409,2,56,,2,9.52,,,,,,,,,,,,,,,,,,,,,,,,9.52,-,,,,,,,,,,,,,,,,,,,,,,,,,-,-,,,,,,,,,,,,,,,,,,,,,,,,,
,04-22-2015,06:35:10, Lane 1 ,Fwd,FF,,410,2,62,,2,8.75,,,,,,,,,,,,,,,,,,,,,,,,8.75,-,,,,,,,,,,,,,,,,,,,,,,,,,-,-,,,,,,,,,,,,,,,,,,,,,,,,,
,04-22-2015,06:35:11, Lane 1 ,Fwd,FF,,411,3,61,,2,11.64,,,,,,,,,,,,,,,,,,,,,,,,11.64,-,,,,,,,,,,,,,,,,,,,,,,,,,-,-,,,,,,,,,,,,,,,,,,,,,,,,,
,04-22-2015,06:35:13, Lane 1 ,Fwd,FF,,412,2,64,,2,8.79,,,,,,,,,,,,,,,,,,,,,,,,8.79,-,,,,,,,,,,,,,,,,,,,,,,,,,-,-,,,,,,,,,,,,,,,,,,,,,,,,,
,04-22-2015,06:35:14, Lane 1 ,Fwd,FF,,413,2,64,,2,9.47,,,,,,,,,,,,,,,,,,,,,,,,9.47,-,,,,,,,,,,,,,,,,,,,,,,,,,-,-,,,,,,,,,,,,,,,,,,,,,,,,,
,04-22-2015,06:35:15, Lane 1 ,Fwd,FF,,414,2,66,,2,9.50,,,,,,,,,,,,,,,,,,,,,,,,9.50,-,,,,,,,,,,,,,,,,,,,,,,,,,-,-,,,,,,,,,,,,,,,,,,,,,,,,,
,04-22-2015,06:35:16, Lane 1 ,Fwd,FF,,415,3,67,,2,10.54,,,,,,,,,,,,,,,,,,,,,,,,10.54,-,,,,,,,,,,,,,,,,,,,,,,,,,-,-,,,,,,,,,,,,,,,,,,,,,,,,,
,04-22-2015,06:35:17, Lane 1 ,Fwd,FF,,416,2,66,,2,8.90,,,,,,,,,,,,,,,,,,,,,,,,8.90,-,,,,,,,,,,,,,,,,,,,,,,,,,-,-,,,,,,,,,,,,,,,,,,,,,,,,,
,04-22-2015,06:35:19, Lane 1 ,Fwd,FF,,417,2,66,,2,9.22,,,,,,,,,,,,,,,,,,,,,,,,9.22,-,,,,,,,,,,,,,,,,,,,,,,,,,-,-,,,,,,,,,,,,,,,,,,,,,,,,,
,04-22-2015,06:35:23, Lane 1 ,Fwd,FF,,418,2,62,,2,8.75,,,,,,,,,,,,,,,,,,,,,,,,8.75,-,,,,,,,,,,,,,,,,,,,,,,,,,-,-,,,,,,,,,,,,,,,,,,,,,,,,,
,04-22-2015,06:35:25, Lane 1 ,Fwd,FF,,419,2,63,,2,8.95,,,,,,,,,,,,,,,,,,,,,,,,8.95,-,,,,,,,,,,,,,,,,,,,,,,,,,-,-,,,,,,,,,,,,,,,,,,,,,,,,,
,04-22-2015,06:35:27, Lane 1 ,Fwd,FF,,420,3,59,,2,11.22,,,,,,,,,,,,,,,,,,,,,,,,11.22,-,,,,,,,,,,,,,,,,,,,,,,,,,-,-,,,,,,,,,,,,,,,,,,,,,,,,,
,04-22-2015,06:35:33, Lane 1 ,Fwd,FF,,421,2,60,,2,8.91,,,,,,,,,,,,,,,,,,,,,,,,8.91,-,,,,,,,,,,,,,,,,,,,,,,,,,-,-,,,,,,,,,,,,,,,,,,,,,,,,,
,04-22-2015,06:35:37, Lane 1 ,Fwd,FF,,422,2,61,,2,8.51,,,,,,,,,,,,,,,,,,,,,,,,8.51,-,,,,,,,,,,,,,,,,,,,,,,,,,-,-,,,,,,,,,,,,,,,,,,,,,,,,,
,04-22-2015,06:35:39, Lane 1 ,Fwd,FF,,423,3,61,,2,11.82,,,,,,,,,,,,,,,,,,,,,,,,11.82,-,,,,,,,,,,,,,,,,,,,,,,,,,-,-,,,,,,,,,,,,,,,,,,,,,,,,,
,04-22-2015,06:35:41, Lane 1 ,Fwd,FF,,424,2,60,,2,8.67,,,,,,,,,,,,,,,,,,,,,,,,8.67,-,,,,,,,,,,,,,,,,,,,,,,,,,-,-,,,,,,,,,,,,,,,,,,,,,,,,,
,04-22-2015,06:35:45, Lane 1 ,Fwd,FF,,425,3,60,,2,11.21,,,,,,,,,,,,,,,,,,,,,,,,11.21,-,,,,,,,,,,,,,,,,,,,,,,,,,-,-,,,,,,,,,,,,,,,,,,,,,,,,,
,04-22-2015,06:35:47, Lane 1 ,Fwd,FF,,426,2,61,,2,9.23,,,,,,,,,,,,,,,,,,,,,,,,9.23,-,,,,,,,,,,,,,,,,,,,,,,,,,-,-,,,,,,,,,,,,,,,,,,,,,,,,,
,04-22-2015,06:35:49, Lane 1 ,Fwd,FF,,427,2,61,,2,8.78,,,,,,,,,,,,,,,,,,,,,,,,8.78,-,,,,,,,,,,,,,,,,,,,,,,,,,-,-,,,,,,,,,,,,,,,,,,,,,,,,,
,04-22-2015,06:35:52, Lane 1 ,Fwd,FF,,428,2,59,,2,8.18,,,,,,,,,,,,,,,,,,,,,,,,8.18,-,,,,,,,,,,,,,,,,,,,,,,,,,-,-,,,,,,,,,,,,,,,,,,,,,,,,,
,04-22-2015,06:35:55, Lane 1 ,Fwd,FF,,429,3,60,,2,10.24,,,,,,,,,,,,,,,,,,,,,,,,10.24,-,,,,,,,,,,,,,,,,,,,,,,,,,-,-,,,,,,,,,,,,,,,,,,,,,,,,,
,04-22-2015,06:35:56, Lane 1 ,Fwd,FF,,430,2,60,,2,9.09,,,,,,,,,,,,,,,,,,,,,,,,9.09,-,,,,,,,,,,,,,,,,,,,,,,,,,-,-,,,,,,,,,,,,,,,,,,,,,,,,,
,04-22-2015,06:36:12, Lane 1 ,Fwd,FF,,431,2,59,,2,8.96,,,,,,,,,,,,,,,,,,,,,,,,8.96,-,,,,,,,,,,,,,,,,,,,,,,,,,-,-,,,,,,,,,,,,,,,,,,,,,,,,,
,04-22-2015,06:36:23, Lane 1 ,Fwd,FF,,432,2,61,,2,9.76,,,,,,,,,,,,,,,,,,,,,,,,9.76,-,,,,,,,,,,,,,,,,,,,,,,,,,-,-,,,,,,,,,,,,,,,,,,,,,,,,,
,04-22-2015,06:36:26, Lane 1 ,Fwd,FF,,433,3,62,,2,10.92,,,,,,,,,,,,,,,,,,,,,,,,10.92,-,,,,,,,,,,,,,,,,,,,,,,,,,-,-,,,,,,,,,,,,,,,,,,,,,,,,,
,04-22-2015,06:36:28, Lane 1 ,Fwd,FF,,434,2,61,,2,9.49,,,,,,,,,,,,,,,,,,,,,,,,9.49,-,,,,,,,,,,,,,,,,,,,,,,,,,-,-,,,,,,,,,,,,,,,,,,,,,,,,,
,04-22-2015,06:36:30, Lane 1 ,Fwd,FF,,435,2,60,,2,8.76,,,,,,,,,,,,,,,,,,,,,,,,8.76,-,,,,,,,,,,,,,,,,,,,,,,,,,-,-,,,,,,,,,,,,,,,,,,,,,,,,,
,04-22-2015,06:36:31, Lane 1 ,Fwd,FF,,436,2,61,,2,9.07,,,,,,,,,,,,,,,,,,,,,,,,9.07,-,,,,,,,,,,,,,,,,,,,,,,,,,-,-,,,,,,,,,,,,,,,,,,,,,,,,,
,04-22-2015,06:36:32, Lane 1 ,Fwd,FF,,437,2,62,,2,8.45,,,,,,,,,,,,,,,,,,,,,,,,8.45,-,,,,,,,,,,,,,,,,,,,,,,,,,-,-,,,,,,,,,,,,,,,,,,,,,,,,,
,04-22-2015,06:36:33, Lane 1 ,Fwd,FF,,438,2,64,,2,9.00,,,,,,,,,,,,,,,,,,,,,,,,9.00,-,,,,,,,,,,,,,,,,,,,,,,,,,-,-,,,,,,,,,,,,,,,,,,,,,,,,,
,04-22-2015,06:36:34, Lane 1 ,Fwd,FF,,439,5,61,,2,13.17,,,,,,,,,,,,,,,,,,,,,,,,13.17,-,,,,,,,,,,,,,,,,,,,,,,,,,-,-,,,,,,,,,,,,,,,,,,,,,,,,,
,04-22-2015,06:36:35, Lane 1 ,Fwd,FF,,440,2,62,,2,8.57,,,,,,,,,,,,,,,,,,,,,,,,8.57,-,,,,,,,,,,,,,,,,,,,,,,,,,-,-,,,,,,,,,,,,,,,,,,,,,,,,,
,04-22-2015,06:36:41, Lane 1 ,Fwd,FF,,441,2,62,,2,8.27,,,,,,,,,,,,,,,,,,,,,,,,8.27,-,,,,,,,,,,,,,,,,,,,,,,,,,-,-,,,,,,,,,,,,,,,,,,,,,,,,,
,04-22-2015,06:36:45, Lane 1 ,Fwd,FF,,442,2,63,,2,8.75,,,,,,,,,,,,,,,,,,,,,,,,8.75,-,,,,,,,,,,,,,,,,,,,,,,,,,-,-,,,,,,,,,,,,,,,,,,,,,,,,,
,04-22-2015,06:36:46, Lane 1 ,Fwd,FF,,443,3,64,,2,10.59,,,,,,,,,,,,,,,,,,,,,,,,10.59,-,,,,,,,,,,,,,,,,,,,,,,,,,-,-,,,,,,,,,,,,,,,,,,,,,,,,,
,04-22-2015,06:36:49, Lane 1 ,Fwd,FF,,444,2,63,,2,8.95,,,,,,,,,,,,,,,,,,,,,,,,8.95,-,,,,,,,,,,,,,,,,,,,,,,,,,-,-,,,,,,,,,,,,,,,,,,,,,,,,,
,04-22-2015,06:36:58, Lane 1 ,Fwd,FF,,445,2,57,,2,8.59,,,,,,,,,,,,,,,,,,,,,,,,8.59,-,,,,,,,,,,,,,,,,,,,,,,,,,-,-,,,,,,,,,,,,,,,,,,,,,,,,,
,04-22-2015,06:37:05, Lane 1 ,Fwd,FF,,446,3,59,,2,11.91,,,,,,,,,,,,,,,,,,,,,,,,11.91,-,,,,,,,,,,,,,,,,,,,,,,,,,-,-,,,,,,,,,,,,,,,,,,,,,,,,,
,04-22-2015,06:37:10, Lane 1 ,Fwd,FF,,447,2,56,,2,8.65,,,,,,,,,,,,,,,,,,,,,,,,8.65,-,,,,,,,,,,,,,,,,,,,,,,,,,-,-,,,,,,,,,,,,,,,,,,,,,,,,,
,04-22-2015,06:37:11, Lane 1 ,Fwd,FF,,448,3,54,,2,11.84,,,,,,,,,,,,,,,,,,,,,,,,11.84,-,,,,,,,,,,,,,,,,,,,,,,,,,-,-,,,,,,,,,,,,,,,,,,,,,,,,,
,04-22-2015,06:37:12, Lane 1 ,Fwd,FF,,449,2,57,,2,9.17,,,,,,,,,,,,,,,,,,,,,,,,9.17,-,,,,,,,,,,,,,,,,,,,,,,,,,-,-,,,,,,,,,,,,,,,,,,,,,,,,,
,04-22-2015,06:37:14, Lane 1 ,Fwd,FF,,450,2,59,,2,9.84,,,,,,,,,,,,,,,,,,,,,,,,9.84,-,,,,,,,,,,,,,,,,,,,,,,,,,-,-,,,,,,,,,,,,,,,,,,,,,,,,,
,04-22-2015,06:37:17, Lane 1 ,Fwd,FF,,451,3,58,,2,11.49,,,,,,,,,,,,,,,,,,,,,,,,11.49,-,,,,,,,,,,,,,,,,,,,,,,,,,-,-,,,,,,,,,,,,,,,,,,,,,,,,,
,04-22-2015,06:37:21, Lane 1 ,Fwd,FF,,452,2,59,,2,9.05,,,,,,,,,,,,,,,,,,,,,,,,9.05,-,,,,,,,,,,,,,,,,,,,,,,,,,-,-,,,,,,,,,,,,,,,,,,,,,,,,,
,04-22-2015,06:37:22, Lane 1 ,Fwd,FF,,453,3,57,,2,11.75,,,,,,,,,,,,,,,,,,,,,,,,11.75,-,,,,,,,,,,,,,,,,,,,,,,,,,-,-,,,,,,,,,,,,,,,,,,,,,,,,,
,04-22-2015,06:37:24, Lane 1 ,Fwd,FF,,454,2,56,,2,8.11,,,,,,,,,,,,,,,,,,,,,,,,8.11,-,,,,,,,,,,,,,,,,,,,,,,,,,-,-,,,,,,,,,,,,,,,,,,,,,,,,,
,04-22-2015,06:37:26, Lane 1 ,Fwd,FF,,455,3,60,,2,10.25,,,,,,,,,,,,,,,,,,,,,,,,10.25,-,,,,,,,,,,,,,,,,,,,,,,,,,-,-,,,,,,,,,,,,,,,,,,,,,,,,,
,04-22-2015,06:37:27, Lane 1 ,Fwd,FF,,456,3,62,,2,11.91,,,,,,,,,,,,,,,,,,,,,,,,11.91,-,,,,,,,,,,,,,,,,,,,,,,,,,-,-,,,,,,,,,,,,,,,,,,,,,,,,,
,04-22-2015,06:37:31, Lane 1 ,Fwd,FF,,457,2,61,,2,9.13,,,,,,,,,,,,,,,,,,,,,,,,9.13,-,,,,,,,,,,,,,,,,,,,,,,,,,-,-,,,,,,,,,,,,,,,,,,,,,,,,,
,04-22-2015,06:37:47, Lane 1 ,Fwd,FF,,458,3,66,,2,11.81,,,,,,,,,,,,,,,,,,,,,,,,11.81,-,,,,,,,,,,,,,,,,,,,,,,,,,-,-,,,,,,,,,,,,,,,,,,,,,,,,,
,04-22-2015,06:38:08, Lane 1 ,Fwd,FF,,459,3,61,,2,11.82,,,,,,,,,,,,,,,,,,,,,,,,11.82,-,,,,,,,,,,,,,,,,,,,,,,,,,-,-,,,,,,,,,,,,,,,,,,,,,,,,,
,04-22-2015,06:38:10, Lane 1 ,Fwd,FF,,460,2,61,,2,8.96,,,,,,,,,,,,,,,,,,,,,,,,8.96,-,,,,,,,,,,,,,,,,,,,,,,,,,-,-,,,,,,,,,,,,,,,,,,,,,,,,,
,04-22-2015,06:38:12, Lane 1 ,Fwd,FF,,461,2,58,,2,8.77,,,,,,,,,,,,,,,,,,,,,,,,8.77,-,,,,,,,,,,,,,,,,,,,,,,,,,-,-,,,,,,,,,,,,,,,,,,,,,,,,,
,04-22-2015,06:38:15, Lane 1 ,Fwd,FF,,462,2,58,,2,8.40,,,,,,,,,,,,,,,,,,,,,,,,8.40,-,,,,,,,,,,,,,,,,,,,,,,,,,-,-,,,,,,,,,,,,,,,,,,,,,,,,,
,04-22-2015,06:38:26, Lane 1 ,Fwd,FF,,463,2,61,,2,8.06,,,,,,,,,,,,,,,,,,,,,,,,8.06,-,,,,,,,,,,,,,,,,,,,,,,,,,-,-,,,,,,,,,,,,,,,,,,,,,,,,,
,04-22-2015,06:38:27, Lane 1 ,Fwd,FF,,464,2,64,,2,8.69,,,,,,,,,,,,,,,,,,,,,,,,8.69,-,,,,,,,,,,,,,,,,,,,,,,,,,-,-,,,,,,,,,,,,,,,,,,,,,,,,,
,04-22-2015,06:38:30, Lane 1 ,Fwd,FF,,465,2,60,,2,8.06,,,,,,,,,,,,,,,,,,,,,,,,8.06,-,,,,,,,,,,,,,,,,,,,,,,,,,-,-,,,,,,,,,,,,,,,,,,,,,,,,,
,04-22-2015,06:38:31, Lane 1 ,Fwd,FF,,466,2,58,,2,8.32,,,,,,,,,,,,,,,,,,,,,,,,8.32,-,,,,,,,,,,,,,,,,,,,,,,,,,-,-,,,,,,,,,,,,,,,,,,,,,,,,,
,04-22-2015,06:38:34, Lane 1 ,Fwd,FF,,467,2,59,,2,9.06,,,,,,,,,,,,,,,,,,,,,,,,9.06,-,,,,,,,,,,,,,,,,,,,,,,,,,-,-,,,,,,,,,,,,,,,,,,,,,,,,,
,04-22-2015,06:38:35, Lane 1 ,Fwd,FF,,468,2,56,,2,9.04,,,,,,,,,,,,,,,,,,,,,,,,9.04,-,,,,,,,,,,,,,,,,,,,,,,,,,-,-,,,,,,,,,,,,,,,,,,,,,,,,,
,04-22-2015,06:38:36, Lane 1 ,Fwd,FF,,469,2,56,,2,9.27,,,,,,,,,,,,,,,,,,,,,,,,9.27,-,,,,,,,,,,,,,,,,,,,,,,,,,-,-,,,,,,,,,,,,,,,,,,,,,,,,,
,04-22-2015,06:38:37, Lane 1 ,Fwd,FF,,470,2,57,,2,9.31,,,,,,,,,,,,,,,,,,,,,,,,9.31,-,,,,,,,,,,,,,,,,,,,,,,,,,-,-,,,,,,,,,,,,,,,,,,,,,,,,,
,04-22-2015,06:38:39, Lane 1 ,Fwd,FF,,471,2,58,,2,8.37,,,,,,,,,,,,,,,,,,,,,,,,8.37,-,,,,,,,,,,,,,,,,,,,,,,,,,-,-,,,,,,,,,,,,,,,,,,,,,,,,,
,04-22-2015,06:38:41, Lane 1 ,Fwd,FF,,472,2,57,,2,8.89,,,,,,,,,,,,,,,,,,,,,,,,8.89,-,,,,,,,,,,,,,,,,,,,,,,,,,-,-,,,,,,,,,,,,,,,,,,,,,,,,,
,04-22-2015,06:38:43, Lane 1 ,Fwd,FF,,473,2,57,,2,9.17,,,,,,,,,,,,,,,,,,,,,,,,9.17,-,,,,,,,,,,,,,,,,,,,,,,,,,-,-,,,,,,,,,,,,,,,,,,,,,,,,,
,04-22-2015,06:38:44, Lane 1 ,Fwd,FF,,474,2,57,,2,8.50,,,,,,,,,,,,,,,,,,,,,,,,8.50,-,,,,,,,,,,,,,,,,,,,,,,,,,-,-,,,,,,,,,,,,,,,,,,,,,,,,,
,04-22-2015,06:38:45, Lane 1 ,Fwd,FF,,475,3,54,,2,12.95,,,,,,,,,,,,,,,,,,,,,,,,12.95,-,,,,,,,,,,,,,,,,,,,,,,,,,-,-,,,,,,,,,,,,,,,,,,,,,,,,,
,04-22-2015,06:38:46, Lane 1 ,Fwd,FF,,476,2,54,,2,8.66,,,,,,,,,,,,,,,,,,,,,,,,8.66,-,,,,,,,,,,,,,,,,,,,,,,,,,-,-,,,,,,,,,,,,,,,,,,,,,,,,,
,04-22-2015,06:39:16, Lane 1 ,Fwd,FF,,477,2,61,,2,9.31,,,,,,,,,,,,,,,,,,,,,,,,9.31,-,,,,,,,,,,,,,,,,,,,,,,,,,-,-,,,,,,,,,,,,,,,,,,,,,,,,,
,04-22-2015,06:39:20, Lane 1 ,Fwd,FF,,478,2,60,,2,9.46,,,,,,,,,,,,,,,,,,,,,,,,9.46,-,,,,,,,,,,,,,,,,,,,,,,,,,-,-,,,,,,,,,,,,,,,,,,,,,,,,,
,04-22-2015,06:39:23, Lane 1 ,Fwd,FF,,479,2,62,,2,8.73,,,,,,,,,,,,,,,,,,,,,,,,8.73,-,,,,,,,,,,,,,,,,,,,,,,,,,-,-,,,,,,,,,,,,,,,,,,,,,,,,,
,04-22-2015,06:39:28, Lane 1 ,Fwd,FF,,480,2,63,,2,9.40,,,,,,,,,,,,,,,,,,,,,,,,9.40,-,,,,,,,,,,,,,,,,,,,,,,,,,-,-,,,,,,,,,,,,,,,,,,,,,,,,,
,04-22-2015,06:39:33, Lane 1 ,Fwd,FF,,481,2,56,,2,8.96,,,,,,,,,,,,,,,,,,,,,,,,8.96,-,,,,,,,,,,,,,,,,,,,,,,,,,-,-,,,,,,,,,,,,,,,,,,,,,,,,,
,04-22-2015,06:39:36, Lane 1 ,Fwd,FF,,482,3,58,,2,11.83,,,,,,,,,,,,,,,,,,,,,,,,11.83,-,,,,,,,,,,,,,,,,,,,,,,,,,-,-,,,,,,,,,,,,,,,,,,,,,,,,,
,04-22-2015,06:39:38, Lane 1 ,Fwd,FF,,483,3,59,,2,11.56,,,,,,,,,,,,,,,,,,,,,,,,11.56,-,,,,,,,,,,,,,,,,,,,,,,,,,-,-,,,,,,,,,,,,,,,,,,,,,,,,,
,04-22-2015,06:39:42, Lane 1 ,Fwd,FF,,484,2,62,,2,10.00,,,,,,,,,,,,,,,,,,,,,,,,10.00,-,,,,,,,,,,,,,,,,,,,,,,,,,-,-,,,,,,,,,,,,,,,,,,,,,,,,,
,04-22-2015,06:39:44, Lane 1 ,Fwd,FF,,485,3,64,,2,11.81,,,,,,,,,,,,,,,,,,,,,,,,11.81,-,,,,,,,,,,,,,,,,,,,,,,,,,-,-,,,,,,,,,,,,,,,,,,,,,,,,,
,04-22-2015,06:39:47, Lane 1 ,Fwd,FF,,486,3,66,,2,10.47,,,,,,,,,,,,,,,,,,,,,,,,10.47,-,,,,,,,,,,,,,,,,,,,,,,,,,-,-,,,,,,,,,,,,,,,,,,,,,,,,,
,04-22-2015,06:39:50, Lane 1 ,Fwd,FF,,487,3,64,,2,11.81,,,,,,,,,,,,,,,,,,,,,,,,11.81,-,,,,,,,,,,,,,,,,,,,,,,,,,-,-,,,,,,,,,,,,,,,,,,,,,,,,,
,04-22-2015,06:39:54, Lane 1 ,Fwd,FF,,488,2,61,,2,7.97,,,,,,,,,,,,,,,,,,,,,,,,7.97,-,,,,,,,,,,,,,,,,,,,,,,,,,-,-,,,,,,,,,,,,,,,,,,,,,,,,,
,04-22-2015,06:40:02, Lane 1 ,Fwd,FF,,489,2,60,,2,8.83,,,,,,,,,,,,,,,,,,,,,,,,8.83,-,,,,,,,,,,,,,,,,,,,,,,,,,-,-,,,,,,,,,,,,,,,,,,,,,,,,,
,04-22-2015,06:40:05, Lane 1 ,Fwd,FF,,490,3,58,,3,12.77,16.37,,,,,,,,,,,,,,,,,,,,,,,29.14,-,,,,,,,,,,,,,,,,,,,,,,,,,-,-,,,,,,,,,,,,,,,,,,,,,,,,,
,04-22-2015,06:40:08, Lane 1 ,Fwd,FF,,491,3,60,,2,11.83,,,,,,,,,,,,,,,,,,,,,,,,11.83,-,,,,,,,,,,,,,,,,,,,,,,,,,-,-,,,,,,,,,,,,,,,,,,,,,,,,,
,04-22-2015,06:40:09, Lane 1 ,Fwd,FF,,492,3,62,,2,10.55,,,,,,,,,,,,,,,,,,,,,,,,10.55,-,,,,,,,,,,,,,,,,,,,,,,,,,-,-,,,,,,,,,,,,,,,,,,,,,,,,,
,04-22-2015,06:40:11, Lane 1 ,Fwd,FF,,493,2,62,,2,8.55,,,,,,,,,,,,,,,,,,,,,,,,8.55,-,,,,,,,,,,,,,,,,,,,,,,,,,-,-,,,,,,,,,,,,,,,,,,,,,,,,,
,04-22-2015,06:40:12, Lane 1 ,Fwd,FF,,494,2,62,,2,7.55,,,,,,,,,,,,,,,,,,,,,,,,7.55,-,,,,,,,,,,,,,,,,,,,,,,,,,-,-,,,,,,,,,,,,,,,,,,,,,,,,,
,04-22-2015,06:40:14, Lane 1 ,Fwd,FF,,495,2,61,,2,8.44,,,,,,,,,,,,,,,,,,,,,,,,8.44,-,,,,,,,,,,,,,,,,,,,,,,,,,-,-,,,,,,,,,,,,,,,,,,,,,,,,,
,04-22-2015,06:40:15, Lane 1 ,Fwd,FF,,496,2,66,,2,9.20,,,,,,,,,,,,,,,,,,,,,,,,9.20,-,,,,,,,,,,,,,,,,,,,,,,,,,-,-,,,,,,,,,,,,,,,,,,,,,,,,,
,04-22-2015,06:40:17, Lane 1 ,Fwd,FF,,497,2,63,,2,8.93,,,,,,,,,,,,,,,,,,,,,,,,8.93,-,,,,,,,,,,,,,,,,,,,,,,,,,-,-,,,,,,,,,,,,,,,,,,,,,,,,,
,04-22-2015,06:40:18, Lane 1 ,Fwd,FF,,498,2,62,,2,8.64,,,,,,,,,,,,,,,,,,,,,,,,8.64,-,,,,,,,,,,,,,,,,,,,,,,,,,-,-,,,,,,,,,,,,,,,,,,,,,,,,,
,04-22-2015,06:40:21, Lane 1 ,Fwd,FF,,499,2,60,,2,8.94,,,,,,,,,,,,,,,,,,,,,,,,8.94,-,,,,,,,,,,,,,,,,,,,,,,,,,-,-,,,,,,,,,,,,,,,,,,,,,,,,,
,04-22-2015,06:40:26, Lane 1 ,Fwd,FF,,500,2,61,,2,9.78,,,,,,,,,,,,,,,,,,,,,,,,9.78,-,,,,,,,,,,,,,,,,,,,,,,,,,-,-,,,,,,,,,,,,,,,,,,,,,,,,,
,04-22-2015,06:40:36, Lane 1 ,Fwd,FF,,501,2,61,,2,9.76,,,,,,,,,,,,,,,,,,,,,,,,9.76,-,,,,,,,,,,,,,,,,,,,,,,,,,-,-,,,,,,,,,,,,,,,,,,,,,,,,,
,04-22-2015,06:40:38, Lane 1 ,Fwd,FF,,502,2,63,,2,7.42,,,,,,,,,,,,,,,,,,,,,,,,7.42,-,,,,,,,,,,,,,,,,,,,,,,,,,-,-,,,,,,,,,,,,,,,,,,,,,,,,,
,04-22-2015,06:40:40, Lane 1 ,Fwd,FF,,503,3,61,,2,11.73,,,,,,,,,,,,,,,,,,,,,,,,11.73,-,,,,,,,,,,,,,,,,,,,,,,,,,-,-,,,,,,,,,,,,,,,,,,,,,,,,,
,04-22-2015,06:40:41, Lane 1 ,Fwd,FF,,504,2,58,,2,8.83,,,,,,,,,,,,,,,,,,,,,,,,8.83,-,,,,,,,,,,,,,,,,,,,,,,,,,-,-,,,,,,,,,,,,,,,,,,,,,,,,,
,04-22-2015,06:40:42, Lane 1 ,Fwd,FF,,505,2,58,,2,8.74,,,,,,,,,,,,,,,,,,,,,,,,8.74,-,,,,,,,,,,,,,,,,,,,,,,,,,-,-,,,,,,,,,,,,,,,,,,,,,,,,,
,04-22-2015,06:40:46, Lane 1 ,Fwd,FF,,506,2,58,,2,8.87,,,,,,,,,,,,,,,,,,,,,,,,8.87,-,,,,,,,,,,,,,,,,,,,,,,,,,-,-,,,,,,,,,,,,,,,,,,,,,,,,,
,04-22-2015,06:40:48, Lane 1 ,Fwd,FF,,507,8,61,,3,13.07,14.58,,,,,,,,,,,,,,,,,,,,,,,27.65,-,,,,,,,,,,,,,,,,,,,,,,,,,-,-,,,,,,,,,,,,,,,,,,,,,,,,,
,04-22-2015,06:40:50, Lane 1 ,Fwd,FF,,508,3,62,,2,12.55,,,,,,,,,,,,,,,,,,,,,,,,12.55,-,,,,,,,,,,,,,,,,,,,,,,,,,-,-,,,,,,,,,,,,,,,,,,,,,,,,,
,04-22-2015,06:40:53, Lane 1 ,Fwd,FF,,509,3,67,,2,12.78,,,,,,,,,,,,,,,,,,,,,,,,12.78,-,,,,,,,,,,,,,,,,,,,,,,,,,-,-,,,,,,,,,,,,,,,,,,,,,,,,,
,04-22-2015,06:40:57, Lane 1 ,Fwd,FF,,510,2,63,,2,8.09,,,,,,,,,,,,,,,,,,,,,,,,8.09,-,,,,,,,,,,,,,,,,,,,,,,,,,-,-,,,,,,,,,,,,,,,,,,,,,,,,,
,04-22-2015,06:40:58, Lane 1 ,Fwd,FF,,511,3,61,,2,10.31,,,,,,,,,,,,,,,,,,,,,,,,10.31,-,,,,,,,,,,,,,,,,,,,,,,,,,-,-,,,,,,,,,,,,,,,,,,,,,,,,,
,04-22-2015,06:40:59, Lane 1 ,Fwd,FF,,512,2,62,,2,8.30,,,,,,,,,,,,,,,,,,,,,,,,8.30,-,,,,,,,,,,,,,,,,,,,,,,,,,-,-,,,,,,,,,,,,,,,,,,,,,,,,,
,04-22-2015,06:41:02, Lane 1 ,Fwd,FF,,513,2,58,,2,8.49,,,,,,,,,,,,,,,,,,,,,,,,8.49,-,,,,,,,,,,,,,,,,,,,,,,,,,-,-,,,,,,,,,,,,,,,,,,,,,,,,,
,04-22-2015,06:41:11, Lane 1 ,Fwd,FF,,514,2,61,,2,7.88,,,,,,,,,,,,,,,,,,,,,,,,7.88,-,,,,,,,,,,,,,,,,,,,,,,,,,-,-,,,,,,,,,,,,,,,,,,,,,,,,,
,04-22-2015,06:41:18, Lane 1 ,Fwd,FF,,515,3,57,,2,11.41,,,,,,,,,,,,,,,,,,,,,,,,11.41,-,,,,,,,,,,,,,,,,,,,,,,,,,-,-,,,,,,,,,,,,,,,,,,,,,,,,,
,04-22-2015,06:41:20, Lane 1 ,Fwd,FF,,516,3,60,,2,11.30,,,,,,,,,,,,,,,,,,,,,,,,11.30,-,,,,,,,,,,,,,,,,,,,,,,,,,-,-,,,,,,,,,,,,,,,,,,,,,,,,,
,04-22-2015,06:41:28, Lane 1 ,Fwd,FF,,517,2,55,,2,8.76,,,,,,,,,,,,,,,,,,,,,,,,8.76,-,,,,,,,,,,,,,,,,,,,,,,,,,-,-,,,,,,,,,,,,,,,,,,,,,,,,,
,04-22-2015,06:41:34, Lane 1 ,Fwd,FF,,518,3,63,,2,10.52,,,,,,,,,,,,,,,,,,,,,,,,10.52,-,,,,,,,,,,,,,,,,,,,,,,,,,-,-,,,,,,,,,,,,,,,,,,,,,,,,,
,04-22-2015,06:41:41, Lane 1 ,Fwd,FF,,519,3,59,,2,12.87,,,,,,,,,,,,,,,,,,,,,,,,12.87,-,,,,,,,,,,,,,,,,,,,,,,,,,-,-,,,,,,,,,,,,,,,,,,,,,,,,,
,04-22-2015,06:41:42, Lane 1 ,Fwd,FF,,520,3,59,,2,11.83,,,,,,,,,,,,,,,,,,,,,,,,11.83,-,,,,,,,,,,,,,,,,,,,,,,,,,-,-,,,,,,,,,,,,,,,,,,,,,,,,,
,04-22-2015,06:41:45, Lane 1 ,Fwd,FF,,521,2,55,,2,8.92,,,,,,,,,,,,,,,,,,,,,,,,8.92,-,,,,,,,,,,,,,,,,,,,,,,,,,-,-,,,,,,,,,,,,,,,,,,,,,,,,,
,04-22-2015,06:41:47, Lane 1 ,Fwd,FF,,522,2,55,,2,8.40,,,,,,,,,,,,,,,,,,,,,,,,8.40,-,,,,,,,,,,,,,,,,,,,,,,,,,-,-,,,,,,,,,,,,,,,,,,,,,,,,,
,04-22-2015,06:42:07, Lane 1 ,Fwd,FF,,523,2,57,,2,8.92,,,,,,,,,,,,,,,,,,,,,,,,8.92,-,,,,,,,,,,,,,,,,,,,,,,,,,-,-,,,,,,,,,,,,,,,,,,,,,,,,,
,04-22-2015,06:42:21, Lane 1 ,Fwd,FF,,524,3,77,,2,11.78,,,,,,,,,,,,,,,,,,,,,,,,11.78,-,,,,,,,,,,,,,,,,,,,,,,,,,-,-,,,,,,,,,,,,,,,,,,,,,,,,,
,04-22-2015,06:42:33, Lane 1 ,Fwd,FF,,525,3,55,,2,11.03,,,,,,,,,,,,,,,,,,,,,,,,11.03,-,,,,,,,,,,,,,,,,,,,,,,,,,-,-,,,,,,,,,,,,,,,,,,,,,,,,,
,04-22-2015,06:42:39, Lane 1 ,Fwd,FF,,526,2,62,,2,9.27,,,,,,,,,,,,,,,,,,,,,,,,9.27,-,,,,,,,,,,,,,,,,,,,,,,,,,-,-,,,,,,,,,,,,,,,,,,,,,,,,,
,04-22-2015,06:42:41, Lane 1 ,Fwd,FF,,527,2,59,,2,8.72,,,,,,,,,,,,,,,,,,,,,,,,8.72,-,,,,,,,,,,,,,,,,,,,,,,,,,-,-,,,,,,,,,,,,,,,,,,,,,,,,,
,04-22-2015,06:42:42, Lane 1 ,Fwd,FF,,528,2,59,,2,9.06,,,,,,,,,,,,,,,,,,,,,,,,9.06,-,,,,,,,,,,,,,,,,,,,,,,,,,-,-,,,,,,,,,,,,,,,,,,,,,,,,,
,04-22-2015,06:42:43, Lane 1 ,Fwd,FF,,529,2,62,,2,8.48,,,,,,,,,,,,,,,,,,,,,,,,8.48,-,,,,,,,,,,,,,,,,,,,,,,,,,-,-,,,,,,,,,,,,,,,,,,,,,,,,,
,04-22-2015,06:42:44, Lane 1 ,Fwd,FF,,530,2,58,,2,8.43,,,,,,,,,,,,,,,,,,,,,,,,8.43,-,,,,,,,,,,,,,,,,,,,,,,,,,-,-,,,,,,,,,,,,,,,,,,,,,,,,,
,04-22-2015,06:42:45, Lane 1 ,Fwd,FF,,531,2,56,,2,9.10,,,,,,,,,,,,,,,,,,,,,,,,9.10,-,,,,,,,,,,,,,,,,,,,,,,,,,-,-,,,,,,,,,,,,,,,,,,,,,,,,,
,04-22-2015,06:42:47, Lane 1 ,Fwd,FF,,532,2,55,,2,9.04,,,,,,,,,,,,,,,,,,,,,,,,9.04,-,,,,,,,,,,,,,,,,,,,,,,,,,-,-,,,,,,,,,,,,,,,,,,,,,,,,,
,04-22-2015,06:42:53, Lane 1 ,Fwd,FF,,533,2,56,,2,8.74,,,,,,,,,,,,,,,,,,,,,,,,8.74,-,,,,,,,,,,,,,,,,,,,,,,,,,-,-,,,,,,,,,,,,,,,,,,,,,,,,,
,04-22-2015,06:42:57, Lane 1 ,Fwd,FF,,534,2,54,,2,9.02,,,,,,,,,,,,,,,,,,,,,,,,9.02,-,,,,,,,,,,,,,,,,,,,,,,,,,-,-,,,,,,,,,,,,,,,,,,,,,,,,,
,04-22-2015,06:43:01, Lane 1 ,Fwd,FF,,535,3,57,,2,11.92,,,,,,,,,,,,,,,,,,,,,,,,11.92,-,,,,,,,,,,,,,,,,,,,,,,,,,-,-,,,,,,,,,,,,,,,,,,,,,,,,,
,04-22-2015,06:43:02, Lane 1 ,Fwd,FF,,536,2,56,,2,8.52,,,,,,,,,,,,,,,,,,,,,,,,8.52,-,,,,,,,,,,,,,,,,,,,,,,,,,-,-,,,,,,,,,,,,,,,,,,,,,,,,,
,04-22-2015,06:43:03, Lane 1 ,Fwd,FF,,537,2,61,,2,8.27,,,,,,,,,,,,,,,,,,,,,,,,8.27,-,,,,,,,,,,,,,,,,,,,,,,,,,-,-,,,,,,,,,,,,,,,,,,,,,,,,,
,04-22-2015,06:43:04, Lane 1 ,Fwd,FF,,538,1,59,,2,5.04,,,,,,,,,,,,,,,,,,,,,,,,5.04,-,,,,,,,,,,,,,,,,,,,,,,,,,-,-,,,,,,,,,,,,,,,,,,,,,,,,,
,04-22-2015,06:43:06, Lane 1 ,Fwd,FF,,539,2,53,,2,8.42,,,,,,,,,,,,,,,,,,,,,,,,8.42,-,,,,,,,,,,,,,,,,,,,,,,,,,-,-,,,,,,,,,,,,,,,,,,,,,,,,,
,04-22-2015,06:43:08, Lane 1 ,Fwd,FF,,540,2,55,,2,8.24,,,,,,,,,,,,,,,,,,,,,,,,8.24,-,,,,,,,,,,,,,,,,,,,,,,,,,-,-,,,,,,,,,,,,,,,,,,,,,,,,,
,04-22-2015,06:43:10, Lane 1 ,Fwd,FF,,541,2,54,,2,8.58,,,,,,,,,,,,,,,,,,,,,,,,8.58,-,,,,,,,,,,,,,,,,,,,,,,,,,-,-,,,,,,,,,,,,,,,,,,,,,,,,,
,04-22-2015,06:43:11, Lane 1 ,Fwd,FF,,542,8,56,,3,9.80,18.62,,,,,,,,,,,,,,,,,,,,,,,28.42,-,,,,,,,,,,,,,,,,,,,,,,,,,-,-,,,,,,,,,,,,,,,,,,,,,,,,,
,04-22-2015,06:43:13, Lane 1 ,Fwd,FF,,543,3,57,,2,10.25,,,,,,,,,,,,,,,,,,,,,,,,10.25,-,,,,,,,,,,,,,,,,,,,,,,,,,-,-,,,,,,,,,,,,,,,,,,,,,,,,,
,04-22-2015,06:43:15, Lane 1 ,Fwd,FF,,544,2,55,,2,8.40,,,,,,,,,,,,,,,,,,,,,,,,8.40,-,,,,,,,,,,,,,,,,,,,,,,,,,-,-,,,,,,,,,,,,,,,,,,,,,,,,,
,04-22-2015,06:43:18, Lane 1 ,Fwd,FF,,545,3,54,,2,10.74,,,,,,,,,,,,,,,,,,,,,,,,10.74,-,,,,,,,,,,,,,,,,,,,,,,,,,-,-,,,,,,,,,,,,,,,,,,,,,,,,,
,04-22-2015,06:43:20, Lane 1 ,Fwd,FF,,546,3,55,,2,11.04,,,,,,,,,,,,,,,,,,,,,,,,11.04,-,,,,,,,,,,,,,,,,,,,,,,,,,-,-,,,,,,,,,,,,,,,,,,,,,,,,,
,04-22-2015,06:43:21, Lane 1 ,Fwd,FF,,547,2,54,,2,8.45,,,,,,,,,,,,,,,,,,,,,,,,8.45,-,,,,,,,,,,,,,,,,,,,,,,,,,-,-,,,,,,,,,,,,,,,,,,,,,,,,,
,04-22-2015,06:43:22, Lane 1 ,Fwd,FF,,548,2,54,,2,8.13,,,,,,,,,,,,,,,,,,,,,,,,8.13,-,,,,,,,,,,,,,,,,,,,,,,,,,-,-,,,,,,,,,,,,,,,,,,,,,,,,,
,04-22-2015,06:43:24, Lane 1 ,Fwd,FF,,549,3,54,,2,11.29,,,,,,,,,,,,,,,,,,,,,,,,11.29,-,,,,,,,,,,,,,,,,,,,,,,,,,-,-,,,,,,,,,,,,,,,,,,,,,,,,,
,04-22-2015,06:43:26, Lane 1 ,Fwd,FF,,550,2,54,,2,9.62,,,,,,,,,,,,,,,,,,,,,,,,9.62,-,,,,,,,,,,,,,,,,,,,,,,,,,-,-,,,,,,,,,,,,,,,,,,,,,,,,,
,04-22-2015,06:43:27, Lane 1 ,Fwd,FF,,551,3,55,,2,10.31,,,,,,,,,,,,,,,,,,,,,,,,10.31,-,,,,,,,,,,,,,,,,,,,,,,,,,-,-,,,,,,,,,,,,,,,,,,,,,,,,,
,04-22-2015,06:43:28, Lane 1 ,Fwd,FF,,552,2,55,,2,9.26,,,,,,,,,,,,,,,,,,,,,,,,9.26,-,,,,,,,,,,,,,,,,,,,,,,,,,-,-,,,,,,,,,,,,,,,,,,,,,,,,,
,04-22-2015,06:43:30, Lane 1 ,Fwd,FF,,553,2,57,,2,9.15,,,,,,,,,,,,,,,,,,,,,,,,9.15,-,,,,,,,,,,,,,,,,,,,,,,,,,-,-,,,,,,,,,,,,,,,,,,,,,,,,,
,04-22-2015,06:43:34, Lane 1 ,Fwd,FF,,554,3,57,,2,11.33,,,,,,,,,,,,,,,,,,,,,,,,11.33,-,,,,,,,,,,,,,,,,,,,,,,,,,-,-,,,,,,,,,,,,,,,,,,,,,,,,,
,04-22-2015,06:43:36, Lane 1 ,Fwd,FF,,555,2,57,,2,9.57,,,,,,,,,,,,,,,,,,,,,,,,9.57,-,,,,,,,,,,,,,,,,,,,,,,,,,-,-,,,,,,,,,,,,,,,,,,,,,,,,,
,04-22-2015,06:43:38, Lane 1 ,Fwd,FF,,556,2,52,,2,9.94,,,,,,,,,,,,,,,,,,,,,,,,9.94,-,,,,,,,,,,,,,,,,,,,,,,,,,-,-,,,,,,,,,,,,,,,,,,,,,,,,,
,04-22-2015,06:43:42, Lane 1 ,Fwd,FF,,557,2,63,,2,9.42,,,,,,,,,,,,,,,,,,,,,,,,9.42,-,,,,,,,,,,,,,,,,,,,,,,,,,-,-,,,,,,,,,,,,,,,,,,,,,,,,,
,04-22-2015,06:43:50, Lane 1 ,Fwd,FF,,558,2,64,,2,9.73,,,,,,,,,,,,,,,,,,,,,,,,9.73,-,,,,,,,,,,,,,,,,,,,,,,,,,-,-,,,,,,,,,,,,,,,,,,,,,,,,,
,04-22-2015,06:43:52, Lane 1 ,Fwd,FF,,559,2,64,,2,9.54,,,,,,,,,,,,,,,,,,,,,,,,9.54,-,,,,,,,,,,,,,,,,,,,,,,,,,-,-,,,,,,,,,,,,,,,,,,,,,,,,,
,04-22-2015,06:43:56, Lane 1 ,Fwd,FF,,560,2,69,,2,8.87,,,,,,,,,,,,,,,,,,,,,,,,8.87,-,,,,,,,,,,,,,,,,,,,,,,,,,-,-,,,,,,,,,,,,,,,,,,,,,,,,,
,04-22-2015,06:44:03, Lane 1 ,Fwd,FF,,561,2,69,,2,8.75,,,,,,,,,,,,,,,,,,,,,,,,8.75,-,,,,,,,,,,,,,,,,,,,,,,,,,-,-,,,,,,,,,,,,,,,,,,,,,,,,,
,04-22-2015,06:44:06, Lane 1 ,Fwd,FF,,562,2,63,,2,9.69,,,,,,,,,,,,,,,,,,,,,,,,9.69,-,,,,,,,,,,,,,,,,,,,,,,,,,-,-,,,,,,,,,,,,,,,,,,,,,,,,,
,04-22-2015,06:44:07, Lane 1 ,Fwd,FF,,563,2,64,,2,8.34,,,,,,,,,,,,,,,,,,,,,,,,8.34,-,,,,,,,,,,,,,,,,,,,,,,,,,-,-,,,,,,,,,,,,,,,,,,,,,,,,,
,04-22-2015,06:44:08, Lane 1 ,Fwd,FF,,564,2,62,,2,9.92,,,,,,,,,,,,,,,,,,,,,,,,9.92,-,,,,,,,,,,,,,,,,,,,,,,,,,-,-,,,,,,,,,,,,,,,,,,,,,,,,,
,04-22-2015,06:44:09, Lane 1 ,Fwd,FF,,565,2,61,,2,8.71,,,,,,,,,,,,,,,,,,,,,,,,8.71,-,,,,,,,,,,,,,,,,,,,,,,,,,-,-,,,,,,,,,,,,,,,,,,,,,,,,,
,04-22-2015,06:44:12, Lane 1 ,Fwd,FF,,566,2,67,,2,8.66,,,,,,,,,,,,,,,,,,,,,,,,8.66,-,,,,,,,,,,,,,,,,,,,,,,,,,-,-,,,,,,,,,,,,,,,,,,,,,,,,,
,04-22-2015,06:44:16, Lane 1 ,Fwd,FF,,567,3,67,,2,11.51,,,,,,,,,,,,,,,,,,,,,,,,11.51,-,,,,,,,,,,,,,,,,,,,,,,,,,-,-,,,,,,,,,,,,,,,,,,,,,,,,,
,04-22-2015,06:44:18, Lane 1 ,Fwd,FF,,568,2,66,,2,9.20,,,,,,,,,,,,,,,,,,,,,,,,9.20,-,,,,,,,,,,,,,,,,,,,,,,,,,-,-,,,,,,,,,,,,,,,,,,,,,,,,,
,04-22-2015,06:44:21, Lane 1 ,Fwd,FF,,569,2,64,,2,9.28,,,,,,,,,,,,,,,,,,,,,,,,9.28,-,,,,,,,,,,,,,,,,,,,,,,,,,-,-,,,,,,,,,,,,,,,,,,,,,,,,,
,04-22-2015,06:44:25, Lane 1 ,Fwd,FF,,570,2,63,,2,9.03,,,,,,,,,,,,,,,,,,,,,,,,9.03,-,,,,,,,,,,,,,,,,,,,,,,,,,-,-,,,,,,,,,,,,,,,,,,,,,,,,,
,04-22-2015,06:44:28, Lane 1 ,Fwd,FF,,571,2,62,,2,8.91,,,,,,,,,,,,,,,,,,,,,,,,8.91,-,,,,,,,,,,,,,,,,,,,,,,,,,-,-,,,,,,,,,,,,,,,,,,,,,,,,,
,04-22-2015,06:44:31, Lane 1 ,Fwd,FF,,572,2,59,,2,9.41,,,,,,,,,,,,,,,,,,,,,,,,9.41,-,,,,,,,,,,,,,,,,,,,,,,,,,-,-,,,,,,,,,,,,,,,,,,,,,,,,,
,04-22-2015,06:44:32, Lane 1 ,Fwd,FF,,573,2,57,,2,8.50,,,,,,,,,,,,,,,,,,,,,,,,8.50,-,,,,,,,,,,,,,,,,,,,,,,,,,-,-,,,,,,,,,,,,,,,,,,,,,,,,,
,04-22-2015,06:44:37, Lane 1 ,Fwd,FF,,574,2,61,,2,8.89,,,,,,,,,,,,,,,,,,,,,,,,8.89,-,,,,,,,,,,,,,,,,,,,,,,,,,-,-,,,,,,,,,,,,,,,,,,,,,,,,,
,04-22-2015,06:44:41, Lane 1 ,Fwd,FF,,575,3,61,,2,11.91,,,,,,,,,,,,,,,,,,,,,,,,11.91,-,,,,,,,,,,,,,,,,,,,,,,,,,-,-,,,,,,,,,,,,,,,,,,,,,,,,,
,04-22-2015,06:44:44, Lane 1 ,Fwd,FF,,576,2,58,,2,10.06,,,,,,,,,,,,,,,,,,,,,,,,10.06,-,,,,,,,,,,,,,,,,,,,,,,,,,-,-,,,,,,,,,,,,,,,,,,,,,,,,,
,04-22-2015,06:44:48, Lane 1 ,Fwd,FF,,577,2,58,,2,9.53,,,,,,,,,,,,,,,,,,,,,,,,9.53,-,,,,,,,,,,,,,,,,,,,,,,,,,-,-,,,,,,,,,,,,,,,,,,,,,,,,,
,04-22-2015,06:44:50, Lane 1 ,Fwd,FF,,578,2,58,,2,8.68,,,,,,,,,,,,,,,,,,,,,,,,8.68,-,,,,,,,,,,,,,,,,,,,,,,,,,-,-,,,,,,,,,,,,,,,,,,,,,,,,,
,04-22-2015,06:44:57, Lane 1 ,Fwd,FF,,579,2,58,,2,9.60,,,,,,,,,,,,,,,,,,,,,,,,9.60,-,,,,,,,,,,,,,,,,,,,,,,,,,-,-,,,,,,,,,,,,,,,,,,,,,,,,,
,04-22-2015,06:45:04, Lane 1 ,Fwd,FF,,580,2,58,,2,8.96,,,,,,,,,,,,,,,,,,,,,,,,8.96,-,,,,,,,,,,,,,,,,,,,,,,,,,-,-,,,,,,,,,,,,,,,,,,,,,,,,,
,04-22-2015,06:45:15, Lane 1 ,Fwd,FF,,581,2,58,,2,9.47,,,,,,,,,,,,,,,,,,,,,,,,9.47,-,,,,,,,,,,,,,,,,,,,,,,,,,-,-,,,,,,,,,,,,,,,,,,,,,,,,,
,04-22-2015,06:45:35, Lane 1 ,Fwd,FF,,582,3,61,,2,12.81,,,,,,,,,,,,,,,,,,,,,,,,12.81,-,,,,,,,,,,,,,,,,,,,,,,,,,-,-,,,,,,,,,,,,,,,,,,,,,,,,,
,04-22-2015,06:45:56, Lane 1 ,Fwd,FF,,583,4,45,,2,22.87,,,,,,,,,,,,,,,,,,,,,,,,22.87,-,,,,,,,,,,,,,,,,,,,,,,,,,-,-,,,,,,,,,,,,,,,,,,,,,,,,,
,04-22-2015,06:45:58, Lane 1 ,Fwd,FF,,584,2,45,,2,8.67,,,,,,,,,,,,,,,,,,,,,,,,8.67,-,,,,,,,,,,,,,,,,,,,,,,,,,-,-,,,,,,,,,,,,,,,,,,,,,,,,,
,04-22-2015,06:45:59, Lane 1 ,Fwd,FF,,585,2,45,,2,9.69,,,,,,,,,,,,,,,,,,,,,,,,9.69,-,,,,,,,,,,,,,,,,,,,,,,,,,-,-,,,,,,,,,,,,,,,,,,,,,,,,,
,04-22-2015,06:46:01, Lane 1 ,Fwd,FF,,586,2,45,,2,9.15,,,,,,,,,,,,,,,,,,,,,,,,9.15,-,,,,,,,,,,,,,,,,,,,,,,,,,-,-,,,,,,,,,,,,,,,,,,,,,,,,,
,04-22-2015,06:46:02, Lane 1 ,Fwd,FF,,587,2,45,,2,10.14,,,,,,,,,,,,,,,,,,,,,,,,10.14,-,,,,,,,,,,,,,,,,,,,,,,,,,-,-,,,,,,,,,,,,,,,,,,,,,,,,,
,04-22-2015,06:46:03, Lane 1 ,Fwd,FF,,588,3,46,,2,11.74,,,,,,,,,,,,,,,,,,,,,,,,11.74,-,,,,,,,,,,,,,,,,,,,,,,,,,-,-,,,,,,,,,,,,,,,,,,,,,,,,,
,04-22-2015,06:46:06, Lane 1 ,Fwd,FF,,589,2,45,,2,9.31,,,,,,,,,,,,,,,,,,,,,,,,9.31,-,,,,,,,,,,,,,,,,,,,,,,,,,-,-,,,,,,,,,,,,,,,,,,,,,,,,,
,04-22-2015,06:46:08, Lane 1 ,Fwd,FF,,590,2,47,,2,8.69,,,,,,,,,,,,,,,,,,,,,,,,8.69,-,,,,,,,,,,,,,,,,,,,,,,,,,-,-,,,,,,,,,,,,,,,,,,,,,,,,,
,04-22-2015,06:46:10, Lane 1 ,Fwd,FF,,591,3,46,,2,11.80,,,,,,,,,,,,,,,,,,,,,,,,11.80,-,,,,,,,,,,,,,,,,,,,,,,,,,-,-,,,,,,,,,,,,,,,,,,,,,,,,,
,04-22-2015,06:46:11, Lane 1 ,Fwd,FF,,592,2,45,,2,9.57,,,,,,,,,,,,,,,,,,,,,,,,9.57,-,,,,,,,,,,,,,,,,,,,,,,,,,-,-,,,,,,,,,,,,,,,,,,,,,,,,,
,04-22-2015,06:46:13, Lane 1 ,Fwd,FF,,593,2,48,,2,9.02,,,,,,,,,,,,,,,,,,,,,,,,9.02,-,,,,,,,,,,,,,,,,,,,,,,,,,-,-,,,,,,,,,,,,,,,,,,,,,,,,,
,04-22-2015,06:46:15, Lane 1 ,Fwd,FF,,594,3,49,,2,10.63,,,,,,,,,,,,,,,,,,,,,,,,10.63,-,,,,,,,,,,,,,,,,,,,,,,,,,-,-,,,,,,,,,,,,,,,,,,,,,,,,,
,04-22-2015,06:46:18, Lane 1 ,Fwd,FF,,595,2,46,,2,8.97,,,,,,,,,,,,,,,,,,,,,,,,8.97,-,,,,,,,,,,,,,,,,,,,,,,,,,-,-,,,,,,,,,,,,,,,,,,,,,,,,,
,04-22-2015,06:46:19, Lane 1 ,Fwd,FF,,596,3,48,,2,10.66,,,,,,,,,,,,,,,,,,,,,,,,10.66,-,,,,,,,,,,,,,,,,,,,,,,,,,-,-,,,,,,,,,,,,,,,,,,,,,,,,,
,04-22-2015,06:46:21, Lane 1 ,Fwd,FF,,597,2,48,,2,8.47,,,,,,,,,,,,,,,,,,,,,,,,8.47,-,,,,,,,,,,,,,,,,,,,,,,,,,-,-,,,,,,,,,,,,,,,,,,,,,,,,,
,04-22-2015,06:46:23, Lane 1 ,Fwd,FF,,598,2,48,,2,8.91,,,,,,,,,,,,,,,,,,,,,,,,8.91,-,,,,,,,,,,,,,,,,,,,,,,,,,-,-,,,,,,,,,,,,,,,,,,,,,,,,,
,04-22-2015,06:46:24, Lane 1 ,Fwd,FF,,599,2,48,,2,8.51,,,,,,,,,,,,,,,,,,,,,,,,8.51,-,,,,,,,,,,,,,,,,,,,,,,,,,-,-,,,,,,,,,,,,,,,,,,,,,,,,,
,04-22-2015,06:46:26, Lane 1 ,Fwd,FF,,600,2,46,,2,9.22,,,,,,,,,,,,,,,,,,,,,,,,9.22,-,,,,,,,,,,,,,,,,,,,,,,,,,-,-,,,,,,,,,,,,,,,,,,,,,,,,,
,04-22-2015,06:46:27, Lane 1 ,Fwd,FF,,601,2,46,,2,8.47,,,,,,,,,,,,,,,,,,,,,,,,8.47,-,,,,,,,,,,,,,,,,,,,,,,,,,-,-,,,,,,,,,,,,,,,,,,,,,,,,,
,04-22-2015,06:46:29, Lane 1 ,Fwd,FF,,602,2,49,,2,9.76,,,,,,,,,,,,,,,,,,,,,,,,9.76,-,,,,,,,,,,,,,,,,,,,,,,,,,-,-,,,,,,,,,,,,,,,,,,,,,,,,,
,04-22-2015,06:46:31, Lane 1 ,Fwd,FF,,603,2,47,,2,8.28,,,,,,,,,,,,,,,,,,,,,,,,8.28,-,,,,,,,,,,,,,,,,,,,,,,,,,-,-,,,,,,,,,,,,,,,,,,,,,,,,,
,04-22-2015,06:46:33, Lane 1 ,Fwd,FF,,604,2,47,,2,9.78,,,,,,,,,,,,,,,,,,,,,,,,9.78,-,,,,,,,,,,,,,,,,,,,,,,,,,-,-,,,,,,,,,,,,,,,,,,,,,,,,,
,04-22-2015,06:46:35, Lane 1 ,Fwd,FF,,605,2,48,,2,9.67,,,,,,,,,,,,,,,,,,,,,,,,9.67,-,,,,,,,,,,,,,,,,,,,,,,,,,-,-,,,,,,,,,,,,,,,,,,,,,,,,,
,04-22-2015,06:46:36, Lane 1 ,Fwd,FF,,606,3,47,,2,11.79,,,,,,,,,,,,,,,,,,,,,,,,11.79,-,,,,,,,,,,,,,,,,,,,,,,,,,-,-,,,,,,,,,,,,,,,,,,,,,,,,,
,04-22-2015,06:46:37, Lane 1 ,Fwd,FF,,607,2,48,,2,8.93,,,,,,,,,,,,,,,,,,,,,,,,8.93,-,,,,,,,,,,,,,,,,,,,,,,,,,-,-,,,,,,,,,,,,,,,,,,,,,,,,,
,04-22-2015,06:46:39, Lane 1 ,Fwd,FF,,608,5,48,,2,14.13,,,,,,,,,,,,,,,,,,,,,,,,14.13,-,,,,,,,,,,,,,,,,,,,,,,,,,-,-,,,,,,,,,,,,,,,,,,,,,,,,,
,04-22-2015,06:46:41, Lane 1 ,Fwd,FF,,609,3,45,,2,11.47,,,,,,,,,,,,,,,,,,,,,,,,11.47,-,,,,,,,,,,,,,,,,,,,,,,,,,-,-,,,,,,,,,,,,,,,,,,,,,,,,,
,04-22-2015,06:46:44, Lane 1 ,Fwd,FF,,610,2,47,,2,8.90,,,,,,,,,,,,,,,,,,,,,,,,8.90,-,,,,,,,,,,,,,,,,,,,,,,,,,-,-,,,,,,,,,,,,,,,,,,,,,,,,,
,04-22-2015,06:46:46, Lane 1 ,Fwd,FF,,611,2,46,,2,8.36,,,,,,,,,,,,,,,,,,,,,,,,8.36,-,,,,,,,,,,,,,,,,,,,,,,,,,-,-,,,,,,,,,,,,,,,,,,,,,,,,,
,04-22-2015,06:46:48, Lane 1 ,Fwd,FF,,612,2,47,,2,8.81,,,,,,,,,,,,,,,,,,,,,,,,8.81,-,,,,,,,,,,,,,,,,,,,,,,,,,-,-,,,,,,,,,,,,,,,,,,,,,,,,,
,04-22-2015,06:46:51, Lane 1 ,Fwd,FF,,613,2,48,,2,8.68,,,,,,,,,,,,,,,,,,,,,,,,8.68,-,,,,,,,,,,,,,,,,,,,,,,,,,-,-,,,,,,,,,,,,,,,,,,,,,,,,,
,04-22-2015,06:46:52, Lane 1 ,Fwd,FF,,614,2,47,,2,9.09,,,,,,,,,,,,,,,,,,,,,,,,9.09,-,,,,,,,,,,,,,,,,,,,,,,,,,-,-,,,,,,,,,,,,,,,,,,,,,,,,,
,04-22-2015,06:46:54, Lane 1 ,Fwd,FF,,615,2,48,,4,9.45,15.20,2.70,,,,,,,,,,,,,,,,,,,,,,27.35,-,,,,,,,,,,,,,,,,,,,,,,,,,-,-,,,,,,,,,,,,,,,,,,,,,,,,,
,04-22-2015,06:46:56, Lane 1 ,Fwd,FF,,616,2,43,,2,8.50,,,,,,,,,,,,,,,,,,,,,,,,8.50,-,,,,,,,,,,,,,,,,,,,,,,,,,-,-,,,,,,,,,,,,,,,,,,,,,,,,,
,04-22-2015,06:46:58, Lane 1 ,Fwd,FF,,617,3,44,,2,10.71,,,,,,,,,,,,,,,,,,,,,,,,10.71,-,,,,,,,,,,,,,,,,,,,,,,,,,-,-,,,,,,,,,,,,,,,,,,,,,,,,,
,04-22-2015,06:46:59, Lane 1 ,Fwd,FF,,618,2,43,,2,9.71,,,,,,,,,,,,,,,,,,,,,,,,9.71,-,,,,,,,,,,,,,,,,,,,,,,,,,-,-,,,,,,,,,,,,,,,,,,,,,,,,,
,04-22-2015,06:47:13, Lane 1 ,Fwd,FF,,619,2,56,,2,9.70,,,,,,,,,,,,,,,,,,,,,,,,9.70,-,,,,,,,,,,,,,,,,,,,,,,,,,-,-,,,,,,,,,,,,,,,,,,,,,,,,,
,04-22-2015,06:47:14, Lane 1 ,Fwd,FF,,620,3,56,,2,11.01,,,,,,,,,,,,,,,,,,,,,,,,11.01,-,,,,,,,,,,,,,,,,,,,,,,,,,-,-,,,,,,,,,,,,,,,,,,,,,,,,,
,04-22-2015,06:47:16, Lane 1 ,Fwd,FF,,621,2,58,,2,8.54,,,,,,,,,,,,,,,,,,,,,,,,8.54,-,,,,,,,,,,,,,,,,,,,,,,,,,-,-,,,,,,,,,,,,,,,,,,,,,,,,,
,04-22-2015,06:47:18, Lane 1 ,Fwd,FF,,622,2,58,,2,9.11,,,,,,,,,,,,,,,,,,,,,,,,9.11,-,,,,,,,,,,,,,,,,,,,,,,,,,-,-,,,,,,,,,,,,,,,,,,,,,,,,,
,04-22-2015,06:47:19, Lane 1 ,Fwd,FF,,623,2,58,,2,8.45,,,,,,,,,,,,,,,,,,,,,,,,8.45,-,,,,,,,,,,,,,,,,,,,,,,,,,-,-,,,,,,,,,,,,,,,,,,,,,,,,,
,04-22-2015,06:47:20, Lane 1 ,Fwd,FF,,624,2,58,,2,9.30,,,,,,,,,,,,,,,,,,,,,,,,9.30,-,,,,,,,,,,,,,,,,,,,,,,,,,-,-,,,,,,,,,,,,,,,,,,,,,,,,,
,04-22-2015,06:47:22, Lane 1 ,Fwd,FF,,625,2,56,,2,8.82,,,,,,,,,,,,,,,,,,,,,,,,8.82,-,,,,,,,,,,,,,,,,,,,,,,,,,-,-,,,,,,,,,,,,,,,,,,,,,,,,,
,04-22-2015,06:47:24, Lane 1 ,Fwd,FF,,626,2,59,,2,8.44,,,,,,,,,,,,,,,,,,,,,,,,8.44,-,,,,,,,,,,,,,,,,,,,,,,,,,-,-,,,,,,,,,,,,,,,,,,,,,,,,,
,04-22-2015,06:47:27, Lane 1 ,Fwd,FF,,627,2,58,,2,8.70,,,,,,,,,,,,,,,,,,,,,,,,8.70,-,,,,,,,,,,,,,,,,,,,,,,,,,-,-,,,,,,,,,,,,,,,,,,,,,,,,,
,04-22-2015,06:47:28, Lane 1 ,Fwd,FF,,628,2,57,,2,9.08,,,,,,,,,,,,,,,,,,,,,,,,9.08,-,,,,,,,,,,,,,,,,,,,,,,,,,-,-,,,,,,,,,,,,,,,,,,,,,,,,,
,04-22-2015,06:47:29, Lane 1 ,Fwd,FF,,629,2,56,,2,8.71,,,,,,,,,,,,,,,,,,,,,,,,8.71,-,,,,,,,,,,,,,,,,,,,,,,,,,-,-,,,,,,,,,,,,,,,,,,,,,,,,,
,04-22-2015,06:47:31, Lane 1 ,Fwd,FF,,630,2,56,,2,8.41,,,,,,,,,,,,,,,,,,,,,,,,8.41,-,,,,,,,,,,,,,,,,,,,,,,,,,-,-,,,,,,,,,,,,,,,,,,,,,,,,,
,04-22-2015,06:47:32, Lane 1 ,Fwd,FF,,631,2,56,,2,8.74,,,,,,,,,,,,,,,,,,,,,,,,8.74,-,,,,,,,,,,,,,,,,,,,,,,,,,-,-,,,,,,,,,,,,,,,,,,,,,,,,,
,04-22-2015,06:47:40, Lane 1 ,Fwd,FF,,632,2,62,,2,8.73,,,,,,,,,,,,,,,,,,,,,,,,8.73,-,,,,,,,,,,,,,,,,,,,,,,,,,-,-,,,,,,,,,,,,,,,,,,,,,,,,,
,04-22-2015,06:47:41, Lane 1 ,Fwd,FF,,633,2,66,,2,9.58,,,,,,,,,,,,,,,,,,,,,,,,9.58,-,,,,,,,,,,,,,,,,,,,,,,,,,-,-,,,,,,,,,,,,,,,,,,,,,,,,,
,04-22-2015,06:47:42, Lane 1 ,Fwd,FF,,634,3,67,,2,10.25,,,,,,,,,,,,,,,,,,,,,,,,10.25,-,,,,,,,,,,,,,,,,,,,,,,,,,-,-,,,,,,,,,,,,,,,,,,,,,,,,,
,04-22-2015,06:47:46, Lane 1 ,Fwd,FF,,635,2,61,,2,8.96,,,,,,,,,,,,,,,,,,,,,,,,8.96,-,,,,,,,,,,,,,,,,,,,,,,,,,-,-,,,,,,,,,,,,,,,,,,,,,,,,,
,04-22-2015,06:47:48, Lane 1 ,Fwd,FF,,636,2,60,,2,8.94,,,,,,,,,,,,,,,,,,,,,,,,8.94,-,,,,,,,,,,,,,,,,,,,,,,,,,-,-,,,,,,,,,,,,,,,,,,,,,,,,,
,04-22-2015,06:48:01, Lane 1 ,Fwd,FF,,637,2,63,,2,8.75,,,,,,,,,,,,,,,,,,,,,,,,8.75,-,,,,,,,,,,,,,,,,,,,,,,,,,-,-,,,,,,,,,,,,,,,,,,,,,,,,,
,04-22-2015,06:48:05, Lane 1 ,Fwd,FF,,638,2,64,,2,8.41,,,,,,,,,,,,,,,,,,,,,,,,8.41,-,,,,,,,,,,,,,,,,,,,,,,,,,-,-,,,,,,,,,,,,,,,,,,,,,,,,,
,04-22-2015,06:48:07, Lane 1 ,Fwd,FF,,639,2,63,,2,8.68,,,,,,,,,,,,,,,,,,,,,,,,8.68,-,,,,,,,,,,,,,,,,,,,,,,,,,-,-,,,,,,,,,,,,,,,,,,,,,,,,,
,04-22-2015,06:48:11, Lane 1 ,Fwd,FF,,640,2,62,,2,9.48,,,,,,,,,,,,,,,,,,,,,,,,9.48,-,,,,,,,,,,,,,,,,,,,,,,,,,-,-,,,,,,,,,,,,,,,,,,,,,,,,,
,04-22-2015,06:48:12, Lane 1 ,Fwd,FF,,641,2,61,,2,9.05,,,,,,,,,,,,,,,,,,,,,,,,9.05,-,,,,,,,,,,,,,,,,,,,,,,,,,-,-,,,,,,,,,,,,,,,,,,,,,,,,,
,04-22-2015,06:48:15, Lane 1 ,Fwd,FF,,642,2,62,,2,8.73,,,,,,,,,,,,,,,,,,,,,,,,8.73,-,,,,,,,,,,,,,,,,,,,,,,,,,-,-,,,,,,,,,,,,,,,,,,,,,,,,,
,04-22-2015,06:48:17, Lane 1 ,Fwd,FF,,643,2,62,,2,8.66,,,,,,,,,,,,,,,,,,,,,,,,8.66,-,,,,,,,,,,,,,,,,,,,,,,,,,-,-,,,,,,,,,,,,,,,,,,,,,,,,,
,04-22-2015,06:48:18, Lane 1 ,Fwd,FF,,644,2,61,,2,8.96,,,,,,,,,,,,,,,,,,,,,,,,8.96,-,,,,,,,,,,,,,,,,,,,,,,,,,-,-,,,,,,,,,,,,,,,,,,,,,,,,,
,04-22-2015,06:48:20, Lane 1 ,Fwd,FF,,645,2,63,,2,8.43,,,,,,,,,,,,,,,,,,,,,,,,8.43,-,,,,,,,,,,,,,,,,,,,,,,,,,-,-,,,,,,,,,,,,,,,,,,,,,,,,,
,04-22-2015,06:48:22, Lane 1 ,Fwd,FF,,646,2,63,,2,8.93,,,,,,,,,,,,,,,,,,,,,,,,8.93,-,,,,,,,,,,,,,,,,,,,,,,,,,-,-,,,,,,,,,,,,,,,,,,,,,,,,,
,04-22-2015,06:48:26, Lane 1 ,Fwd,FF,,647,3,57,,2,10.32,,,,,,,,,,,,,,,,,,,,,,,,10.32,-,,,,,,,,,,,,,,,,,,,,,,,,,-,-,,,,,,,,,,,,,,,,,,,,,,,,,
,04-22-2015,06:48:27, Lane 1 ,Fwd,FF,,648,2,58,,2,9.04,,,,,,,,,,,,,,,,,,,,,,,,9.04,-,,,,,,,,,,,,,,,,,,,,,,,,,-,-,,,,,,,,,,,,,,,,,,,,,,,,,
,04-22-2015,06:48:29, Lane 1 ,Fwd,FF,,649,2,59,,2,8.96,,,,,,,,,,,,,,,,,,,,,,,,8.96,-,,,,,,,,,,,,,,,,,,,,,,,,,-,-,,,,,,,,,,,,,,,,,,,,,,,,,
,04-22-2015,06:48:42, Lane 1 ,Fwd,FF,,650,2,60,,2,8.23,,,,,,,,,,,,,,,,,,,,,,,,8.23,-,,,,,,,,,,,,,,,,,,,,,,,,,-,-,,,,,,,,,,,,,,,,,,,,,,,,,
,04-22-2015,06:48:59, Lane 1 ,Rev,FF,,651,2,56,,2,7.35,,,,,,,,,,,,,,,,,,,,,,,,7.35,-,,,,,,,,,,,,,,,,,,,,,,,,,-,-,,,,,,,,,,,,,,,,,,,,,,,,,
,04-22-2015,06:49:09, Lane 1 ,Fwd,FF,,652,2,55,,2,8.88,,,,,,,,,,,,,,,,,,,,,,,,8.88,-,,,,,,,,,,,,,,,,,,,,,,,,,-,-,,,,,,,,,,,,,,,,,,,,,,,,,
,04-22-2015,06:49:13, Lane 1 ,Fwd,FF,,653,2,60,,2,8.41,,,,,,,,,,,,,,,,,,,,,,,,8.41,-,,,,,,,,,,,,,,,,,,,,,,,,,-,-,,,,,,,,,,,,,,,,,,,,,,,,,
,04-22-2015,06:49:21, Lane 1 ,Fwd,FF,,654,2,62,,2,9.00,,,,,,,,,,,,,,,,,,,,,,,,9.00,-,,,,,,,,,,,,,,,,,,,,,,,,,-,-,,,,,,,,,,,,,,,,,,,,,,,,,
,04-22-2015,06:49:26, Lane 1 ,Fwd,FF,,655,3,68,,2,11.90,,,,,,,,,,,,,,,,,,,,,,,,11.90,-,,,,,,,,,,,,,,,,,,,,,,,,,-,-,,,,,,,,,,,,,,,,,,,,,,,,,
,04-22-2015,06:49:36, Lane 1 ,Fwd,FF,,656,2,60,,2,9.27,,,,,,,,,,,,,,,,,,,,,,,,9.27,-,,,,,,,,,,,,,,,,,,,,,,,,,-,-,,,,,,,,,,,,,,,,,,,,,,,,,
,04-22-2015,06:49:38, Lane 1 ,Fwd,FF,,657,2,60,,2,8.74,,,,,,,,,,,,,,,,,,,,,,,,8.74,-,,,,,,,,,,,,,,,,,,,,,,,,,-,-,,,,,,,,,,,,,,,,,,,,,,,,,
,04-22-2015,06:49:39, Lane 1 ,Fwd,FF,,658,2,58,,2,8.45,,,,,,,,,,,,,,,,,,,,,,,,8.45,-,,,,,,,,,,,,,,,,,,,,,,,,,-,-,,,,,,,,,,,,,,,,,,,,,,,,,
,04-22-2015,06:49:40, Lane 1 ,Fwd,FF,,659,2,58,,2,9.77,,,,,,,,,,,,,,,,,,,,,,,,9.77,-,,,,,,,,,,,,,,,,,,,,,,,,,-,-,,,,,,,,,,,,,,,,,,,,,,,,,
,04-22-2015,06:49:44, Lane 1 ,Fwd,FF,,660,3,57,,2,10.83,,,,,,,,,,,,,,,,,,,,,,,,10.83,-,,,,,,,,,,,,,,,,,,,,,,,,,-,-,,,,,,,,,,,,,,,,,,,,,,,,,
,04-22-2015,06:49:46, Lane 1 ,Fwd,FF,,661,2,58,,2,8.66,,,,,,,,,,,,,,,,,,,,,,,,8.66,-,,,,,,,,,,,,,,,,,,,,,,,,,-,-,,,,,,,,,,,,,,,,,,,,,,,,,
,04-22-2015,06:49:48, Lane 1 ,Fwd,FF,,662,2,57,,2,8.92,,,,,,,,,,,,,,,,,,,,,,,,8.92,-,,,,,,,,,,,,,,,,,,,,,,,,,-,-,,,,,,,,,,,,,,,,,,,,,,,,,
,04-22-2015,06:49:50, Lane 1 ,Fwd,FF,,663,2,56,,2,9.21,,,,,,,,,,,,,,,,,,,,,,,,9.21,-,,,,,,,,,,,,,,,,,,,,,,,,,-,-,,,,,,,,,,,,,,,,,,,,,,,,,
,04-22-2015,06:49:51, Lane 1 ,Fwd,FF,,664,2,58,,2,9.72,,,,,,,,,,,,,,,,,,,,,,,,9.72,-,,,,,,,,,,,,,,,,,,,,,,,,,-,-,,,,,,,,,,,,,,,,,,,,,,,,,
,04-22-2015,06:49:58, Lane 1 ,Fwd,FF,,665,2,60,,2,8.29,,,,,,,,,,,,,,,,,,,,,,,,8.29,-,,,,,,,,,,,,,,,,,,,,,,,,,-,-,,,,,,,,,,,,,,,,,,,,,,,,,
,04-22-2015,06:50:03, Lane 1 ,Fwd,FF,,666,2,63,,2,9.95,,,,,,,,,,,,,,,,,,,,,,,,9.95,-,,,,,,,,,,,,,,,,,,,,,,,,,-,-,,,,,,,,,,,,,,,,,,,,,,,,,
,04-22-2015,06:50:21, Lane 1 ,Fwd,FF,,667,2,56,,2,8.63,,,,,,,,,,,,,,,,,,,,,,,,8.63,-,,,,,,,,,,,,,,,,,,,,,,,,,-,-,,,,,,,,,,,,,,,,,,,,,,,,,
,04-22-2015,06:50:22, Lane 1 ,Fwd,FF,,668,2,57,,2,8.31,,,,,,,,,,,,,,,,,,,,,,,,8.31,-,,,,,,,,,,,,,,,,,,,,,,,,,-,-,,,,,,,,,,,,,,,,,,,,,,,,,
,04-22-2015,06:50:25, Lane 1 ,Fwd,FF,,669,2,60,,2,9.44,,,,,,,,,,,,,,,,,,,,,,,,9.44,-,,,,,,,,,,,,,,,,,,,,,,,,,-,-,,,,,,,,,,,,,,,,,,,,,,,,,
,04-22-2015,06:50:31, Lane 1 ,Fwd,FF,,670,2,59,,2,8.89,,,,,,,,,,,,,,,,,,,,,,,,8.89,-,,,,,,,,,,,,,,,,,,,,,,,,,-,-,,,,,,,,,,,,,,,,,,,,,,,,,
,04-22-2015,06:50:32, Lane 1 ,Fwd,FF,,671,2,58,,2,7.72,,,,,,,,,,,,,,,,,,,,,,,,7.72,-,,,,,,,,,,,,,,,,,,,,,,,,,-,-,,,,,,,,,,,,,,,,,,,,,,,,,
,04-22-2015,06:50:38, Lane 1 ,Fwd,FF,,672,2,56,,2,8.85,,,,,,,,,,,,,,,,,,,,,,,,8.85,-,,,,,,,,,,,,,,,,,,,,,,,,,-,-,,,,,,,,,,,,,,,,,,,,,,,,,
,04-22-2015,06:50:39, Lane 1 ,Fwd,FF,,673,2,56,,2,8.36,,,,,,,,,,,,,,,,,,,,,,,,8.36,-,,,,,,,,,,,,,,,,,,,,,,,,,-,-,,,,,,,,,,,,,,,,,,,,,,,,,
,04-22-2015,06:50:40, Lane 1 ,Fwd,FF,,674,2,59,,2,10.09,,,,,,,,,,,,,,,,,,,,,,,,10.09,-,,,,,,,,,,,,,,,,,,,,,,,,,-,-,,,,,,,,,,,,,,,,,,,,,,,,,
,04-22-2015,06:50:42, Lane 1 ,Fwd,FF,,675,3,64,,2,11.91,,,,,,,,,,,,,,,,,,,,,,,,11.91,-,,,,,,,,,,,,,,,,,,,,,,,,,-,-,,,,,,,,,,,,,,,,,,,,,,,,,
,04-22-2015,06:50:44, Lane 1 ,Fwd,FF,,676,2,66,,2,8.83,,,,,,,,,,,,,,,,,,,,,,,,8.83,-,,,,,,,,,,,,,,,,,,,,,,,,,-,-,,,,,,,,,,,,,,,,,,,,,,,,,
,04-22-2015,06:50:50, Lane 1 ,Fwd,FF,,677,3,63,,2,10.52,,,,,,,,,,,,,,,,,,,,,,,,10.52,-,,,,,,,,,,,,,,,,,,,,,,,,,-,-,,,,,,,,,,,,,,,,,,,,,,,,,
,04-22-2015,06:50:54, Lane 1 ,Fwd,FF,,678,2,58,,2,9.11,,,,,,,,,,,,,,,,,,,,,,,,9.11,-,,,,,,,,,,,,,,,,,,,,,,,,,-,-,,,,,,,,,,,,,,,,,,,,,,,,,
,04-22-2015,06:50:58, Lane 1 ,Fwd,FF,,679,2,56,,2,9.04,,,,,,,,,,,,,,,,,,,,,,,,9.04,-,,,,,,,,,,,,,,,,,,,,,,,,,-,-,,,,,,,,,,,,,,,,,,,,,,,,,
,04-22-2015,06:50:59, Lane 1 ,Fwd,FF,,680,3,55,,2,10.95,,,,,,,,,,,,,,,,,,,,,,,,10.95,-,,,,,,,,,,,,,,,,,,,,,,,,,-,-,,,,,,,,,,,,,,,,,,,,,,,,,
,04-22-2015,06:51:01, Lane 1 ,Fwd,FF,,681,2,58,,2,8.45,,,,,,,,,,,,,,,,,,,,,,,,8.45,-,,,,,,,,,,,,,,,,,,,,,,,,,-,-,,,,,,,,,,,,,,,,,,,,,,,,,
,04-22-2015,06:51:07, Lane 1 ,Fwd,FF,,682,2,58,,2,9.28,,,,,,,,,,,,,,,,,,,,,,,,9.28,-,,,,,,,,,,,,,,,,,,,,,,,,,-,-,,,,,,,,,,,,,,,,,,,,,,,,,
,04-22-2015,06:51:09, Lane 1 ,Fwd,FF,,683,2,56,,2,8.20,,,,,,,,,,,,,,,,,,,,,,,,8.20,-,,,,,,,,,,,,,,,,,,,,,,,,,-,-,,,,,,,,,,,,,,,,,,,,,,,,,
,04-22-2015,06:51:10, Lane 1 ,Fwd,FF,,684,2,56,,2,8.41,,,,,,,,,,,,,,,,,,,,,,,,8.41,-,,,,,,,,,,,,,,,,,,,,,,,,,-,-,,,,,,,,,,,,,,,,,,,,,,,,,
,04-22-2015,06:51:13, Lane 1 ,Fwd,FF,,685,6,56,,3,16.80,4.64,,,,,,,,,,,,,,,,,,,,,,,21.44,-,,,,,,,,,,,,,,,,,,,,,,,,,-,-,,,,,,,,,,,,,,,,,,,,,,,,,
,04-22-2015,06:51:14, Lane 1 ,Fwd,FF,,686,6,56,,3,18.86,4.41,,,,,,,,,,,,,,,,,,,,,,,23.27,-,,,,,,,,,,,,,,,,,,,,,,,,,-,-,,,,,,,,,,,,,,,,,,,,,,,,,
,04-22-2015,06:51:17, Lane 1 ,Fwd,FF,,687,2,53,,2,9.77,,,,,,,,,,,,,,,,,,,,,,,,9.77,-,,,,,,,,,,,,,,,,,,,,,,,,,-,-,,,,,,,,,,,,,,,,,,,,,,,,,
,04-22-2015,06:51:18, Lane 1 ,Fwd,FF,,688,3,53,,2,11.84,,,,,,,,,,,,,,,,,,,,,,,,11.84,-,,,,,,,,,,,,,,,,,,,,,,,,,-,-,,,,,,,,,,,,,,,,,,,,,,,,,
,04-22-2015,06:51:20, Lane 1 ,Fwd,FF,,689,2,50,,2,8.71,,,,,,,,,,,,,,,,,,,,,,,,8.71,-,,,,,,,,,,,,,,,,,,,,,,,,,-,-,,,,,,,,,,,,,,,,,,,,,,,,,
,04-22-2015,06:51:22, Lane 1 ,Fwd,FF,,690,2,53,,2,9.69,,,,,,,,,,,,,,,,,,,,,,,,9.69,-,,,,,,,,,,,,,,,,,,,,,,,,,-,-,,,,,,,,,,,,,,,,,,,,,,,,,
,04-22-2015,06:51:24, Lane 1 ,Fwd,FF,,691,3,53,,2,11.15,,,,,,,,,,,,,,,,,,,,,,,,11.15,-,,,,,,,,,,,,,,,,,,,,,,,,,-,-,,,,,,,,,,,,,,,,,,,,,,,,,
,04-22-2015,06:51:31, Lane 1 ,Fwd,FF,,692,2,55,,2,9.08,,,,,,,,,,,,,,,,,,,,,,,,9.08,-,,,,,,,,,,,,,,,,,,,,,,,,,-,-,,,,,,,,,,,,,,,,,,,,,,,,,
,04-22-2015,06:51:34, Lane 1 ,Fwd,FF,,693,2,56,,2,8.90,,,,,,,,,,,,,,,,,,,,,,,,8.90,-,,,,,,,,,,,,,,,,,,,,,,,,,-,-,,,,,,,,,,,,,,,,,,,,,,,,,
,04-22-2015,06:51:35, Lane 1 ,Fwd,FF,,694,2,57,,2,8.65,,,,,,,,,,,,,,,,,,,,,,,,8.65,-,,,,,,,,,,,,,,,,,,,,,,,,,-,-,,,,,,,,,,,,,,,,,,,,,,,,,
,04-22-2015,06:51:38, Lane 1 ,Fwd,FF,,695,5,58,,2,14.14,,,,,,,,,,,,,,,,,,,,,,,,14.14,-,,,,,,,,,,,,,,,,,,,,,,,,,-,-,,,,,,,,,,,,,,,,,,,,,,,,,
,04-22-2015,06:51:40, Lane 1 ,Fwd,FF,,696,2,54,,2,8.66,,,,,,,,,,,,,,,,,,,,,,,,8.66,-,,,,,,,,,,,,,,,,,,,,,,,,,-,-,,,,,,,,,,,,,,,,,,,,,,,,,
,04-22-2015,06:51:41, Lane 1 ,Fwd,FF,,697,2,56,,2,8.90,,,,,,,,,,,,,,,,,,,,,,,,8.90,-,,,,,,,,,,,,,,,,,,,,,,,,,-,-,,,,,,,,,,,,,,,,,,,,,,,,,
,04-22-2015,06:51:42, Lane 1 ,Fwd,FF,,698,2,56,,2,8.65,,,,,,,,,,,,,,,,,,,,,,,,8.65,-,,,,,,,,,,,,,,,,,,,,,,,,,-,-,,,,,,,,,,,,,,,,,,,,,,,,,
,04-22-2015,06:51:46, Lane 1 ,Fwd,FF,,699,2,64,,2,8.32,,,,,,,,,,,,,,,,,,,,,,,,8.32,-,,,,,,,,,,,,,,,,,,,,,,,,,-,-,,,,,,,,,,,,,,,,,,,,,,,,,
,04-22-2015,06:51:51, Lane 1 ,Fwd,FF,,700,2,60,,2,8.76,,,,,,,,,,,,,,,,,,,,,,,,8.76,-,,,,,,,,,,,,,,,,,,,,,,,,,-,-,,,,,,,,,,,,,,,,,,,,,,,,,
,04-22-2015,06:52:00, Lane 1 ,Fwd,FF,,701,3,56,,2,10.86,,,,,,,,,,,,,,,,,,,,,,,,10.86,-,,,,,,,,,,,,,,,,,,,,,,,,,-,-,,,,,,,,,,,,,,,,,,,,,,,,,
,04-22-2015,06:52:01, Lane 1 ,Fwd,FF,,702,2,57,,2,9.08,,,,,,,,,,,,,,,,,,,,,,,,9.08,-,,,,,,,,,,,,,,,,,,,,,,,,,-,-,,,,,,,,,,,,,,,,,,,,,,,,,
,04-22-2015,06:52:03, Lane 1 ,Fwd,FF,,703,2,54,,2,8.39,,,,,,,,,,,,,,,,,,,,,,,,8.39,-,,,,,,,,,,,,,,,,,,,,,,,,,-,-,,,,,,,,,,,,,,,,,,,,,,,,,
,04-22-2015,06:52:09, Lane 1 ,Fwd,FF,,704,2,61,,2,9.13,,,,,,,,,,,,,,,,,,,,,,,,9.13,-,,,,,,,,,,,,,,,,,,,,,,,,,-,-,,,,,,,,,,,,,,,,,,,,,,,,,
,04-22-2015,06:52:13, Lane 1 ,Fwd,FF,,705,2,59,,2,9.93,,,,,,,,,,,,,,,,,,,,,,,,9.93,-,,,,,,,,,,,,,,,,,,,,,,,,,-,-,,,,,,,,,,,,,,,,,,,,,,,,,
,04-22-2015,06:52:14, Lane 1 ,Fwd,FF,,706,2,59,,2,8.70,,,,,,,,,,,,,,,,,,,,,,,,8.70,-,,,,,,,,,,,,,,,,,,,,,,,,,-,-,,,,,,,,,,,,,,,,,,,,,,,,,
,04-22-2015,06:52:18, Lane 1 ,Fwd,FF,,707,2,58,,2,9.09,,,,,,,,,,,,,,,,,,,,,,,,9.09,-,,,,,,,,,,,,,,,,,,,,,,,,,-,-,,,,,,,,,,,,,,,,,,,,,,,,,
,04-22-2015,06:52:19, Lane 1 ,Fwd,FF,,708,2,57,,2,8.50,,,,,,,,,,,,,,,,,,,,,,,,8.50,-,,,,,,,,,,,,,,,,,,,,,,,,,-,-,,,,,,,,,,,,,,,,,,,,,,,,,
,04-22-2015,06:52:20, Lane 1 ,Fwd,FF,,709,2,59,,2,8.70,,,,,,,,,,,,,,,,,,,,,,,,8.70,-,,,,,,,,,,,,,,,,,,,,,,,,,-,-,,,,,,,,,,,,,,,,,,,,,,,,,
,04-22-2015,06:52:21, Lane 1 ,Fwd,FF,,710,2,63,,2,8.75,,,,,,,,,,,,,,,,,,,,,,,,8.75,-,,,,,,,,,,,,,,,,,,,,,,,,,-,-,,,,,,,,,,,,,,,,,,,,,,,,,
,04-22-2015,06:52:22, Lane 1 ,Fwd,FF,,711,2,61,,2,8.69,,,,,,,,,,,,,,,,,,,,,,,,8.69,-,,,,,,,,,,,,,,,,,,,,,,,,,-,-,,,,,,,,,,,,,,,,,,,,,,,,,
,04-22-2015,06:52:24, Lane 1 ,Fwd,FF,,712,2,61,,2,9.76,,,,,,,,,,,,,,,,,,,,,,,,9.76,-,,,,,,,,,,,,,,,,,,,,,,,,,-,-,,,,,,,,,,,,,,,,,,,,,,,,,
,04-22-2015,06:52:25, Lane 1 ,Fwd,FF,,713,3,62,,2,12.91,,,,,,,,,,,,,,,,,,,,,,,,12.91,-,,,,,,,,,,,,,,,,,,,,,,,,,-,-,,,,,,,,,,,,,,,,,,,,,,,,,
,04-22-2015,06:52:27, Lane 1 ,Fwd,FF,,714,2,68,,2,9.03,,,,,,,,,,,,,,,,,,,,,,,,9.03,-,,,,,,,,,,,,,,,,,,,,,,,,,-,-,,,,,,,,,,,,,,,,,,,,,,,,,
,04-22-2015,06:52:30, Lane 1 ,Fwd,FF,,715,2,59,,2,8.44,,,,,,,,,,,,,,,,,,,,,,,,8.44,-,,,,,,,,,,,,,,,,,,,,,,,,,-,-,,,,,,,,,,,,,,,,,,,,,,,,,
,04-22-2015,06:52:32, Lane 1 ,Fwd,FF,,716,2,61,,2,8.71,,,,,,,,,,,,,,,,,,,,,,,,8.71,-,,,,,,,,,,,,,,,,,,,,,,,,,-,-,,,,,,,,,,,,,,,,,,,,,,,,,
,04-22-2015,06:52:34, Lane 1 ,Fwd,FF,,717,2,58,,2,8.43,,,,,,,,,,,,,,,,,,,,,,,,8.43,-,,,,,,,,,,,,,,,,,,,,,,,,,-,-,,,,,,,,,,,,,,,,,,,,,,,,,
,04-22-2015,06:52:35, Lane 1 ,Fwd,FF,,718,2,58,,2,8.68,,,,,,,,,,,,,,,,,,,,,,,,8.68,-,,,,,,,,,,,,,,,,,,,,,,,,,-,-,,,,,,,,,,,,,,,,,,,,,,,,,
,04-22-2015,06:52:36, Lane 1 ,Fwd,FF,,719,2,58,,2,8.43,,,,,,,,,,,,,,,,,,,,,,,,8.43,-,,,,,,,,,,,,,,,,,,,,,,,,,-,-,,,,,,,,,,,,,,,,,,,,,,,,,
,04-22-2015,06:52:37, Lane 1 ,Fwd,FF,,720,2,63,,2,8.80,,,,,,,,,,,,,,,,,,,,,,,,8.80,-,,,,,,,,,,,,,,,,,,,,,,,,,-,-,,,,,,,,,,,,,,,,,,,,,,,,,
,04-22-2015,06:52:40, Lane 1 ,Fwd,FF,,721,2,59,,2,8.52,,,,,,,,,,,,,,,,,,,,,,,,8.52,-,,,,,,,,,,,,,,,,,,,,,,,,,-,-,,,,,,,,,,,,,,,,,,,,,,,,,
,04-22-2015,06:52:45, Lane 1 ,Fwd,FF,,722,2,59,,2,8.44,,,,,,,,,,,,,,,,,,,,,,,,8.44,-,,,,,,,,,,,,,,,,,,,,,,,,,-,-,,,,,,,,,,,,,,,,,,,,,,,,,
,04-22-2015,06:52:48, Lane 1 ,Fwd,FF,,723,2,58,,2,8.40,,,,,,,,,,,,,,,,,,,,,,,,8.40,-,,,,,,,,,,,,,,,,,,,,,,,,,-,-,,,,,,,,,,,,,,,,,,,,,,,,,
,04-22-2015,06:52:49, Lane 1 ,Fwd,FF,,724,2,62,,2,10.10,,,,,,,,,,,,,,,,,,,,,,,,10.10,-,,,,,,,,,,,,,,,,,,,,,,,,,-,-,,,,,,,,,,,,,,,,,,,,,,,,,
,04-22-2015,06:52:52, Lane 1 ,Fwd,FF,,725,2,63,,2,8.37,,,,,,,,,,,,,,,,,,,,,,,,8.37,-,,,,,,,,,,,,,,,,,,,,,,,,,-,-,,,,,,,,,,,,,,,,,,,,,,,,,
,04-22-2015,06:52:54, Lane 1 ,Fwd,FF,,726,2,62,,2,9.29,,,,,,,,,,,,,,,,,,,,,,,,9.29,-,,,,,,,,,,,,,,,,,,,,,,,,,-,-,,,,,,,,,,,,,,,,,,,,,,,,,
,04-22-2015,06:53:00, Lane 1 ,Fwd,FF,,727,2,62,,2,8.75,,,,,,,,,,,,,,,,,,,,,,,,8.75,-,,,,,,,,,,,,,,,,,,,,,,,,,-,-,,,,,,,,,,,,,,,,,,,,,,,,,
,04-22-2015,06:53:01, Lane 1 ,Fwd,FF,,728,2,62,,2,8.75,,,,,,,,,,,,,,,,,,,,,,,,8.75,-,,,,,,,,,,,,,,,,,,,,,,,,,-,-,,,,,,,,,,,,,,,,,,,,,,,,,
,04-22-2015,06:53:04, Lane 1 ,Fwd,FF,,729,2,62,,2,9.36,,,,,,,,,,,,,,,,,,,,,,,,9.36,-,,,,,,,,,,,,,,,,,,,,,,,,,-,-,,,,,,,,,,,,,,,,,,,,,,,,,
,04-22-2015,06:53:07, Lane 1 ,Fwd,FF,,730,2,58,,2,9.28,,,,,,,,,,,,,,,,,,,,,,,,9.28,-,,,,,,,,,,,,,,,,,,,,,,,,,-,-,,,,,,,,,,,,,,,,,,,,,,,,,
,04-22-2015,06:53:11, Lane 1 ,Fwd,FF,,731,2,60,,2,8.67,,,,,,,,,,,,,,,,,,,,,,,,8.67,-,,,,,,,,,,,,,,,,,,,,,,,,,-,-,,,,,,,,,,,,,,,,,,,,,,,,,
,04-22-2015,06:53:12, Lane 1 ,Fwd,FF,,732,2,59,,2,8.72,,,,,,,,,,,,,,,,,,,,,,,,8.72,-,,,,,,,,,,,,,,,,,,,,,,,,,-,-,,,,,,,,,,,,,,,,,,,,,,,,,
,04-22-2015,06:53:14, Lane 1 ,Fwd,FF,,733,3,58,,2,10.29,,,,,,,,,,,,,,,,,,,,,,,,10.29,-,,,,,,,,,,,,,,,,,,,,,,,,,-,-,,,,,,,,,,,,,,,,,,,,,,,,,
,04-22-2015,06:53:18, Lane 1 ,Fwd,FF,,734,2,56,,2,9.70,,,,,,,,,,,,,,,,,,,,,,,,9.70,-,,,,,,,,,,,,,,,,,,,,,,,,,-,-,,,,,,,,,,,,,,,,,,,,,,,,,
,04-22-2015,06:53:19, Lane 1 ,Fwd,FF,,735,2,55,,2,8.35,,,,,,,,,,,,,,,,,,,,,,,,8.35,-,,,,,,,,,,,,,,,,,,,,,,,,,-,-,,,,,,,,,,,,,,,,,,,,,,,,,
,04-22-2015,06:53:20, Lane 1 ,Fwd,FF,,736,3,58,,2,11.49,,,,,,,,,,,,,,,,,,,,,,,,11.49,-,,,,,,,,,,,,,,,,,,,,,,,,,-,-,,,,,,,,,,,,,,,,,,,,,,,,,
,04-22-2015,06:53:22, Lane 1 ,Fwd,FF,,737,2,58,,2,8.79,,,,,,,,,,,,,,,,,,,,,,,,8.79,-,,,,,,,,,,,,,,,,,,,,,,,,,-,-,,,,,,,,,,,,,,,,,,,,,,,,,
,04-22-2015,06:53:24, Lane 1 ,Fwd,FF,,738,2,56,,2,8.69,,,,,,,,,,,,,,,,,,,,,,,,8.69,-,,,,,,,,,,,,,,,,,,,,,,,,,-,-,,,,,,,,,,,,,,,,,,,,,,,,,
,04-22-2015,06:53:26, Lane 1 ,Fwd,FF,,739,3,57,,2,12.75,,,,,,,,,,,,,,,,,,,,,,,,12.75,-,,,,,,,,,,,,,,,,,,,,,,,,,-,-,,,,,,,,,,,,,,,,,,,,,,,,,
,04-22-2015,06:53:27, Lane 1 ,Fwd,FF,,740,2,56,,2,9.12,,,,,,,,,,,,,,,,,,,,,,,,9.12,-,,,,,,,,,,,,,,,,,,,,,,,,,-,-,,,,,,,,,,,,,,,,,,,,,,,,,
,04-22-2015,06:53:29, Lane 1 ,Fwd,FF,,741,2,55,,2,8.38,,,,,,,,,,,,,,,,,,,,,,,,8.38,-,,,,,,,,,,,,,,,,,,,,,,,,,-,-,,,,,,,,,,,,,,,,,,,,,,,,,
,04-22-2015,06:53:33, Lane 1 ,Fwd,FF,,742,2,56,,2,8.47,,,,,,,,,,,,,,,,,,,,,,,,8.47,-,,,,,,,,,,,,,,,,,,,,,,,,,-,-,,,,,,,,,,,,,,,,,,,,,,,,,
,04-22-2015,06:53:34, Lane 1 ,Fwd,FF,,743,2,55,,2,9.16,,,,,,,,,,,,,,,,,,,,,,,,9.16,-,,,,,,,,,,,,,,,,,,,,,,,,,-,-,,,,,,,,,,,,,,,,,,,,,,,,,
,04-22-2015,06:53:35, Lane 1 ,Fwd,FF,,744,3,56,,2,10.94,,,,,,,,,,,,,,,,,,,,,,,,10.94,-,,,,,,,,,,,,,,,,,,,,,,,,,-,-,,,,,,,,,,,,,,,,,,,,,,,,,
,04-22-2015,06:53:38, Lane 1 ,Fwd,FF,,745,2,55,,2,8.38,,,,,,,,,,,,,,,,,,,,,,,,8.38,-,,,,,,,,,,,,,,,,,,,,,,,,,-,-,,,,,,,,,,,,,,,,,,,,,,,,,
,04-22-2015,06:53:40, Lane 1 ,Fwd,FF,,746,9,53,,5,11.92,4.26,34.69,4.03,,,,,,,,,,,,,,,,,,,,,54.90,-,,,,,,,,,,,,,,,,,,,,,,,,,-,-,,,,,,,,,,,,,,,,,,,,,,,,,
,04-22-2015,06:53:44, Lane 1 ,Fwd,FF,,747,2,55,,2,8.80,,,,,,,,,,,,,,,,,,,,,,,,8.80,-,,,,,,,,,,,,,,,,,,,,,,,,,-,-,,,,,,,,,,,,,,,,,,,,,,,,,
,04-22-2015,06:53:46, Lane 1 ,Fwd,FF,,748,2,57,,2,8.67,,,,,,,,,,,,,,,,,,,,,,,,8.67,-,,,,,,,,,,,,,,,,,,,,,,,,,-,-,,,,,,,,,,,,,,,,,,,,,,,,,
,04-22-2015,06:53:47, Lane 1 ,Fwd,FF,,749,2,58,,2,8.91,,,,,,,,,,,,,,,,,,,,,,,,8.91,-,,,,,,,,,,,,,,,,,,,,,,,,,-,-,,,,,,,,,,,,,,,,,,,,,,,,,
,04-22-2015,06:53:53, Lane 1 ,Fwd,FF,,750,2,56,,2,7.45,,,,,,,,,,,,,,,,,,,,,,,,7.45,-,,,,,,,,,,,,,,,,,,,,,,,,,-,-,,,,,,,,,,,,,,,,,,,,,,,,,
,04-22-2015,06:53:56, Lane 1 ,Fwd,FF,,751,3,56,,2,11.75,,,,,,,,,,,,,,,,,,,,,,,,11.75,-,,,,,,,,,,,,,,,,,,,,,,,,,-,-,,,,,,,,,,,,,,,,,,,,,,,,,
,04-22-2015,06:53:57, Lane 1 ,Fwd,FF,,752,2,56,,2,8.61,,,,,,,,,,,,,,,,,,,,,,,,8.61,-,,,,,,,,,,,,,,,,,,,,,,,,,-,-,,,,,,,,,,,,,,,,,,,,,,,,,
,04-22-2015,06:53:59, Lane 1 ,Fwd,FF,,753,3,59,,2,10.62,,,,,,,,,,,,,,,,,,,,,,,,10.62,-,,,,,,,,,,,,,,,,,,,,,,,,,-,-,,,,,,,,,,,,,,,,,,,,,,,,,
,04-22-2015,06:54:00, Lane 1 ,Fwd,FF,,754,2,63,,2,8.61,,,,,,,,,,,,,,,,,,,,,,,,8.61,-,,,,,,,,,,,,,,,,,,,,,,,,,-,-,,,,,,,,,,,,,,,,,,,,,,,,,
,04-22-2015,06:54:03, Lane 1 ,Fwd,FF,,755,2,64,,2,8.98,,,,,,,,,,,,,,,,,,,,,,,,8.98,-,,,,,,,,,,,,,,,,,,,,,,,,,-,-,,,,,,,,,,,,,,,,,,,,,,,,,
,04-22-2015,06:54:12, Lane 1 ,Fwd,FF,,756,2,59,,2,8.87,,,,,,,,,,,,,,,,,,,,,,,,8.87,-,,,,,,,,,,,,,,,,,,,,,,,,,-,-,,,,,,,,,,,,,,,,,,,,,,,,,
,04-22-2015,06:54:13, Lane 1 ,Fwd,FF,,757,2,59,,2,8.78,,,,,,,,,,,,,,,,,,,,,,,,8.78,-,,,,,,,,,,,,,,,,,,,,,,,,,-,-,,,,,,,,,,,,,,,,,,,,,,,,,
,04-22-2015,06:54:19, Lane 1 ,Fwd,FF,,758,3,65,,2,11.24,,,,,,,,,,,,,,,,,,,,,,,,11.24,-,,,,,,,,,,,,,,,,,,,,,,,,,-,-,,,,,,,,,,,,,,,,,,,,,,,,,
,04-22-2015,06:54:21, Lane 1 ,Fwd,FF,,759,2,63,,2,9.40,,,,,,,,,,,,,,,,,,,,,,,,9.40,-,,,,,,,,,,,,,,,,,,,,,,,,,-,-,,,,,,,,,,,,,,,,,,,,,,,,,
,04-22-2015,06:54:23, Lane 1 ,Fwd,FF,,760,2,63,,2,8.75,,,,,,,,,,,,,,,,,,,,,,,,8.75,-,,,,,,,,,,,,,,,,,,,,,,,,,-,-,,,,,,,,,,,,,,,,,,,,,,,,,
,04-22-2015,06:54:25, Lane 1 ,Fwd,FF,,761,2,65,,2,8.95,,,,,,,,,,,,,,,,,,,,,,,,8.95,-,,,,,,,,,,,,,,,,,,,,,,,,,-,-,,,,,,,,,,,,,,,,,,,,,,,,,
,04-22-2015,06:54:29, Lane 1 ,Fwd,FF,,762,3,65,,2,10.48,,,,,,,,,,,,,,,,,,,,,,,,10.48,-,,,,,,,,,,,,,,,,,,,,,,,,,-,-,,,,,,,,,,,,,,,,,,,,,,,,,
,04-22-2015,06:54:30, Lane 1 ,Fwd,FF,,763,2,64,,2,8.98,,,,,,,,,,,,,,,,,,,,,,,,8.98,-,,,,,,,,,,,,,,,,,,,,,,,,,-,-,,,,,,,,,,,,,,,,,,,,,,,,,
,04-22-2015,06:54:31, Lane 1 ,Fwd,FF,,764,3,62,,2,10.55,,,,,,,,,,,,,,,,,,,,,,,,10.55,-,,,,,,,,,,,,,,,,,,,,,,,,,-,-,,,,,,,,,,,,,,,,,,,,,,,,,
,04-22-2015,06:54:40, Lane 1 ,Fwd,FF,,765,2,58,,2,9.62,,,,,,,,,,,,,,,,,,,,,,,,9.62,-,,,,,,,,,,,,,,,,,,,,,,,,,-,-,,,,,,,,,,,,,,,,,,,,,,,,,
,04-22-2015,06:54:42, Lane 1 ,Fwd,FF,,766,2,59,,2,8.87,,,,,,,,,,,,,,,,,,,,,,,,8.87,-,,,,,,,,,,,,,,,,,,,,,,,,,-,-,,,,,,,,,,,,,,,,,,,,,,,,,
,04-22-2015,06:54:43, Lane 1 ,Fwd,FF,,767,3,58,,2,11.15,,,,,,,,,,,,,,,,,,,,,,,,11.15,-,,,,,,,,,,,,,,,,,,,,,,,,,-,-,,,,,,,,,,,,,,,,,,,,,,,,,
,04-22-2015,06:54:44, Lane 1 ,Fwd,FF,,768,2,58,,2,9.04,,,,,,,,,,,,,,,,,,,,,,,,9.04,-,,,,,,,,,,,,,,,,,,,,,,,,,-,-,,,,,,,,,,,,,,,,,,,,,,,,,
,04-22-2015,06:54:45, Lane 1 ,Fwd,FF,,769,2,56,,2,8.82,,,,,,,,,,,,,,,,,,,,,,,,8.82,-,,,,,,,,,,,,,,,,,,,,,,,,,-,-,,,,,,,,,,,,,,,,,,,,,,,,,
,04-22-2015,06:54:46, Lane 1 ,Fwd,FF,,770,2,56,,2,8.88,,,,,,,,,,,,,,,,,,,,,,,,8.88,-,,,,,,,,,,,,,,,,,,,,,,,,,-,-,,,,,,,,,,,,,,,,,,,,,,,,,
,04-22-2015,06:54:48, Lane 1 ,Fwd,FF,,771,2,57,,2,9.06,,,,,,,,,,,,,,,,,,,,,,,,9.06,-,,,,,,,,,,,,,,,,,,,,,,,,,-,-,,,,,,,,,,,,,,,,,,,,,,,,,
,04-22-2015,06:54:51, Lane 1 ,Fwd,FF,,772,2,60,,2,9.00,,,,,,,,,,,,,,,,,,,,,,,,9.00,-,,,,,,,,,,,,,,,,,,,,,,,,,-,-,,,,,,,,,,,,,,,,,,,,,,,,,
,04-22-2015,06:54:54, Lane 1 ,Fwd,FF,,773,2,58,,2,9.00,,,,,,,,,,,,,,,,,,,,,,,,9.00,-,,,,,,,,,,,,,,,,,,,,,,,,,-,-,,,,,,,,,,,,,,,,,,,,,,,,,
,04-22-2015,06:54:56, Lane 1 ,Fwd,FF,,774,2,59,,2,9.24,,,,,,,,,,,,,,,,,,,,,,,,9.24,-,,,,,,,,,,,,,,,,,,,,,,,,,-,-,,,,,,,,,,,,,,,,,,,,,,,,,
,04-22-2015,06:54:58, Lane 1 ,Fwd,FF,,775,2,56,,2,8.80,,,,,,,,,,,,,,,,,,,,,,,,8.80,-,,,,,,,,,,,,,,,,,,,,,,,,,-,-,,,,,,,,,,,,,,,,,,,,,,,,,
,04-22-2015,06:54:59, Lane 1 ,Fwd,FF,,776,2,56,,2,8.88,,,,,,,,,,,,,,,,,,,,,,,,8.88,-,,,,,,,,,,,,,,,,,,,,,,,,,-,-,,,,,,,,,,,,,,,,,,,,,,,,,
,04-22-2015,06:55:03, Lane 1 ,Fwd,FF,,777,2,58,,2,9.79,,,,,,,,,,,,,,,,,,,,,,,,9.79,-,,,,,,,,,,,,,,,,,,,,,,,,,-,-,,,,,,,,,,,,,,,,,,,,,,,,,
,04-22-2015,06:55:05, Lane 1 ,Fwd,FF,,778,2,57,,2,9.15,,,,,,,,,,,,,,,,,,,,,,,,9.15,-,,,,,,,,,,,,,,,,,,,,,,,,,-,-,,,,,,,,,,,,,,,,,,,,,,,,,
,04-22-2015,06:55:07, Lane 1 ,Fwd,FF,,779,2,57,,2,8.33,,,,,,,,,,,,,,,,,,,,,,,,8.33,-,,,,,,,,,,,,,,,,,,,,,,,,,-,-,,,,,,,,,,,,,,,,,,,,,,,,,
,04-22-2015,06:55:08, Lane 1 ,Fwd,FF,,780,2,57,,2,8.89,,,,,,,,,,,,,,,,,,,,,,,,8.89,-,,,,,,,,,,,,,,,,,,,,,,,,,-,-,,,,,,,,,,,,,,,,,,,,,,,,,
,04-22-2015,06:55:10, Lane 1 ,Fwd,FF,,781,3,58,,2,10.37,,,,,,,,,,,,,,,,,,,,,,,,10.37,-,,,,,,,,,,,,,,,,,,,,,,,,,-,-,,,,,,,,,,,,,,,,,,,,,,,,,
,04-22-2015,06:55:13, Lane 1 ,Fwd,FF,,782,2,56,,2,8.41,,,,,,,,,,,,,,,,,,,,,,,,8.41,-,,,,,,,,,,,,,,,,,,,,,,,,,-,-,,,,,,,,,,,,,,,,,,,,,,,,,
,04-22-2015,06:55:14, Lane 1 ,Fwd,FF,,783,2,56,,2,8.71,,,,,,,,,,,,,,,,,,,,,,,,8.71,-,,,,,,,,,,,,,,,,,,,,,,,,,-,-,,,,,,,,,,,,,,,,,,,,,,,,,
,04-22-2015,06:55:16, Lane 1 ,Fwd,FF,,784,2,57,,2,9.17,,,,,,,,,,,,,,,,,,,,,,,,9.17,-,,,,,,,,,,,,,,,,,,,,,,,,,-,-,,,,,,,,,,,,,,,,,,,,,,,,,
,04-22-2015,06:55:23, Lane 1 ,Fwd,FF,,785,2,67,,2,9.74,,,,,,,,,,,,,,,,,,,,,,,,9.74,-,,,,,,,,,,,,,,,,,,,,,,,,,-,-,,,,,,,,,,,,,,,,,,,,,,,,,
,04-22-2015,06:55:34, Lane 1 ,Fwd,FF,,786,2,59,,2,7.60,,,,,,,,,,,,,,,,,,,,,,,,7.60,-,,,,,,,,,,,,,,,,,,,,,,,,,-,-,,,,,,,,,,,,,,,,,,,,,,,,,
,04-22-2015,06:55:36, Lane 1 ,Fwd,FF,,787,2,60,,2,8.12,,,,,,,,,,,,,,,,,,,,,,,,8.12,-,,,,,,,,,,,,,,,,,,,,,,,,,-,-,,,,,,,,,,,,,,,,,,,,,,,,,
,04-22-2015,06:55:46, Lane 1 ,Fwd,FF,,788,2,62,,2,9.56,,,,,,,,,,,,,,,,,,,,,,,,9.56,-,,,,,,,,,,,,,,,,,,,,,,,,,-,-,,,,,,,,,,,,,,,,,,,,,,,,,
,04-22-2015,06:55:48, Lane 1 ,Fwd,FF,,789,3,64,,2,11.53,,,,,,,,,,,,,,,,,,,,,,,,11.53,-,,,,,,,,,,,,,,,,,,,,,,,,,-,-,,,,,,,,,,,,,,,,,,,,,,,,,
,04-22-2015,06:55:50, Lane 1 ,Fwd,FF,,790,2,58,,2,8.83,,,,,,,,,,,,,,,,,,,,,,,,8.83,-,,,,,,,,,,,,,,,,,,,,,,,,,-,-,,,,,,,,,,,,,,,,,,,,,,,,,
,04-22-2015,06:55:51, Lane 1 ,Fwd,FF,,791,2,62,,2,8.93,,,,,,,,,,,,,,,,,,,,,,,,8.93,-,,,,,,,,,,,,,,,,,,,,,,,,,-,-,,,,,,,,,,,,,,,,,,,,,,,,,
,04-22-2015,06:56:00, Lane 1 ,Fwd,FF,,792,2,66,,2,8.52,,,,,,,,,,,,,,,,,,,,,,,,8.52,-,,,,,,,,,,,,,,,,,,,,,,,,,-,-,,,,,,,,,,,,,,,,,,,,,,,,,
,04-22-2015,06:56:03, Lane 1 ,Fwd,FF,,793,2,60,,2,7.94,,,,,,,,,,,,,,,,,,,,,,,,7.94,-,,,,,,,,,,,,,,,,,,,,,,,,,-,-,,,,,,,,,,,,,,,,,,,,,,,,,
,04-22-2015,06:56:05, Lane 1 ,Fwd,FF,,794,2,61,,2,9.96,,,,,,,,,,,,,,,,,,,,,,,,9.96,-,,,,,,,,,,,,,,,,,,,,,,,,,-,-,,,,,,,,,,,,,,,,,,,,,,,,,
,04-22-2015,06:56:07, Lane 1 ,Fwd,FF,,795,2,59,,2,8.64,,,,,,,,,,,,,,,,,,,,,,,,8.64,-,,,,,,,,,,,,,,,,,,,,,,,,,-,-,,,,,,,,,,,,,,,,,,,,,,,,,
,04-22-2015,06:56:12, Lane 1 ,Fwd,FF,,796,3,56,,2,11.42,,,,,,,,,,,,,,,,,,,,,,,,11.42,-,,,,,,,,,,,,,,,,,,,,,,,,,-,-,,,,,,,,,,,,,,,,,,,,,,,,,
,04-22-2015,06:56:13, Lane 1 ,Fwd,FF,,797,2,55,,2,8.70,,,,,,,,,,,,,,,,,,,,,,,,8.70,-,,,,,,,,,,,,,,,,,,,,,,,,,-,-,,,,,,,,,,,,,,,,,,,,,,,,,
,04-22-2015,06:56:15, Lane 1 ,Fwd,FF,,798,2,56,,2,8.57,,,,,,,,,,,,,,,,,,,,,,,,8.57,-,,,,,,,,,,,,,,,,,,,,,,,,,-,-,,,,,,,,,,,,,,,,,,,,,,,,,
,04-22-2015,06:56:17, Lane 1 ,Fwd,FF,,799,2,58,,2,8.68,,,,,,,,,,,,,,,,,,,,,,,,8.68,-,,,,,,,,,,,,,,,,,,,,,,,,,-,-,,,,,,,,,,,,,,,,,,,,,,,,,
,04-22-2015,06:56:20, Lane 1 ,Fwd,FF,,800,2,60,,2,8.91,,,,,,,,,,,,,,,,,,,,,,,,8.91,-,,,,,,,,,,,,,,,,,,,,,,,,,-,-,,,,,,,,,,,,,,,,,,,,,,,,,
,04-22-2015,06:56:23, Lane 1 ,Fwd,FF,,801,3,56,,2,11.75,,,,,,,,,,,,,,,,,,,,,,,,11.75,-,,,,,,,,,,,,,,,,,,,,,,,,,-,-,,,,,,,,,,,,,,,,,,,,,,,,,
,04-22-2015,06:56:26, Lane 1 ,Fwd,FF,,802,2,58,,2,8.74,,,,,,,,,,,,,,,,,,,,,,,,8.74,-,,,,,,,,,,,,,,,,,,,,,,,,,-,-,,,,,,,,,,,,,,,,,,,,,,,,,
,04-22-2015,06:56:28, Lane 1 ,Fwd,FF,,803,2,56,,2,9.10,,,,,,,,,,,,,,,,,,,,,,,,9.10,-,,,,,,,,,,,,,,,,,,,,,,,,,-,-,,,,,,,,,,,,,,,,,,,,,,,,,
,04-22-2015,06:56:29, Lane 1 ,Fwd,FF,,804,2,56,,2,8.49,,,,,,,,,,,,,,,,,,,,,,,,8.49,-,,,,,,,,,,,,,,,,,,,,,,,,,-,-,,,,,,,,,,,,,,,,,,,,,,,,,
,04-22-2015,06:56:30, Lane 1 ,Fwd,FF,,805,2,59,,2,8.98,,,,,,,,,,,,,,,,,,,,,,,,8.98,-,,,,,,,,,,,,,,,,,,,,,,,,,-,-,,,,,,,,,,,,,,,,,,,,,,,,,
,04-22-2015,06:56:35, Lane 1 ,Fwd,FF,,806,2,61,,2,9.07,,,,,,,,,,,,,,,,,,,,,,,,9.07,-,,,,,,,,,,,,,,,,,,,,,,,,,-,-,,,,,,,,,,,,,,,,,,,,,,,,,
,04-22-2015,06:56:36, Lane 1 ,Fwd,FF,,807,2,59,,2,8.20,,,,,,,,,,,,,,,,,,,,,,,,8.20,-,,,,,,,,,,,,,,,,,,,,,,,,,-,-,,,,,,,,,,,,,,,,,,,,,,,,,
,04-22-2015,06:56:43, Lane 1 ,Fwd,FF,,808,9,55,,5,12.00,4.16,17.04,4.16,,,,,,,,,,,,,,,,,,,,,37.36,-,,,,,,,,,,,,,,,,,,,,,,,,,-,-,,,,,,,,,,,,,,,,,,,,,,,,,
,04-22-2015,06:56:44, Lane 1 ,Fwd,FF,,809,2,53,,2,9.68,,,,,,,,,,,,,,,,,,,,,,,,9.68,-,,,,,,,,,,,,,,,,,,,,,,,,,-,-,,,,,,,,,,,,,,,,,,,,,,,,,
,04-22-2015,06:56:45, Lane 1 ,Fwd,FF,,810,2,51,,2,8.72,,,,,,,,,,,,,,,,,,,,,,,,8.72,-,,,,,,,,,,,,,,,,,,,,,,,,,-,-,,,,,,,,,,,,,,,,,,,,,,,,,
,04-22-2015,06:56:47, Lane 1 ,Fwd,FF,,811,2,50,,2,8.69,,,,,,,,,,,,,,,,,,,,,,,,8.69,-,,,,,,,,,,,,,,,,,,,,,,,,,-,-,,,,,,,,,,,,,,,,,,,,,,,,,
,04-22-2015,06:56:48, Lane 1 ,Fwd,FF,,812,2,49,,2,8.05,,,,,,,,,,,,,,,,,,,,,,,,8.05,-,,,,,,,,,,,,,,,,,,,,,,,,,-,-,,,,,,,,,,,,,,,,,,,,,,,,,
,04-22-2015,06:56:49, Lane 1 ,Fwd,FF,,813,2,48,,2,8.61,,,,,,,,,,,,,,,,,,,,,,,,8.61,-,,,,,,,,,,,,,,,,,,,,,,,,,-,-,,,,,,,,,,,,,,,,,,,,,,,,,
,04-22-2015,06:56:50, Lane 1 ,Fwd,FF,,814,3,49,,2,11.78,,,,,,,,,,,,,,,,,,,,,,,,11.78,-,,,,,,,,,,,,,,,,,,,,,,,,,-,-,,,,,,,,,,,,,,,,,,,,,,,,,
,04-22-2015,06:56:51, Lane 1 ,Fwd,FF,,815,3,52,,2,11.32,,,,,,,,,,,,,,,,,,,,,,,,11.32,-,,,,,,,,,,,,,,,,,,,,,,,,,-,-,,,,,,,,,,,,,,,,,,,,,,,,,
,04-22-2015,06:56:53, Lane 1 ,Fwd,FF,,816,2,55,,2,8.80,,,,,,,,,,,,,,,,,,,,,,,,8.80,-,,,,,,,,,,,,,,,,,,,,,,,,,-,-,,,,,,,,,,,,,,,,,,,,,,,,,
,04-22-2015,06:56:55, Lane 1 ,Fwd,FF,,817,2,56,,2,9.14,,,,,,,,,,,,,,,,,,,,,,,,9.14,-,,,,,,,,,,,,,,,,,,,,,,,,,-,-,,,,,,,,,,,,,,,,,,,,,,,,,
,04-22-2015,06:56:58, Lane 1 ,Fwd,FF,,818,2,54,,2,8.50,,,,,,,,,,,,,,,,,,,,,,,,8.50,-,,,,,,,,,,,,,,,,,,,,,,,,,-,-,,,,,,,,,,,,,,,,,,,,,,,,,
,04-22-2015,06:57:02, Lane 1 ,Fwd,FF,,819,2,53,,2,8.88,,,,,,,,,,,,,,,,,,,,,,,,8.88,-,,,,,,,,,,,,,,,,,,,,,,,,,-,-,,,,,,,,,,,,,,,,,,,,,,,,,
,04-22-2015,06:57:03, Lane 1 ,Fwd,FF,,820,2,52,,2,8.45,,,,,,,,,,,,,,,,,,,,,,,,8.45,-,,,,,,,,,,,,,,,,,,,,,,,,,-,-,,,,,,,,,,,,,,,,,,,,,,,,,
,04-22-2015,06:57:05, Lane 1 ,Fwd,FF,,821,3,52,,2,11.40,,,,,,,,,,,,,,,,,,,,,,,,11.40,-,,,,,,,,,,,,,,,,,,,,,,,,,-,-,,,,,,,,,,,,,,,,,,,,,,,,,
,04-22-2015,06:57:08, Lane 1 ,Fwd,FF,,822,2,54,,2,8.45,,,,,,,,,,,,,,,,,,,,,,,,8.45,-,,,,,,,,,,,,,,,,,,,,,,,,,-,-,,,,,,,,,,,,,,,,,,,,,,,,,
,04-22-2015,06:57:10, Lane 1 ,Fwd,FF,,823,2,54,,2,8.45,,,,,,,,,,,,,,,,,,,,,,,,8.45,-,,,,,,,,,,,,,,,,,,,,,,,,,-,-,,,,,,,,,,,,,,,,,,,,,,,,,
,04-22-2015,06:57:23, Lane 1 ,Fwd,FF,,824,2,54,,2,8.90,,,,,,,,,,,,,,,,,,,,,,,,8.90,-,,,,,,,,,,,,,,,,,,,,,,,,,-,-,,,,,,,,,,,,,,,,,,,,,,,,,
,04-22-2015,06:57:31, Lane 1 ,Fwd,FF,,825,4,48,,2,22.74,,,,,,,,,,,,,,,,,,,,,,,,22.74,-,,,,,,,,,,,,,,,,,,,,,,,,,-,-,,,,,,,,,,,,,,,,,,,,,,,,,
,04-22-2015,06:57:33, Lane 1 ,Fwd,FF,,826,3,49,,2,11.86,,,,,,,,,,,,,,,,,,,,,,,,11.86,-,,,,,,,,,,,,,,,,,,,,,,,,,-,-,,,,,,,,,,,,,,,,,,,,,,,,,
,04-22-2015,06:57:34, Lane 1 ,Fwd,FF,,827,3,49,,2,10.77,,,,,,,,,,,,,,,,,,,,,,,,10.77,-,,,,,,,,,,,,,,,,,,,,,,,,,-,-,,,,,,,,,,,,,,,,,,,,,,,,,
,04-22-2015,06:57:36, Lane 1 ,Fwd,FF,,828,2,49,,2,8.34,,,,,,,,,,,,,,,,,,,,,,,,8.34,-,,,,,,,,,,,,,,,,,,,,,,,,,-,-,,,,,,,,,,,,,,,,,,,,,,,,,
,04-22-2015,06:57:38, Lane 1 ,Fwd,FF,,829,2,50,,2,8.91,,,,,,,,,,,,,,,,,,,,,,,,8.91,-,,,,,,,,,,,,,,,,,,,,,,,,,-,-,,,,,,,,,,,,,,,,,,,,,,,,,
,04-22-2015,06:57:40, Lane 1 ,Fwd,FF,,830,3,47,,2,10.41,,,,,,,,,,,,,,,,,,,,,,,,10.41,-,,,,,,,,,,,,,,,,,,,,,,,,,-,-,,,,,,,,,,,,,,,,,,,,,,,,,
,04-22-2015,06:57:43, Lane 1 ,Fwd,FF,,831,4,51,,3,21.71,4.52,,,,,,,,,,,,,,,,,,,,,,,26.23,-,,,,,,,,,,,,,,,,,,,,,,,,,-,-,,,,,,,,,,,,,,,,,,,,,,,,,
,04-22-2015,06:57:45, Lane 1 ,Fwd,FF,,832,2,51,,2,8.74,,,,,,,,,,,,,,,,,,,,,,,,8.74,-,,,,,,,,,,,,,,,,,,,,,,,,,-,-,,,,,,,,,,,,,,,,,,,,,,,,,
,04-22-2015,06:57:46, Lane 1 ,Fwd,FF,,833,2,48,,2,8.49,,,,,,,,,,,,,,,,,,,,,,,,8.49,-,,,,,,,,,,,,,,,,,,,,,,,,,-,-,,,,,,,,,,,,,,,,,,,,,,,,,
,04-22-2015,06:57:48, Lane 1 ,Fwd,FF,,834,3,53,,2,11.85,,,,,,,,,,,,,,,,,,,,,,,,11.85,-,,,,,,,,,,,,,,,,,,,,,,,,,-,-,,,,,,,,,,,,,,,,,,,,,,,,,
,04-22-2015,06:57:50, Lane 1 ,Fwd,FF,,835,2,51,,2,8.96,,,,,,,,,,,,,,,,,,,,,,,,8.96,-,,,,,,,,,,,,,,,,,,,,,,,,,-,-,,,,,,,,,,,,,,,,,,,,,,,,,
,04-22-2015,06:57:51, Lane 1 ,Fwd,FF,,836,2,51,,2,8.72,,,,,,,,,,,,,,,,,,,,,,,,8.72,-,,,,,,,,,,,,,,,,,,,,,,,,,-,-,,,,,,,,,,,,,,,,,,,,,,,,,
,04-22-2015,06:57:53, Lane 1 ,Fwd,FF,,837,4,54,,3,23.37,4.42,,,,,,,,,,,,,,,,,,,,,,,27.79,-,,,,,,,,,,,,,,,,,,,,,,,,,-,-,,,,,,,,,,,,,,,,,,,,,,,,,
,04-22-2015,06:57:55, Lane 1 ,Fwd,FF,,838,2,55,,2,9.02,,,,,,,,,,,,,,,,,,,,,,,,9.02,-,,,,,,,,,,,,,,,,,,,,,,,,,-,-,,,,,,,,,,,,,,,,,,,,,,,,,
,04-22-2015,06:57:59, Lane 1 ,Fwd,FF,,839,4,53,,3,23.31,4.49,,,,,,,,,,,,,,,,,,,,,,,27.80,-,,,,,,,,,,,,,,,,,,,,,,,,,-,-,,,,,,,,,,,,,,,,,,,,,,,,,
,04-22-2015,06:58:02, Lane 1 ,Fwd,FF,,840,4,54,,3,23.45,4.39,,,,,,,,,,,,,,,,,,,,,,,27.84,-,,,,,,,,,,,,,,,,,,,,,,,,,-,-,,,,,,,,,,,,,,,,,,,,,,,,,
,04-22-2015,06:58:03, Lane 1 ,Fwd,FF,,841,2,54,,2,9.02,,,,,,,,,,,,,,,,,,,,,,,,9.02,-,,,,,,,,,,,,,,,,,,,,,,,,,-,-,,,,,,,,,,,,,,,,,,,,,,,,,
,04-22-2015,06:58:05, Lane 1 ,Fwd,FF,,842,2,53,,2,9.14,,,,,,,,,,,,,,,,,,,,,,,,9.14,-,,,,,,,,,,,,,,,,,,,,,,,,,-,-,,,,,,,,,,,,,,,,,,,,,,,,,
,04-22-2015,06:58:07, Lane 1 ,Fwd,FF,,843,2,53,,2,9.69,,,,,,,,,,,,,,,,,,,,,,,,9.69,-,,,,,,,,,,,,,,,,,,,,,,,,,-,-,,,,,,,,,,,,,,,,,,,,,,,,,
,04-22-2015,06:58:12, Lane 1 ,Fwd,FF,,844,3,55,,2,10.63,,,,,,,,,,,,,,,,,,,,,,,,10.63,-,,,,,,,,,,,,,,,,,,,,,,,,,-,-,,,,,,,,,,,,,,,,,,,,,,,,,
,04-22-2015,06:58:17, Lane 1 ,Fwd,FF,,845,2,50,,2,8.69,,,,,,,,,,,,,,,,,,,,,,,,8.69,-,,,,,,,,,,,,,,,,,,,,,,,,,-,-,,,,,,,,,,,,,,,,,,,,,,,,,
,04-22-2015,06:58:20, Lane 1 ,Fwd,FF,,846,2,52,,2,8.94,,,,,,,,,,,,,,,,,,,,,,,,8.94,-,,,,,,,,,,,,,,,,,,,,,,,,,-,-,,,,,,,,,,,,,,,,,,,,,,,,,
,04-22-2015,06:58:33, Lane 1 ,Fwd,FF,,847,2,58,,2,9.64,,,,,,,,,,,,,,,,,,,,,,,,9.64,-,,,,,,,,,,,,,,,,,,,,,,,,,-,-,,,,,,,,,,,,,,,,,,,,,,,,,
,04-22-2015,06:58:37, Lane 1 ,Fwd,FF,,848,3,57,,2,11.58,,,,,,,,,,,,,,,,,,,,,,,,11.58,-,,,,,,,,,,,,,,,,,,,,,,,,,-,-,,,,,,,,,,,,,,,,,,,,,,,,,
,04-22-2015,06:58:38, Lane 1 ,Fwd,FF,,849,2,58,,2,9.02,,,,,,,,,,,,,,,,,,,,,,,,9.02,-,,,,,,,,,,,,,,,,,,,,,,,,,-,-,,,,,,,,,,,,,,,,,,,,,,,,,
,04-22-2015,06:58:42, Lane 1 ,Fwd,FF,,850,2,59,,2,8.26,,,,,,,,,,,,,,,,,,,,,,,,8.26,-,,,,,,,,,,,,,,,,,,,,,,,,,-,-,,,,,,,,,,,,,,,,,,,,,,,,,
,04-22-2015,06:58:44, Lane 1 ,Fwd,FF,,851,3,62,,2,10.55,,,,,,,,,,,,,,,,,,,,,,,,10.55,-,,,,,,,,,,,,,,,,,,,,,,,,,-,-,,,,,,,,,,,,,,,,,,,,,,,,,
,04-22-2015,06:58:46, Lane 1 ,Fwd,FF,,852,2,64,,2,8.91,,,,,,,,,,,,,,,,,,,,,,,,8.91,-,,,,,,,,,,,,,,,,,,,,,,,,,-,-,,,,,,,,,,,,,,,,,,,,,,,,,
,04-22-2015,06:58:48, Lane 1 ,Fwd,FF,,853,2,63,,2,8.28,,,,,,,,,,,,,,,,,,,,,,,,8.28,-,,,,,,,,,,,,,,,,,,,,,,,,,-,-,,,,,,,,,,,,,,,,,,,,,,,,,
,04-22-2015,06:58:50, Lane 1 ,Fwd,FF,,854,2,62,,2,8.57,,,,,,,,,,,,,,,,,,,,,,,,8.57,-,,,,,,,,,,,,,,,,,,,,,,,,,-,-,,,,,,,,,,,,,,,,,,,,,,,,,
,04-22-2015,06:58:59, Lane 1 ,Fwd,FF,,855,3,61,,2,11.29,,,,,,,,,,,,,,,,,,,,,,,,11.29,-,,,,,,,,,,,,,,,,,,,,,,,,,-,-,,,,,,,,,,,,,,,,,,,,,,,,,
,04-22-2015,06:59:00, Lane 1 ,Fwd,FF,,856,3,60,,2,11.91,,,,,,,,,,,,,,,,,,,,,,,,11.91,-,,,,,,,,,,,,,,,,,,,,,,,,,-,-,,,,,,,,,,,,,,,,,,,,,,,,,
,04-22-2015,06:59:01, Lane 1 ,Fwd,FF,,857,2,59,,2,8.89,,,,,,,,,,,,,,,,,,,,,,,,8.89,-,,,,,,,,,,,,,,,,,,,,,,,,,-,-,,,,,,,,,,,,,,,,,,,,,,,,,
,04-22-2015,06:59:03, Lane 1 ,Fwd,FF,,858,2,59,,2,8.46,,,,,,,,,,,,,,,,,,,,,,,,8.46,-,,,,,,,,,,,,,,,,,,,,,,,,,-,-,,,,,,,,,,,,,,,,,,,,,,,,,
,04-22-2015,06:59:06, Lane 1 ,Fwd,FF,,859,2,58,,2,8.40,,,,,,,,,,,,,,,,,,,,,,,,8.40,-,,,,,,,,,,,,,,,,,,,,,,,,,-,-,,,,,,,,,,,,,,,,,,,,,,,,,
,04-22-2015,06:59:07, Lane 1 ,Fwd,FF,,860,2,58,,2,8.96,,,,,,,,,,,,,,,,,,,,,,,,8.96,-,,,,,,,,,,,,,,,,,,,,,,,,,-,-,,,,,,,,,,,,,,,,,,,,,,,,,
,04-22-2015,06:59:09, Lane 1 ,Fwd,FF,,861,2,57,,2,8.73,,,,,,,,,,,,,,,,,,,,,,,,8.73,-,,,,,,,,,,,,,,,,,,,,,,,,,-,-,,,,,,,,,,,,,,,,,,,,,,,,,
,04-22-2015,06:59:10, Lane 1 ,Fwd,FF,,862,2,57,,2,8.42,,,,,,,,,,,,,,,,,,,,,,,,8.42,-,,,,,,,,,,,,,,,,,,,,,,,,,-,-,,,,,,,,,,,,,,,,,,,,,,,,,
,04-22-2015,06:59:12, Lane 1 ,Fwd,FF,,863,2,52,,2,9.95,,,,,,,,,,,,,,,,,,,,,,,,9.95,-,,,,,,,,,,,,,,,,,,,,,,,,,-,-,,,,,,,,,,,,,,,,,,,,,,,,,
,04-22-2015,06:59:13, Lane 1 ,Fwd,FF,,864,2,51,,2,8.33,,,,,,,,,,,,,,,,,,,,,,,,8.33,-,,,,,,,,,,,,,,,,,,,,,,,,,-,-,,,,,,,,,,,,,,,,,,,,,,,,,
,04-22-2015,06:59:14, Lane 1 ,Fwd,FF,,865,2,55,,2,7.92,,,,,,,,,,,,,,,,,,,,,,,,7.92,-,,,,,,,,,,,,,,,,,,,,,,,,,-,-,,,,,,,,,,,,,,,,,,,,,,,,,
,04-22-2015,06:59:16, Lane 1 ,Fwd,FF,,866,3,55,,2,11.35,,,,,,,,,,,,,,,,,,,,,,,,11.35,-,,,,,,,,,,,,,,,,,,,,,,,,,-,-,,,,,,,,,,,,,,,,,,,,,,,,,
,04-22-2015,06:59:17, Lane 1 ,Fwd,FF,,867,2,56,,2,8.49,,,,,,,,,,,,,,,,,,,,,,,,8.49,-,,,,,,,,,,,,,,,,,,,,,,,,,-,-,,,,,,,,,,,,,,,,,,,,,,,,,
,04-22-2015,06:59:18, Lane 1 ,Fwd,FF,,868,2,55,,2,8.43,,,,,,,,,,,,,,,,,,,,,,,,8.43,-,,,,,,,,,,,,,,,,,,,,,,,,,-,-,,,,,,,,,,,,,,,,,,,,,,,,,
,04-22-2015,06:59:21, Lane 1 ,Fwd,FF,,869,2,55,,2,8.96,,,,,,,,,,,,,,,,,,,,,,,,8.96,-,,,,,,,,,,,,,,,,,,,,,,,,,-,-,,,,,,,,,,,,,,,,,,,,,,,,,
,04-22-2015,06:59:23, Lane 1 ,Fwd,FF,,870,2,52,,2,8.81,,,,,,,,,,,,,,,,,,,,,,,,8.81,-,,,,,,,,,,,,,,,,,,,,,,,,,-,-,,,,,,,,,,,,,,,,,,,,,,,,,
,04-22-2015,06:59:25, Lane 1 ,Fwd,FF,,871,2,53,,2,8.73,,,,,,,,,,,,,,,,,,,,,,,,8.73,-,,,,,,,,,,,,,,,,,,,,,,,,,-,-,,,,,,,,,,,,,,,,,,,,,,,,,
,04-22-2015,06:59:26, Lane 1 ,Fwd,FF,,872,2,54,,2,8.58,,,,,,,,,,,,,,,,,,,,,,,,8.58,-,,,,,,,,,,,,,,,,,,,,,,,,,-,-,,,,,,,,,,,,,,,,,,,,,,,,,
,04-22-2015,06:59:30, Lane 1 ,Fwd,FF,,873,2,54,,2,9.08,,,,,,,,,,,,,,,,,,,,,,,,9.08,-,,,,,,,,,,,,,,,,,,,,,,,,,-,-,,,,,,,,,,,,,,,,,,,,,,,,,
,04-22-2015,06:59:32, Lane 1 ,Fwd,FF,,874,2,56,,2,8.52,,,,,,,,,,,,,,,,,,,,,,,,8.52,-,,,,,,,,,,,,,,,,,,,,,,,,,-,-,,,,,,,,,,,,,,,,,,,,,,,,,
,04-22-2015,06:59:33, Lane 1 ,Fwd,FF,,875,3,55,,2,12.00,,,,,,,,,,,,,,,,,,,,,,,,12.00,-,,,,,,,,,,,,,,,,,,,,,,,,,-,-,,,,,,,,,,,,,,,,,,,,,,,,,
,04-22-2015,06:59:34, Lane 1 ,Fwd,FF,,876,2,54,,2,8.61,,,,,,,,,,,,,,,,,,,,,,,,8.61,-,,,,,,,,,,,,,,,,,,,,,,,,,-,-,,,,,,,,,,,,,,,,,,,,,,,,,
,04-22-2015,06:59:36, Lane 1 ,Fwd,FF,,877,3,54,,2,10.49,,,,,,,,,,,,,,,,,,,,,,,,10.49,-,,,,,,,,,,,,,,,,,,,,,,,,,-,-,,,,,,,,,,,,,,,,,,,,,,,,,
,04-22-2015,06:59:37, Lane 1 ,Fwd,FF,,878,3,54,,2,11.77,,,,,,,,,,,,,,,,,,,,,,,,11.77,-,,,,,,,,,,,,,,,,,,,,,,,,,-,-,,,,,,,,,,,,,,,,,,,,,,,,,
,04-22-2015,06:59:39, Lane 1 ,Fwd,FF,,879,2,54,,2,8.66,,,,,,,,,,,,,,,,,,,,,,,,8.66,-,,,,,,,,,,,,,,,,,,,,,,,,,-,-,,,,,,,,,,,,,,,,,,,,,,,,,
,04-22-2015,06:59:40, Lane 1 ,Fwd,FF,,880,3,56,,2,11.59,,,,,,,,,,,,,,,,,,,,,,,,11.59,-,,,,,,,,,,,,,,,,,,,,,,,,,-,-,,,,,,,,,,,,,,,,,,,,,,,,,
,04-22-2015,06:59:43, Lane 1 ,Fwd,FF,,881,2,58,,2,9.64,,,,,,,,,,,,,,,,,,,,,,,,9.64,-,,,,,,,,,,,,,,,,,,,,,,,,,-,-,,,,,,,,,,,,,,,,,,,,,,,,,
,04-22-2015,06:59:44, Lane 1 ,Fwd,FF,,882,2,57,,2,8.59,,,,,,,,,,,,,,,,,,,,,,,,8.59,-,,,,,,,,,,,,,,,,,,,,,,,,,-,-,,,,,,,,,,,,,,,,,,,,,,,,,
,04-22-2015,06:59:45, Lane 1 ,Fwd,FF,,883,2,58,,2,8.79,,,,,,,,,,,,,,,,,,,,,,,,8.79,-,,,,,,,,,,,,,,,,,,,,,,,,,-,-,,,,,,,,,,,,,,,,,,,,,,,,,
,04-22-2015,06:59:47, Lane 1 ,Fwd,FF,,884,2,58,,2,8.57,,,,,,,,,,,,,,,,,,,,,,,,8.57,-,,,,,,,,,,,,,,,,,,,,,,,,,-,-,,,,,,,,,,,,,,,,,,,,,,,,,
,04-22-2015,06:59:49, Lane 1 ,Fwd,FF,,885,2,55,,2,8.92,,,,,,,,,,,,,,,,,,,,,,,,8.92,-,,,,,,,,,,,,,,,,,,,,,,,,,-,-,,,,,,,,,,,,,,,,,,,,,,,,,
,04-22-2015,06:59:53, Lane 1 ,Fwd,FF,,886,2,56,,2,8.98,,,,,,,,,,,,,,,,,,,,,,,,8.98,-,,,,,,,,,,,,,,,,,,,,,,,,,-,-,,,,,,,,,,,,,,,,,,,,,,,,,
,04-22-2015,06:59:57, Lane 1 ,Fwd,FF,,887,3,58,,2,11.92,,,,,,,,,,,,,,,,,,,,,,,,11.92,-,,,,,,,,,,,,,,,,,,,,,,,,,-,-,,,,,,,,,,,,,,,,,,,,,,,,,
,04-22-2015,06:59:59, Lane 1 ,Fwd,FF,,1,2,62,,2,9.92,,,,,,,,,,,,,,,,,,,,,,,,9.92,-,,,,,,,,,,,,,,,,,,,,,,,,,-,-,,,,,,,,,,,,,,,,,,,,,,,,,
,04-22-2015,07:00:01, Lane 1 ,Fwd,FF,,2,2,62,,2,9.00,,,,,,,,,,,,,,,,,,,,,,,,9.00,-,,,,,,,,,,,,,,,,,,,,,,,,,-,-,,,,,,,,,,,,,,,,,,,,,,,,,
,04-22-2015,07:00:05, Lane 1 ,Fwd,FF,,3,3,59,,2,11.31,,,,,,,,,,,,,,,,,,,,,,,,11.31,-,,,,,,,,,,,,,,,,,,,,,,,,,-,-,,,,,,,,,,,,,,,,,,,,,,,,,
,04-22-2015,07:00:07, Lane 1 ,Fwd,FF,,4,2,56,,2,8.69,,,,,,,,,,,,,,,,,,,,,,,,8.69,-,,,,,,,,,,,,,,,,,,,,,,,,,-,-,,,,,,,,,,,,,,,,,,,,,,,,,
,04-22-2015,07:00:08, Lane 1 ,Fwd,FF,,5,2,55,,2,8.76,,,,,,,,,,,,,,,,,,,,,,,,8.76,-,,,,,,,,,,,,,,,,,,,,,,,,,-,-,,,,,,,,,,,,,,,,,,,,,,,,,
,04-22-2015,07:00:14, Lane 1 ,Fwd,FF,,6,2,53,,2,8.28,,,,,,,,,,,,,,,,,,,,,,,,8.28,-,,,,,,,,,,,,,,,,,,,,,,,,,-,-,,,,,,,,,,,,,,,,,,,,,,,,,
,04-22-2015,07:00:20, Lane 1 ,Fwd,FF,,7,3,57,,2,10.91,,,,,,,,,,,,,,,,,,,,,,,,10.91,-,,,,,,,,,,,,,,,,,,,,,,,,,-,-,,,,,,,,,,,,,,,,,,,,,,,,,
,04-22-2015,07:00:21, Lane 1 ,Fwd,FF,,8,2,56,,2,8.33,,,,,,,,,,,,,,,,,,,,,,,,8.33,-,,,,,,,,,,,,,,,,,,,,,,,,,-,-,,,,,,,,,,,,,,,,,,,,,,,,,
,04-22-2015,07:00:22, Lane 1 ,Fwd,FF,,9,3,57,,2,11.83,,,,,,,,,,,,,,,,,,,,,,,,11.83,-,,,,,,,,,,,,,,,,,,,,,,,,,-,-,,,,,,,,,,,,,,,,,,,,,,,,,
,04-22-2015,07:00:23, Lane 1 ,Fwd,FF,,10,2,57,,2,8.39,,,,,,,,,,,,,,,,,,,,,,,,8.39,-,,,,,,,,,,,,,,,,,,,,,,,,,-,-,,,,,,,,,,,,,,,,,,,,,,,,,
,04-22-2015,07:00:26, Lane 1 ,Fwd,FF,,11,2,61,,2,8.42,,,,,,,,,,,,,,,,,,,,,,,,8.42,-,,,,,,,,,,,,,,,,,,,,,,,,,-,-,,,,,,,,,,,,,,,,,,,,,,,,,
,04-22-2015,07:00:31, Lane 1 ,Fwd,FF,,12,2,63,,2,9.14,,,,,,,,,,,,,,,,,,,,,,,,9.14,-,,,,,,,,,,,,,,,,,,,,,,,,,-,-,,,,,,,,,,,,,,,,,,,,,,,,,
,04-22-2015,07:00:42, Lane 1 ,Fwd,FF,,13,3,59,,2,11.31,,,,,,,,,,,,,,,,,,,,,,,,11.31,-,,,,,,,,,,,,,,,,,,,,,,,,,-,-,,,,,,,,,,,,,,,,,,,,,,,,,
,04-22-2015,07:00:47, Lane 1 ,Fwd,FF,,14,2,54,,2,9.40,,,,,,,,,,,,,,,,,,,,,,,,9.40,-,,,,,,,,,,,,,,,,,,,,,,,,,-,-,,,,,,,,,,,,,,,,,,,,,,,,,
,04-22-2015,07:00:48, Lane 1 ,Fwd,FF,,15,2,54,,2,8.82,,,,,,,,,,,,,,,,,,,,,,,,8.82,-,,,,,,,,,,,,,,,,,,,,,,,,,-,-,,,,,,,,,,,,,,,,,,,,,,,,,
,04-22-2015,07:00:50, Lane 1 ,Fwd,FF,,16,2,56,,2,8.90,,,,,,,,,,,,,,,,,,,,,,,,8.90,-,,,,,,,,,,,,,,,,,,,,,,,,,-,-,,,,,,,,,,,,,,,,,,,,,,,,,
,04-22-2015,07:00:52, Lane 1 ,Fwd,FF,,17,2,54,,2,8.47,,,,,,,,,,,,,,,,,,,,,,,,8.47,-,,,,,,,,,,,,,,,,,,,,,,,,,-,-,,,,,,,,,,,,,,,,,,,,,,,,,
,04-22-2015,07:00:53, Lane 1 ,Fwd,FF,,18,2,55,,2,8.68,,,,,,,,,,,,,,,,,,,,,,,,8.68,-,,,,,,,,,,,,,,,,,,,,,,,,,-,-,,,,,,,,,,,,,,,,,,,,,,,,,
,04-22-2015,07:00:54, Lane 1 ,Fwd,FF,,19,2,58,,2,8.60,,,,,,,,,,,,,,,,,,,,,,,,8.60,-,,,,,,,,,,,,,,,,,,,,,,,,,-,-,,,,,,,,,,,,,,,,,,,,,,,,,
,04-22-2015,07:00:56, Lane 1 ,Fwd,FF,,20,2,57,,2,8.84,,,,,,,,,,,,,,,,,,,,,,,,8.84,-,,,,,,,,,,,,,,,,,,,,,,,,,-,-,,,,,,,,,,,,,,,,,,,,,,,,,
,04-22-2015,07:00:58, Lane 1 ,Fwd,FF,,21,2,56,,2,8.52,,,,,,,,,,,,,,,,,,,,,,,,8.52,-,,,,,,,,,,,,,,,,,,,,,,,,,-,-,,,,,,,,,,,,,,,,,,,,,,,,,
,04-22-2015,07:01:00, Lane 1 ,Fwd,FF,,22,2,56,,2,10.03,,,,,,,,,,,,,,,,,,,,,,,,10.03,-,,,,,,,,,,,,,,,,,,,,,,,,,-,-,,,,,,,,,,,,,,,,,,,,,,,,,
,04-22-2015,07:01:03, Lane 1 ,Fwd,FF,,23,3,54,,2,11.84,,,,,,,,,,,,,,,,,,,,,,,,11.84,-,,,,,,,,,,,,,,,,,,,,,,,,,-,-,,,,,,,,,,,,,,,,,,,,,,,,,
,04-22-2015,07:01:05, Lane 1 ,Fwd,FF,,24,2,54,,2,8.63,,,,,,,,,,,,,,,,,,,,,,,,8.63,-,,,,,,,,,,,,,,,,,,,,,,,,,-,-,,,,,,,,,,,,,,,,,,,,,,,,,
,04-22-2015,07:01:07, Lane 1 ,Fwd,FF,,25,2,52,,2,8.71,,,,,,,,,,,,,,,,,,,,,,,,8.71,-,,,,,,,,,,,,,,,,,,,,,,,,,-,-,,,,,,,,,,,,,,,,,,,,,,,,,
,04-22-2015,07:01:10, Lane 1 ,Fwd,FF,,26,2,52,,2,8.58,,,,,,,,,,,,,,,,,,,,,,,,8.58,-,,,,,,,,,,,,,,,,,,,,,,,,,-,-,,,,,,,,,,,,,,,,,,,,,,,,,
,04-22-2015,07:01:13, Lane 1 ,Fwd,FF,,27,2,52,,2,8.73,,,,,,,,,,,,,,,,,,,,,,,,8.73,-,,,,,,,,,,,,,,,,,,,,,,,,,-,-,,,,,,,,,,,,,,,,,,,,,,,,,
,04-22-2015,07:01:15, Lane 1 ,Fwd,FF,,28,2,53,,2,8.85,,,,,,,,,,,,,,,,,,,,,,,,8.85,-,,,,,,,,,,,,,,,,,,,,,,,,,-,-,,,,,,,,,,,,,,,,,,,,,,,,,
,04-22-2015,07:01:18, Lane 1 ,Fwd,FF,,29,2,53,,2,8.60,,,,,,,,,,,,,,,,,,,,,,,,8.60,-,,,,,,,,,,,,,,,,,,,,,,,,,-,-,,,,,,,,,,,,,,,,,,,,,,,,,
,04-22-2015,07:01:19, Lane 1 ,Fwd,FF,,30,2,52,,2,8.33,,,,,,,,,,,,,,,,,,,,,,,,8.33,-,,,,,,,,,,,,,,,,,,,,,,,,,-,-,,,,,,,,,,,,,,,,,,,,,,,,,
,04-22-2015,07:01:21, Lane 1 ,Fwd,FF,,31,2,51,,2,8.67,,,,,,,,,,,,,,,,,,,,,,,,8.67,-,,,,,,,,,,,,,,,,,,,,,,,,,-,-,,,,,,,,,,,,,,,,,,,,,,,,,
,04-22-2015,07:01:22, Lane 1 ,Fwd,FF,,32,2,49,,2,8.69,,,,,,,,,,,,,,,,,,,,,,,,8.69,-,,,,,,,,,,,,,,,,,,,,,,,,,-,-,,,,,,,,,,,,,,,,,,,,,,,,,
,04-22-2015,07:01:23, Lane 1 ,Fwd,FF,,33,2,48,,2,7.88,,,,,,,,,,,,,,,,,,,,,,,,7.88,-,,,,,,,,,,,,,,,,,,,,,,,,,-,-,,,,,,,,,,,,,,,,,,,,,,,,,
,04-22-2015,07:01:24, Lane 1 ,Fwd,FF,,34,3,48,,2,10.67,,,,,,,,,,,,,,,,,,,,,,,,10.67,-,,,,,,,,,,,,,,,,,,,,,,,,,-,-,,,,,,,,,,,,,,,,,,,,,,,,,
,04-22-2015,07:01:26, Lane 1 ,Fwd,FF,,35,2,48,,2,8.70,,,,,,,,,,,,,,,,,,,,,,,,8.70,-,,,,,,,,,,,,,,,,,,,,,,,,,-,-,,,,,,,,,,,,,,,,,,,,,,,,,
,04-22-2015,07:01:27, Lane 1 ,Fwd,FF,,36,2,48,,2,8.86,,,,,,,,,,,,,,,,,,,,,,,,8.86,-,,,,,,,,,,,,,,,,,,,,,,,,,-,-,,,,,,,,,,,,,,,,,,,,,,,,,
,04-22-2015,07:01:28, Lane 1 ,Fwd,FF,,37,2,48,,2,8.86,,,,,,,,,,,,,,,,,,,,,,,,8.86,-,,,,,,,,,,,,,,,,,,,,,,,,,-,-,,,,,,,,,,,,,,,,,,,,,,,,,
,04-22-2015,07:01:30, Lane 1 ,Fwd,FF,,38,3,49,,2,10.84,,,,,,,,,,,,,,,,,,,,,,,,10.84,-,,,,,,,,,,,,,,,,,,,,,,,,,-,-,,,,,,,,,,,,,,,,,,,,,,,,,
,04-22-2015,07:01:33, Lane 1 ,Fwd,FF,,39,3,52,,2,11.77,,,,,,,,,,,,,,,,,,,,,,,,11.77,-,,,,,,,,,,,,,,,,,,,,,,,,,-,-,,,,,,,,,,,,,,,,,,,,,,,,,
,04-22-2015,07:01:35, Lane 1 ,Fwd,FF,,40,2,52,,2,9.42,,,,,,,,,,,,,,,,,,,,,,,,9.42,-,,,,,,,,,,,,,,,,,,,,,,,,,-,-,,,,,,,,,,,,,,,,,,,,,,,,,
,04-22-2015,07:01:37, Lane 1 ,Fwd,FF,,41,2,54,,2,9.08,,,,,,,,,,,,,,,,,,,,,,,,9.08,-,,,,,,,,,,,,,,,,,,,,,,,,,-,-,,,,,,,,,,,,,,,,,,,,,,,,,
,04-22-2015,07:01:39, Lane 1 ,Fwd,FF,,42,2,51,,2,9.30,,,,,,,,,,,,,,,,,,,,,,,,9.30,-,,,,,,,,,,,,,,,,,,,,,,,,,-,-,,,,,,,,,,,,,,,,,,,,,,,,,
,04-22-2015,07:01:42, Lane 1 ,Fwd,FF,,43,3,50,,2,11.49,,,,,,,,,,,,,,,,,,,,,,,,11.49,-,,,,,,,,,,,,,,,,,,,,,,,,,-,-,,,,,,,,,,,,,,,,,,,,,,,,,
,04-22-2015,07:01:44, Lane 1 ,Fwd,FF,,44,2,50,,2,9.95,,,,,,,,,,,,,,,,,,,,,,,,9.95,-,,,,,,,,,,,,,,,,,,,,,,,,,-,-,,,,,,,,,,,,,,,,,,,,,,,,,
,04-22-2015,07:01:47, Lane 1 ,Fwd,FF,,45,2,53,,2,9.23,,,,,,,,,,,,,,,,,,,,,,,,9.23,-,,,,,,,,,,,,,,,,,,,,,,,,,-,-,,,,,,,,,,,,,,,,,,,,,,,,,
,04-22-2015,07:01:50, Lane 1 ,Fwd,FF,,46,2,52,,2,8.91,,,,,,,,,,,,,,,,,,,,,,,,8.91,-,,,,,,,,,,,,,,,,,,,,,,,,,-,-,,,,,,,,,,,,,,,,,,,,,,,,,
,04-22-2015,07:01:53, Lane 1 ,Fwd,FF,,47,3,51,,2,11.48,,,,,,,,,,,,,,,,,,,,,,,,11.48,-,,,,,,,,,,,,,,,,,,,,,,,,,-,-,,,,,,,,,,,,,,,,,,,,,,,,,
,04-22-2015,07:01:54, Lane 1 ,Fwd,FF,,48,2,53,,2,9.76,,,,,,,,,,,,,,,,,,,,,,,,9.76,-,,,,,,,,,,,,,,,,,,,,,,,,,-,-,,,,,,,,,,,,,,,,,,,,,,,,,
,04-22-2015,07:01:55, Lane 1 ,Fwd,FF,,49,2,54,,2,8.79,,,,,,,,,,,,,,,,,,,,,,,,8.79,-,,,,,,,,,,,,,,,,,,,,,,,,,-,-,,,,,,,,,,,,,,,,,,,,,,,,,
,04-22-2015,07:01:58, Lane 1 ,Fwd,FF,,50,2,53,,2,8.83,,,,,,,,,,,,,,,,,,,,,,,,8.83,-,,,,,,,,,,,,,,,,,,,,,,,,,-,-,,,,,,,,,,,,,,,,,,,,,,,,,
,04-22-2015,07:01:59, Lane 1 ,Fwd,FF,,51,2,52,,2,8.91,,,,,,,,,,,,,,,,,,,,,,,,8.91,-,,,,,,,,,,,,,,,,,,,,,,,,,-,-,,,,,,,,,,,,,,,,,,,,,,,,,
,04-22-2015,07:02:02, Lane 1 ,Fwd,FF,,52,2,62,,2,8.91,,,,,,,,,,,,,,,,,,,,,,,,8.91,-,,,,,,,,,,,,,,,,,,,,,,,,,-,-,,,,,,,,,,,,,,,,,,,,,,,,,
,04-22-2015,07:02:08, Lane 1 ,Fwd,FF,,53,2,57,,2,8.73,,,,,,,,,,,,,,,,,,,,,,,,8.73,-,,,,,,,,,,,,,,,,,,,,,,,,,-,-,,,,,,,,,,,,,,,,,,,,,,,,,
,04-22-2015,07:02:10, Lane 1 ,Fwd,FF,,54,3,57,,2,12.84,,,,,,,,,,,,,,,,,,,,,,,,12.84,-,,,,,,,,,,,,,,,,,,,,,,,,,-,-,,,,,,,,,,,,,,,,,,,,,,,,,
,04-22-2015,07:02:15, Lane 1 ,Fwd,FF,,55,2,57,,2,8.75,,,,,,,,,,,,,,,,,,,,,,,,8.75,-,,,,,,,,,,,,,,,,,,,,,,,,,-,-,,,,,,,,,,,,,,,,,,,,,,,,,
,04-22-2015,07:02:16, Lane 1 ,Fwd,FF,,56,2,56,,2,8.96,,,,,,,,,,,,,,,,,,,,,,,,8.96,-,,,,,,,,,,,,,,,,,,,,,,,,,-,-,,,,,,,,,,,,,,,,,,,,,,,,,
,04-22-2015,07:02:17, Lane 1 ,Fwd,FF,,57,2,56,,2,8.77,,,,,,,,,,,,,,,,,,,,,,,,8.77,-,,,,,,,,,,,,,,,,,,,,,,,,,-,-,,,,,,,,,,,,,,,,,,,,,,,,,
,04-22-2015,07:02:19, Lane 1 ,Fwd,FF,,58,2,57,,2,8.50,,,,,,,,,,,,,,,,,,,,,,,,8.50,-,,,,,,,,,,,,,,,,,,,,,,,,,-,-,,,,,,,,,,,,,,,,,,,,,,,,,
,04-22-2015,07:02:22, Lane 1 ,Fwd,FF,,59,2,57,,2,8.89,,,,,,,,,,,,,,,,,,,,,,,,8.89,-,,,,,,,,,,,,,,,,,,,,,,,,,-,-,,,,,,,,,,,,,,,,,,,,,,,,,
,04-22-2015,07:02:28, Lane 1 ,Fwd,FF,,60,2,56,,2,8.44,,,,,,,,,,,,,,,,,,,,,,,,8.44,-,,,,,,,,,,,,,,,,,,,,,,,,,-,-,,,,,,,,,,,,,,,,,,,,,,,,,
,04-22-2015,07:02:30, Lane 1 ,Fwd,FF,,61,2,55,,2,9.12,,,,,,,,,,,,,,,,,,,,,,,,9.12,-,,,,,,,,,,,,,,,,,,,,,,,,,-,-,,,,,,,,,,,,,,,,,,,,,,,,,
,04-22-2015,07:02:31, Lane 1 ,Fwd,FF,,62,2,56,,2,8.71,,,,,,,,,,,,,,,,,,,,,,,,8.71,-,,,,,,,,,,,,,,,,,,,,,,,,,-,-,,,,,,,,,,,,,,,,,,,,,,,,,
,04-22-2015,07:02:34, Lane 1 ,Fwd,FF,,63,2,55,,2,8.70,,,,,,,,,,,,,,,,,,,,,,,,8.70,-,,,,,,,,,,,,,,,,,,,,,,,,,-,-,,,,,,,,,,,,,,,,,,,,,,,,,
,04-22-2015,07:02:36, Lane 1 ,Fwd,FF,,64,1,55,,2,5.40,,,,,,,,,,,,,,,,,,,,,,,,5.40,-,,,,,,,,,,,,,,,,,,,,,,,,,-,-,,,,,,,,,,,,,,,,,,,,,,,,,
,04-22-2015,07:02:37, Lane 1 ,Fwd,FF,,65,2,56,,2,9.21,,,,,,,,,,,,,,,,,,,,,,,,9.21,-,,,,,,,,,,,,,,,,,,,,,,,,,-,-,,,,,,,,,,,,,,,,,,,,,,,,,
,04-22-2015,07:02:40, Lane 1 ,Fwd,FF,,66,2,56,,2,8.96,,,,,,,,,,,,,,,,,,,,,,,,8.96,-,,,,,,,,,,,,,,,,,,,,,,,,,-,-,,,,,,,,,,,,,,,,,,,,,,,,,
,04-22-2015,07:02:42, Lane 1 ,Fwd,FF,,67,2,55,,2,8.76,,,,,,,,,,,,,,,,,,,,,,,,8.76,-,,,,,,,,,,,,,,,,,,,,,,,,,-,-,,,,,,,,,,,,,,,,,,,,,,,,,
,04-22-2015,07:02:44, Lane 1 ,Fwd,FF,,68,2,54,,2,8.68,,,,,,,,,,,,,,,,,,,,,,,,8.68,-,,,,,,,,,,,,,,,,,,,,,,,,,-,-,,,,,,,,,,,,,,,,,,,,,,,,,
,04-22-2015,07:02:45, Lane 1 ,Fwd,FF,,69,3,52,,2,11.31,,,,,,,,,,,,,,,,,,,,,,,,11.31,-,,,,,,,,,,,,,,,,,,,,,,,,,-,-,,,,,,,,,,,,,,,,,,,,,,,,,
,04-22-2015,07:02:47, Lane 1 ,Fwd,FF,,70,2,54,,2,9.00,,,,,,,,,,,,,,,,,,,,,,,,9.00,-,,,,,,,,,,,,,,,,,,,,,,,,,-,-,,,,,,,,,,,,,,,,,,,,,,,,,
,04-22-2015,07:02:48, Lane 1 ,Fwd,FF,,71,3,54,,2,11.84,,,,,,,,,,,,,,,,,,,,,,,,11.84,-,,,,,,,,,,,,,,,,,,,,,,,,,-,-,,,,,,,,,,,,,,,,,,,,,,,,,
,04-22-2015,07:02:50, Lane 1 ,Fwd,FF,,72,2,54,,2,8.76,,,,,,,,,,,,,,,,,,,,,,,,8.76,-,,,,,,,,,,,,,,,,,,,,,,,,,-,-,,,,,,,,,,,,,,,,,,,,,,,,,
,04-22-2015,07:02:51, Lane 1 ,Fwd,FF,,73,2,57,,2,9.31,,,,,,,,,,,,,,,,,,,,,,,,9.31,-,,,,,,,,,,,,,,,,,,,,,,,,,-,-,,,,,,,,,,,,,,,,,,,,,,,,,
,04-22-2015,07:02:52, Lane 1 ,Fwd,FF,,74,2,57,,2,8.39,,,,,,,,,,,,,,,,,,,,,,,,8.39,-,,,,,,,,,,,,,,,,,,,,,,,,,-,-,,,,,,,,,,,,,,,,,,,,,,,,,
,04-22-2015,07:02:55, Lane 1 ,Fwd,FF,,75,2,56,,2,8.71,,,,,,,,,,,,,,,,,,,,,,,,8.71,-,,,,,,,,,,,,,,,,,,,,,,,,,-,-,,,,,,,,,,,,,,,,,,,,,,,,,
,04-22-2015,07:02:58, Lane 1 ,Fwd,FF,,76,8,55,,3,10.30,18.08,,,,,,,,,,,,,,,,,,,,,,,28.38,-,,,,,,,,,,,,,,,,,,,,,,,,,-,-,,,,,,,,,,,,,,,,,,,,,,,,,
,04-22-2015,07:03:00, Lane 1 ,Fwd,FF,,77,2,53,,2,8.49,,,,,,,,,,,,,,,,,,,,,,,,8.49,-,,,,,,,,,,,,,,,,,,,,,,,,,-,-,,,,,,,,,,,,,,,,,,,,,,,,,
,04-22-2015,07:03:01, Lane 1 ,Fwd,FF,,78,3,57,,2,11.34,,,,,,,,,,,,,,,,,,,,,,,,11.34,-,,,,,,,,,,,,,,,,,,,,,,,,,-,-,,,,,,,,,,,,,,,,,,,,,,,,,
,04-22-2015,07:03:02, Lane 1 ,Fwd,FF,,79,2,58,,2,8.60,,,,,,,,,,,,,,,,,,,,,,,,8.60,-,,,,,,,,,,,,,,,,,,,,,,,,,-,-,,,,,,,,,,,,,,,,,,,,,,,,,
,04-22-2015,07:03:05, Lane 1 ,Fwd,FF,,80,2,54,,2,8.61,,,,,,,,,,,,,,,,,,,,,,,,8.61,-,,,,,,,,,,,,,,,,,,,,,,,,,-,-,,,,,,,,,,,,,,,,,,,,,,,,,
,04-22-2015,07:03:09, Lane 1 ,Fwd,FF,,81,3,51,,2,11.41,,,,,,,,,,,,,,,,,,,,,,,,11.41,-,,,,,,,,,,,,,,,,,,,,,,,,,-,-,,,,,,,,,,,,,,,,,,,,,,,,,
,04-22-2015,07:03:10, Lane 1 ,Fwd,FF,,82,2,52,,2,8.79,,,,,,,,,,,,,,,,,,,,,,,,8.79,-,,,,,,,,,,,,,,,,,,,,,,,,,-,-,,,,,,,,,,,,,,,,,,,,,,,,,
,04-22-2015,07:03:11, Lane 1 ,Fwd,FF,,83,2,52,,2,9.48,,,,,,,,,,,,,,,,,,,,,,,,9.48,-,,,,,,,,,,,,,,,,,,,,,,,,,-,-,,,,,,,,,,,,,,,,,,,,,,,,,
,04-22-2015,07:03:13, Lane 1 ,Fwd,FF,,84,2,53,,2,9.20,,,,,,,,,,,,,,,,,,,,,,,,9.20,-,,,,,,,,,,,,,,,,,,,,,,,,,-,-,,,,,,,,,,,,,,,,,,,,,,,,,
,04-22-2015,07:03:14, Lane 1 ,Fwd,FF,,85,2,53,,2,8.08,,,,,,,,,,,,,,,,,,,,,,,,8.08,-,,,,,,,,,,,,,,,,,,,,,,,,,-,-,,,,,,,,,,,,,,,,,,,,,,,,,
,04-22-2015,07:03:15, Lane 1 ,Fwd,FF,,86,2,52,,2,9.80,,,,,,,,,,,,,,,,,,,,,,,,9.80,-,,,,,,,,,,,,,,,,,,,,,,,,,-,-,,,,,,,,,,,,,,,,,,,,,,,,,
,04-22-2015,07:03:17, Lane 1 ,Fwd,FF,,87,6,49,,3,17.50,4.57,,,,,,,,,,,,,,,,,,,,,,,22.07,-,,,,,,,,,,,,,,,,,,,,,,,,,-,-,,,,,,,,,,,,,,,,,,,,,,,,,
,04-22-2015,07:03:19, Lane 1 ,Fwd,FF,,88,2,48,,2,8.49,,,,,,,,,,,,,,,,,,,,,,,,8.49,-,,,,,,,,,,,,,,,,,,,,,,,,,-,-,,,,,,,,,,,,,,,,,,,,,,,,,
,04-22-2015,07:03:20, Lane 1 ,Fwd,FF,,89,2,48,,2,8.45,,,,,,,,,,,,,,,,,,,,,,,,8.45,-,,,,,,,,,,,,,,,,,,,,,,,,,-,-,,,,,,,,,,,,,,,,,,,,,,,,,
,04-22-2015,07:03:21, Lane 1 ,Fwd,FF,,90,2,49,,2,8.57,,,,,,,,,,,,,,,,,,,,,,,,8.57,-,,,,,,,,,,,,,,,,,,,,,,,,,-,-,,,,,,,,,,,,,,,,,,,,,,,,,
,04-22-2015,07:03:22, Lane 1 ,Fwd,FF,,91,3,51,,2,11.48,,,,,,,,,,,,,,,,,,,,,,,,11.48,-,,,,,,,,,,,,,,,,,,,,,,,,,-,-,,,,,,,,,,,,,,,,,,,,,,,,,
,04-22-2015,07:03:24, Lane 1 ,Fwd,FF,,92,3,51,,2,11.33,,,,,,,,,,,,,,,,,,,,,,,,11.33,-,,,,,,,,,,,,,,,,,,,,,,,,,-,-,,,,,,,,,,,,,,,,,,,,,,,,,
,04-22-2015,07:03:25, Lane 1 ,Fwd,FF,,93,2,50,,2,9.89,,,,,,,,,,,,,,,,,,,,,,,,9.89,-,,,,,,,,,,,,,,,,,,,,,,,,,-,-,,,,,,,,,,,,,,,,,,,,,,,,,
,04-22-2015,07:03:27, Lane 1 ,Fwd,FF,,94,2,50,,2,8.65,,,,,,,,,,,,,,,,,,,,,,,,8.65,-,,,,,,,,,,,,,,,,,,,,,,,,,-,-,,,,,,,,,,,,,,,,,,,,,,,,,
,04-22-2015,07:03:28, Lane 1 ,Fwd,FF,,95,2,50,,2,8.80,,,,,,,,,,,,,,,,,,,,,,,,8.80,-,,,,,,,,,,,,,,,,,,,,,,,,,-,-,,,,,,,,,,,,,,,,,,,,,,,,,
,04-22-2015,07:03:31, Lane 1 ,Fwd,FF,,96,2,50,,2,8.93,,,,,,,,,,,,,,,,,,,,,,,,8.93,-,,,,,,,,,,,,,,,,,,,,,,,,,-,-,,,,,,,,,,,,,,,,,,,,,,,,,
,04-22-2015,07:03:32, Lane 1 ,Fwd,FF,,97,2,51,,2,9.48,,,,,,,,,,,,,,,,,,,,,,,,9.48,-,,,,,,,,,,,,,,,,,,,,,,,,,-,-,,,,,,,,,,,,,,,,,,,,,,,,,
,04-22-2015,07:03:35, Lane 1 ,Fwd,FF,,98,2,55,,2,9.10,,,,,,,,,,,,,,,,,,,,,,,,9.10,-,,,,,,,,,,,,,,,,,,,,,,,,,-,-,,,,,,,,,,,,,,,,,,,,,,,,,
,04-22-2015,07:03:38, Lane 1 ,Fwd,FF,,99,2,56,,2,8.41,,,,,,,,,,,,,,,,,,,,,,,,8.41,-,,,,,,,,,,,,,,,,,,,,,,,,,-,-,,,,,,,,,,,,,,,,,,,,,,,,,
,04-22-2015,07:03:39, Lane 1 ,Fwd,FF,,100,2,55,,2,9.04,,,,,,,,,,,,,,,,,,,,,,,,9.04,-,,,,,,,,,,,,,,,,,,,,,,,,,-,-,,,,,,,,,,,,,,,,,,,,,,,,,
,04-22-2015,07:03:44, Lane 1 ,Fwd,FF,,101,2,53,,2,7.92,,,,,,,,,,,,,,,,,,,,,,,,7.92,-,,,,,,,,,,,,,,,,,,,,,,,,,-,-,,,,,,,,,,,,,,,,,,,,,,,,,
,04-22-2015,07:03:47, Lane 1 ,Fwd,FF,,102,2,62,,2,9.73,,,,,,,,,,,,,,,,,,,,,,,,9.73,-,,,,,,,,,,,,,,,,,,,,,,,,,-,-,,,,,,,,,,,,,,,,,,,,,,,,,
,04-22-2015,07:04:00, Lane 1 ,Fwd,FF,,103,2,59,,2,8.55,,,,,,,,,,,,,,,,,,,,,,,,8.55,-,,,,,,,,,,,,,,,,,,,,,,,,,-,-,,,,,,,,,,,,,,,,,,,,,,,,,
,04-22-2015,07:04:02, Lane 1 ,Fwd,FF,,104,2,66,,2,8.83,,,,,,,,,,,,,,,,,,,,,,,,8.83,-,,,,,,,,,,,,,,,,,,,,,,,,,-,-,,,,,,,,,,,,,,,,,,,,,,,,,
,04-22-2015,07:04:04, Lane 1 ,Fwd,FF,,105,2,68,,2,9.30,,,,,,,,,,,,,,,,,,,,,,,,9.30,-,,,,,,,,,,,,,,,,,,,,,,,,,-,-,,,,,,,,,,,,,,,,,,,,,,,,,
,04-22-2015,07:04:17, Lane 1 ,Fwd,FF,,106,1,38,,2,3.78,,,,,,,,,,,,,,,,,,,,,,,,3.78,-,,,,,,,,,,,,,,,,,,,,,,,,,-,-,,,,,,,,,,,,,,,,,,,,,,,,,
,04-22-2015,07:04:21, Lane 1 ,Fwd,FF,,107,2,55,,2,8.78,,,,,,,,,,,,,,,,,,,,,,,,8.78,-,,,,,,,,,,,,,,,,,,,,,,,,,-,-,,,,,,,,,,,,,,,,,,,,,,,,,
,04-22-2015,07:04:29, Lane 1 ,Fwd,FF,,108,3,56,,2,10.35,,,,,,,,,,,,,,,,,,,,,,,,10.35,-,,,,,,,,,,,,,,,,,,,,,,,,,-,-,,,,,,,,,,,,,,,,,,,,,,,,,
,04-22-2015,07:04:30, Lane 1 ,Fwd,FF,,109,1,53,,2,4.72,,,,,,,,,,,,,,,,,,,,,,,,4.72,-,,,,,,,,,,,,,,,,,,,,,,,,,-,-,,,,,,,,,,,,,,,,,,,,,,,,,
,04-22-2015,07:04:32, Lane 1 ,Fwd,FF,,110,3,58,,2,10.38,,,,,,,,,,,,,,,,,,,,,,,,10.38,-,,,,,,,,,,,,,,,,,,,,,,,,,-,-,,,,,,,,,,,,,,,,,,,,,,,,,
,04-22-2015,07:04:33, Lane 1 ,Fwd,FF,,111,2,62,,2,9.20,,,,,,,,,,,,,,,,,,,,,,,,9.20,-,,,,,,,,,,,,,,,,,,,,,,,,,-,-,,,,,,,,,,,,,,,,,,,,,,,,,
,04-22-2015,07:04:34, Lane 1 ,Fwd,FF,,112,2,61,,2,9.05,,,,,,,,,,,,,,,,,,,,,,,,9.05,-,,,,,,,,,,,,,,,,,,,,,,,,,-,-,,,,,,,,,,,,,,,,,,,,,,,,,
,04-22-2015,07:04:35, Lane 1 ,Fwd,FF,,113,2,59,,2,7.51,,,,,,,,,,,,,,,,,,,,,,,,7.51,-,,,,,,,,,,,,,,,,,,,,,,,,,-,-,,,,,,,,,,,,,,,,,,,,,,,,,
,04-22-2015,07:04:36, Lane 1 ,Fwd,FF,,114,2,58,,2,9.00,,,,,,,,,,,,,,,,,,,,,,,,9.00,-,,,,,,,,,,,,,,,,,,,,,,,,,-,-,,,,,,,,,,,,,,,,,,,,,,,,,
,04-22-2015,07:04:39, Lane 1 ,Fwd,FF,,115,2,58,,2,10.04,,,,,,,,,,,,,,,,,,,,,,,,10.04,-,,,,,,,,,,,,,,,,,,,,,,,,,-,-,,,,,,,,,,,,,,,,,,,,,,,,,
,04-22-2015,07:04:46, Lane 1 ,Fwd,FF,,116,2,55,,2,8.43,,,,,,,,,,,,,,,,,,,,,,,,8.43,-,,,,,,,,,,,,,,,,,,,,,,,,,-,-,,,,,,,,,,,,,,,,,,,,,,,,,
,04-22-2015,07:05:07, Lane 1 ,Fwd,FF,,117,2,55,,2,8.80,,,,,,,,,,,,,,,,,,,,,,,,8.80,-,,,,,,,,,,,,,,,,,,,,,,,,,-,-,,,,,,,,,,,,,,,,,,,,,,,,,
,04-22-2015,07:05:09, Lane 1 ,Fwd,FF,,118,2,55,,2,9.16,,,,,,,,,,,,,,,,,,,,,,,,9.16,-,,,,,,,,,,,,,,,,,,,,,,,,,-,-,,,,,,,,,,,,,,,,,,,,,,,,,
,04-22-2015,07:05:15, Lane 1 ,Fwd,FF,,119,3,64,,2,11.81,,,,,,,,,,,,,,,,,,,,,,,,11.81,-,,,,,,,,,,,,,,,,,,,,,,,,,-,-,,,,,,,,,,,,,,,,,,,,,,,,,
,04-22-2015,07:05:58, Lane 1 ,Fwd,FF,,120,4,46,,2,22.54,,,,,,,,,,,,,,,,,,,,,,,,22.54,-,,,,,,,,,,,,,,,,,,,,,,,,,-,-,,,,,,,,,,,,,,,,,,,,,,,,,
,04-22-2015,07:06:00, Lane 1 ,Fwd,FF,,121,2,47,,2,9.24,,,,,,,,,,,,,,,,,,,,,,,,9.24,-,,,,,,,,,,,,,,,,,,,,,,,,,-,-,,,,,,,,,,,,,,,,,,,,,,,,,
,04-22-2015,07:06:01, Lane 1 ,Fwd,FF,,122,3,45,,2,11.74,,,,,,,,,,,,,,,,,,,,,,,,11.74,-,,,,,,,,,,,,,,,,,,,,,,,,,-,-,,,,,,,,,,,,,,,,,,,,,,,,,
,04-22-2015,07:06:03, Lane 1 ,Fwd,FF,,123,3,46,,2,11.47,,,,,,,,,,,,,,,,,,,,,,,,11.47,-,,,,,,,,,,,,,,,,,,,,,,,,,-,-,,,,,,,,,,,,,,,,,,,,,,,,,
,04-22-2015,07:06:05, Lane 1 ,Fwd,FF,,124,3,45,,2,11.80,,,,,,,,,,,,,,,,,,,,,,,,11.80,-,,,,,,,,,,,,,,,,,,,,,,,,,-,-,,,,,,,,,,,,,,,,,,,,,,,,,
,04-22-2015,07:06:06, Lane 1 ,Fwd,FF,,125,2,44,,2,8.90,,,,,,,,,,,,,,,,,,,,,,,,8.90,-,,,,,,,,,,,,,,,,,,,,,,,,,-,-,,,,,,,,,,,,,,,,,,,,,,,,,
,04-22-2015,07:06:07, Lane 1 ,Fwd,FF,,126,2,44,,2,8.94,,,,,,,,,,,,,,,,,,,,,,,,8.94,-,,,,,,,,,,,,,,,,,,,,,,,,,-,-,,,,,,,,,,,,,,,,,,,,,,,,,
,04-22-2015,07:06:08, Lane 1 ,Fwd,FF,,127,2,43,,2,8.55,,,,,,,,,,,,,,,,,,,,,,,,8.55,-,,,,,,,,,,,,,,,,,,,,,,,,,-,-,,,,,,,,,,,,,,,,,,,,,,,,,
,04-22-2015,07:06:14, Lane 1 ,Fwd,FF,,128,2,48,,2,8.49,,,,,,,,,,,,,,,,,,,,,,,,8.49,-,,,,,,,,,,,,,,,,,,,,,,,,,-,-,,,,,,,,,,,,,,,,,,,,,,,,,
,04-22-2015,07:06:15, Lane 1 ,Fwd,FF,,129,3,47,,2,11.86,,,,,,,,,,,,,,,,,,,,,,,,11.86,-,,,,,,,,,,,,,,,,,,,,,,,,,-,-,,,,,,,,,,,,,,,,,,,,,,,,,
,04-22-2015,07:06:18, Lane 1 ,Fwd,FF,,130,2,46,,2,8.83,,,,,,,,,,,,,,,,,,,,,,,,8.83,-,,,,,,,,,,,,,,,,,,,,,,,,,-,-,,,,,,,,,,,,,,,,,,,,,,,,,
,04-22-2015,07:06:19, Lane 1 ,Fwd,FF,,131,3,46,,2,11.73,,,,,,,,,,,,,,,,,,,,,,,,11.73,-,,,,,,,,,,,,,,,,,,,,,,,,,-,-,,,,,,,,,,,,,,,,,,,,,,,,,
,04-22-2015,07:06:21, Lane 1 ,Fwd,FF,,132,2,44,,2,8.65,,,,,,,,,,,,,,,,,,,,,,,,8.65,-,,,,,,,,,,,,,,,,,,,,,,,,,-,-,,,,,,,,,,,,,,,,,,,,,,,,,
,04-22-2015,07:06:22, Lane 1 ,Fwd,FF,,133,2,44,,2,9.28,,,,,,,,,,,,,,,,,,,,,,,,9.28,-,,,,,,,,,,,,,,,,,,,,,,,,,-,-,,,,,,,,,,,,,,,,,,,,,,,,,
,04-22-2015,07:06:24, Lane 1 ,Fwd,FF,,134,2,47,,2,8.60,,,,,,,,,,,,,,,,,,,,,,,,8.60,-,,,,,,,,,,,,,,,,,,,,,,,,,-,-,,,,,,,,,,,,,,,,,,,,,,,,,
,04-22-2015,07:06:27, Lane 1 ,Fwd,FF,,135,3,47,,2,11.45,,,,,,,,,,,,,,,,,,,,,,,,11.45,-,,,,,,,,,,,,,,,,,,,,,,,,,-,-,,,,,,,,,,,,,,,,,,,,,,,,,
,04-22-2015,07:06:28, Lane 1 ,Fwd,FF,,136,2,48,,2,8.98,,,,,,,,,,,,,,,,,,,,,,,,8.98,-,,,,,,,,,,,,,,,,,,,,,,,,,-,-,,,,,,,,,,,,,,,,,,,,,,,,,
,04-22-2015,07:06:29, Lane 1 ,Fwd,FF,,137,2,48,,2,8.86,,,,,,,,,,,,,,,,,,,,,,,,8.86,-,,,,,,,,,,,,,,,,,,,,,,,,,-,-,,,,,,,,,,,,,,,,,,,,,,,,,
,04-22-2015,07:06:30, Lane 1 ,Fwd,FF,,138,2,47,,2,7.96,,,,,,,,,,,,,,,,,,,,,,,,7.96,-,,,,,,,,,,,,,,,,,,,,,,,,,-,-,,,,,,,,,,,,,,,,,,,,,,,,,
,04-22-2015,07:06:32, Lane 1 ,Fwd,FF,,139,2,46,,2,8.90,,,,,,,,,,,,,,,,,,,,,,,,8.90,-,,,,,,,,,,,,,,,,,,,,,,,,,-,-,,,,,,,,,,,,,,,,,,,,,,,,,
,04-22-2015,07:06:34, Lane 1 ,Fwd,FF,,140,2,48,,2,8.63,,,,,,,,,,,,,,,,,,,,,,,,8.63,-,,,,,,,,,,,,,,,,,,,,,,,,,-,-,,,,,,,,,,,,,,,,,,,,,,,,,
,04-22-2015,07:06:36, Lane 1 ,Fwd,FF,,141,2,46,,2,8.68,,,,,,,,,,,,,,,,,,,,,,,,8.68,-,,,,,,,,,,,,,,,,,,,,,,,,,-,-,,,,,,,,,,,,,,,,,,,,,,,,,
,04-22-2015,07:06:37, Lane 1 ,Fwd,FF,,142,2,45,,2,8.49,,,,,,,,,,,,,,,,,,,,,,,,8.49,-,,,,,,,,,,,,,,,,,,,,,,,,,-,-,,,,,,,,,,,,,,,,,,,,,,,,,
,04-22-2015,07:06:39, Lane 1 ,Fwd,FF,,143,3,47,,2,10.98,,,,,,,,,,,,,,,,,,,,,,,,10.98,-,,,,,,,,,,,,,,,,,,,,,,,,,-,-,,,,,,,,,,,,,,,,,,,,,,,,,
,04-22-2015,07:06:40, Lane 1 ,Fwd,FF,,144,3,46,,2,10.27,,,,,,,,,,,,,,,,,,,,,,,,10.27,-,,,,,,,,,,,,,,,,,,,,,,,,,-,-,,,,,,,,,,,,,,,,,,,,,,,,,
,04-22-2015,07:06:42, Lane 1 ,Fwd,FF,,145,2,47,,2,9.26,,,,,,,,,,,,,,,,,,,,,,,,9.26,-,,,,,,,,,,,,,,,,,,,,,,,,,-,-,,,,,,,,,,,,,,,,,,,,,,,,,
,04-22-2015,07:06:43, Lane 1 ,Fwd,FF,,146,2,48,,2,8.98,,,,,,,,,,,,,,,,,,,,,,,,8.98,-,,,,,,,,,,,,,,,,,,,,,,,,,-,-,,,,,,,,,,,,,,,,,,,,,,,,,
,04-22-2015,07:06:46, Lane 1 ,Fwd,FF,,147,2,51,,2,8.22,,,,,,,,,,,,,,,,,,,,,,,,8.22,-,,,,,,,,,,,,,,,,,,,,,,,,,-,-,,,,,,,,,,,,,,,,,,,,,,,,,
,04-22-2015,07:06:47, Lane 1 ,Fwd,FF,,148,2,52,,2,8.81,,,,,,,,,,,,,,,,,,,,,,,,8.81,-,,,,,,,,,,,,,,,,,,,,,,,,,-,-,,,,,,,,,,,,,,,,,,,,,,,,,
,04-22-2015,07:06:49, Lane 1 ,Fwd,FF,,149,2,53,,2,8.96,,,,,,,,,,,,,,,,,,,,,,,,8.96,-,,,,,,,,,,,,,,,,,,,,,,,,,-,-,,,,,,,,,,,,,,,,,,,,,,,,,
,04-22-2015,07:06:51, Lane 1 ,Fwd,FF,,150,2,53,,2,9.77,,,,,,,,,,,,,,,,,,,,,,,,9.77,-,,,,,,,,,,,,,,,,,,,,,,,,,-,-,,,,,,,,,,,,,,,,,,,,,,,,,
,04-22-2015,07:06:52, Lane 1 ,Fwd,FF,,151,2,54,,2,8.45,,,,,,,,,,,,,,,,,,,,,,,,8.45,-,,,,,,,,,,,,,,,,,,,,,,,,,-,-,,,,,,,,,,,,,,,,,,,,,,,,,
,04-22-2015,07:06:53, Lane 1 ,Fwd,FF,,152,2,55,,2,8.43,,,,,,,,,,,,,,,,,,,,,,,,8.43,-,,,,,,,,,,,,,,,,,,,,,,,,,-,-,,,,,,,,,,,,,,,,,,,,,,,,,
,04-22-2015,07:06:55, Lane 1 ,Fwd,FF,,153,2,53,,2,9.04,,,,,,,,,,,,,,,,,,,,,,,,9.04,-,,,,,,,,,,,,,,,,,,,,,,,,,-,-,,,,,,,,,,,,,,,,,,,,,,,,,
,04-22-2015,07:06:59, Lane 1 ,Fwd,FF,,154,2,50,,2,8.65,,,,,,,,,,,,,,,,,,,,,,,,8.65,-,,,,,,,,,,,,,,,,,,,,,,,,,-,-,,,,,,,,,,,,,,,,,,,,,,,,,
,04-22-2015,07:07:01, Lane 1 ,Fwd,FF,,155,2,52,,2,8.81,,,,,,,,,,,,,,,,,,,,,,,,8.81,-,,,,,,,,,,,,,,,,,,,,,,,,,-,-,,,,,,,,,,,,,,,,,,,,,,,,,
,04-22-2015,07:07:03, Lane 1 ,Fwd,FF,,156,2,54,,2,9.87,,,,,,,,,,,,,,,,,,,,,,,,9.87,-,,,,,,,,,,,,,,,,,,,,,,,,,-,-,,,,,,,,,,,,,,,,,,,,,,,,,
,04-22-2015,07:07:04, Lane 1 ,Fwd,FF,,157,2,55,,2,8.38,,,,,,,,,,,,,,,,,,,,,,,,8.38,-,,,,,,,,,,,,,,,,,,,,,,,,,-,-,,,,,,,,,,,,,,,,,,,,,,,,,
,04-22-2015,07:07:07, Lane 1 ,Fwd,FF,,158,2,48,,2,8.63,,,,,,,,,,,,,,,,,,,,,,,,8.63,-,,,,,,,,,,,,,,,,,,,,,,,,,-,-,,,,,,,,,,,,,,,,,,,,,,,,,
,04-22-2015,07:07:11, Lane 1 ,Fwd,FF,,159,3,53,,2,10.92,,,,,,,,,,,,,,,,,,,,,,,,10.92,-,,,,,,,,,,,,,,,,,,,,,,,,,-,-,,,,,,,,,,,,,,,,,,,,,,,,,
,04-22-2015,07:07:13, Lane 1 ,Fwd,FF,,160,2,56,,2,9.80,,,,,,,,,,,,,,,,,,,,,,,,9.80,-,,,,,,,,,,,,,,,,,,,,,,,,,-,-,,,,,,,,,,,,,,,,,,,,,,,,,
,04-22-2015,07:07:16, Lane 1 ,Fwd,FF,,161,2,57,,2,9.08,,,,,,,,,,,,,,,,,,,,,,,,9.08,-,,,,,,,,,,,,,,,,,,,,,,,,,-,-,,,,,,,,,,,,,,,,,,,,,,,,,
,04-22-2015,07:07:17, Lane 1 ,Fwd,FF,,162,2,54,,2,9.02,,,,,,,,,,,,,,,,,,,,,,,,9.02,-,,,,,,,,,,,,,,,,,,,,,,,,,-,-,,,,,,,,,,,,,,,,,,,,,,,,,
,04-22-2015,07:07:19, Lane 1 ,Fwd,FF,,163,2,54,,2,9.22,,,,,,,,,,,,,,,,,,,,,,,,9.22,-,,,,,,,,,,,,,,,,,,,,,,,,,-,-,,,,,,,,,,,,,,,,,,,,,,,,,
,04-22-2015,07:07:20, Lane 1 ,Fwd,FF,,164,2,55,,2,8.92,,,,,,,,,,,,,,,,,,,,,,,,8.92,-,,,,,,,,,,,,,,,,,,,,,,,,,-,-,,,,,,,,,,,,,,,,,,,,,,,,,
,04-22-2015,07:07:22, Lane 1 ,Fwd,FF,,165,2,53,,2,8.39,,,,,,,,,,,,,,,,,,,,,,,,8.39,-,,,,,,,,,,,,,,,,,,,,,,,,,-,-,,,,,,,,,,,,,,,,,,,,,,,,,
,04-22-2015,07:07:23, Lane 1 ,Fwd,FF,,166,3,50,,2,10.61,,,,,,,,,,,,,,,,,,,,,,,,10.61,-,,,,,,,,,,,,,,,,,,,,,,,,,-,-,,,,,,,,,,,,,,,,,,,,,,,,,
,04-22-2015,07:07:24, Lane 1 ,Fwd,FF,,167,2,50,,2,8.80,,,,,,,,,,,,,,,,,,,,,,,,8.80,-,,,,,,,,,,,,,,,,,,,,,,,,,-,-,,,,,,,,,,,,,,,,,,,,,,,,,
,04-22-2015,07:07:26, Lane 1 ,Fwd,FF,,168,3,51,,2,11.33,,,,,,,,,,,,,,,,,,,,,,,,11.33,-,,,,,,,,,,,,,,,,,,,,,,,,,-,-,,,,,,,,,,,,,,,,,,,,,,,,,
,04-22-2015,07:07:28, Lane 1 ,Fwd,FF,,169,2,52,,2,8.98,,,,,,,,,,,,,,,,,,,,,,,,8.98,-,,,,,,,,,,,,,,,,,,,,,,,,,-,-,,,,,,,,,,,,,,,,,,,,,,,,,
,04-22-2015,07:07:29, Lane 1 ,Fwd,FF,,170,2,52,,2,9.49,,,,,,,,,,,,,,,,,,,,,,,,9.49,-,,,,,,,,,,,,,,,,,,,,,,,,,-,-,,,,,,,,,,,,,,,,,,,,,,,,,
,04-22-2015,07:07:31, Lane 1 ,Fwd,FF,,171,2,52,,2,8.79,,,,,,,,,,,,,,,,,,,,,,,,8.79,-,,,,,,,,,,,,,,,,,,,,,,,,,-,-,,,,,,,,,,,,,,,,,,,,,,,,,
,04-22-2015,07:07:32, Lane 1 ,Fwd,FF,,172,2,51,,2,8.72,,,,,,,,,,,,,,,,,,,,,,,,8.72,-,,,,,,,,,,,,,,,,,,,,,,,,,-,-,,,,,,,,,,,,,,,,,,,,,,,,,
,04-22-2015,07:07:33, Lane 1 ,Fwd,FF,,173,2,53,,2,8.75,,,,,,,,,,,,,,,,,,,,,,,,8.75,-,,,,,,,,,,,,,,,,,,,,,,,,,-,-,,,,,,,,,,,,,,,,,,,,,,,,,
,04-22-2015,07:07:35, Lane 1 ,Fwd,FF,,174,2,49,,2,9.63,,,,,,,,,,,,,,,,,,,,,,,,9.63,-,,,,,,,,,,,,,,,,,,,,,,,,,-,-,,,,,,,,,,,,,,,,,,,,,,,,,
,04-22-2015,07:07:36, Lane 1 ,Fwd,FF,,175,2,50,,2,8.47,,,,,,,,,,,,,,,,,,,,,,,,8.47,-,,,,,,,,,,,,,,,,,,,,,,,,,-,-,,,,,,,,,,,,,,,,,,,,,,,,,
,04-22-2015,07:07:37, Lane 1 ,Fwd,FF,,176,2,50,,2,8.65,,,,,,,,,,,,,,,,,,,,,,,,8.65,-,,,,,,,,,,,,,,,,,,,,,,,,,-,-,,,,,,,,,,,,,,,,,,,,,,,,,
,04-22-2015,07:07:40, Lane 1 ,Fwd,FF,,177,2,50,,2,8.65,,,,,,,,,,,,,,,,,,,,,,,,8.65,-,,,,,,,,,,,,,,,,,,,,,,,,,-,-,,,,,,,,,,,,,,,,,,,,,,,,,
,04-22-2015,07:07:45, Lane 1 ,Fwd,FF,,178,2,52,,2,8.91,,,,,,,,,,,,,,,,,,,,,,,,8.91,-,,,,,,,,,,,,,,,,,,,,,,,,,-,-,,,,,,,,,,,,,,,,,,,,,,,,,
,04-22-2015,07:07:49, Lane 1 ,Fwd,FF,,179,3,49,,2,11.78,,,,,,,,,,,,,,,,,,,,,,,,11.78,-,,,,,,,,,,,,,,,,,,,,,,,,,-,-,,,,,,,,,,,,,,,,,,,,,,,,,
,04-22-2015,07:07:51, Lane 1 ,Fwd,FF,,180,2,46,,2,8.21,,,,,,,,,,,,,,,,,,,,,,,,8.21,-,,,,,,,,,,,,,,,,,,,,,,,,,-,-,,,,,,,,,,,,,,,,,,,,,,,,,
,04-22-2015,07:07:54, Lane 1 ,Fwd,FF,,181,3,49,,4,11.57,15.47,2.60,,,,,,,,,,,,,,,,,,,,,,29.64,-,,,,,,,,,,,,,,,,,,,,,,,,,-,-,,,,,,,,,,,,,,,,,,,,,,,,,
,04-22-2015,07:07:56, Lane 1 ,Fwd,FF,,182,2,50,,2,8.69,,,,,,,,,,,,,,,,,,,,,,,,8.69,-,,,,,,,,,,,,,,,,,,,,,,,,,-,-,,,,,,,,,,,,,,,,,,,,,,,,,
,04-22-2015,07:07:57, Lane 1 ,Fwd,FF,,183,2,48,,2,8.97,,,,,,,,,,,,,,,,,,,,,,,,8.97,-,,,,,,,,,,,,,,,,,,,,,,,,,-,-,,,,,,,,,,,,,,,,,,,,,,,,,
,04-22-2015,07:07:59, Lane 1 ,Fwd,FF,,184,2,47,,2,8.45,,,,,,,,,,,,,,,,,,,,,,,,8.45,-,,,,,,,,,,,,,,,,,,,,,,,,,-,-,,,,,,,,,,,,,,,,,,,,,,,,,
,04-22-2015,07:08:01, Lane 1 ,Fwd,FF,,185,2,47,,2,8.64,,,,,,,,,,,,,,,,,,,,,,,,8.64,-,,,,,,,,,,,,,,,,,,,,,,,,,-,-,,,,,,,,,,,,,,,,,,,,,,,,,
,04-22-2015,07:08:02, Lane 1 ,Fwd,FF,,186,2,46,,2,8.83,,,,,,,,,,,,,,,,,,,,,,,,8.83,-,,,,,,,,,,,,,,,,,,,,,,,,,-,-,,,,,,,,,,,,,,,,,,,,,,,,,
,04-22-2015,07:08:04, Lane 1 ,Fwd,FF,,187,2,46,,2,8.41,,,,,,,,,,,,,,,,,,,,,,,,8.41,-,,,,,,,,,,,,,,,,,,,,,,,,,-,-,,,,,,,,,,,,,,,,,,,,,,,,,
,04-22-2015,07:08:05, Lane 1 ,Fwd,FF,,188,2,46,,2,8.77,,,,,,,,,,,,,,,,,,,,,,,,8.77,-,,,,,,,,,,,,,,,,,,,,,,,,,-,-,,,,,,,,,,,,,,,,,,,,,,,,,
,04-22-2015,07:08:07, Lane 1 ,Fwd,FF,,189,3,47,,2,11.24,,,,,,,,,,,,,,,,,,,,,,,,11.24,-,,,,,,,,,,,,,,,,,,,,,,,,,-,-,,,,,,,,,,,,,,,,,,,,,,,,,
,04-22-2015,07:08:08, Lane 1 ,Fwd,FF,,190,2,47,,2,8.52,,,,,,,,,,,,,,,,,,,,,,,,8.52,-,,,,,,,,,,,,,,,,,,,,,,,,,-,-,,,,,,,,,,,,,,,,,,,,,,,,,
,04-22-2015,07:08:14, Lane 1 ,Fwd,FF,,191,2,56,,2,8.65,,,,,,,,,,,,,,,,,,,,,,,,8.65,-,,,,,,,,,,,,,,,,,,,,,,,,,-,-,,,,,,,,,,,,,,,,,,,,,,,,,
,04-22-2015,07:08:17, Lane 1 ,Fwd,FF,,192,2,53,,2,8.42,,,,,,,,,,,,,,,,,,,,,,,,8.42,-,,,,,,,,,,,,,,,,,,,,,,,,,-,-,,,,,,,,,,,,,,,,,,,,,,,,,
,04-22-2015,07:08:18, Lane 1 ,Fwd,FF,,193,2,55,,2,9.41,,,,,,,,,,,,,,,,,,,,,,,,9.41,-,,,,,,,,,,,,,,,,,,,,,,,,,-,-,,,,,,,,,,,,,,,,,,,,,,,,,
,04-22-2015,07:08:19, Lane 1 ,Fwd,FF,,194,2,55,,2,9.65,,,,,,,,,,,,,,,,,,,,,,,,9.65,-,,,,,,,,,,,,,,,,,,,,,,,,,-,-,,,,,,,,,,,,,,,,,,,,,,,,,
,04-22-2015,07:08:23, Lane 1 ,Fwd,FF,,195,2,53,,2,7.95,,,,,,,,,,,,,,,,,,,,,,,,7.95,-,,,,,,,,,,,,,,,,,,,,,,,,,-,-,,,,,,,,,,,,,,,,,,,,,,,,,
,04-22-2015,07:08:34, Lane 1 ,Fwd,FF,,196,2,51,,2,9.17,,,,,,,,,,,,,,,,,,,,,,,,9.17,-,,,,,,,,,,,,,,,,,,,,,,,,,-,-,,,,,,,,,,,,,,,,,,,,,,,,,
,04-22-2015,07:08:36, Lane 1 ,Fwd,FF,,197,3,50,,2,10.25,,,,,,,,,,,,,,,,,,,,,,,,10.25,-,,,,,,,,,,,,,,,,,,,,,,,,,-,-,,,,,,,,,,,,,,,,,,,,,,,,,
,04-22-2015,07:08:37, Lane 1 ,Fwd,FF,,198,2,50,,2,8.93,,,,,,,,,,,,,,,,,,,,,,,,8.93,-,,,,,,,,,,,,,,,,,,,,,,,,,-,-,,,,,,,,,,,,,,,,,,,,,,,,,
,04-22-2015,07:08:49, Lane 1 ,Fwd,FF,,199,3,61,,2,11.29,,,,,,,,,,,,,,,,,,,,,,,,11.29,-,,,,,,,,,,,,,,,,,,,,,,,,,-,-,,,,,,,,,,,,,,,,,,,,,,,,,
,04-22-2015,07:09:02, Lane 1 ,Fwd,FF,,200,3,59,,2,11.48,,,,,,,,,,,,,,,,,,,,,,,,11.48,-,,,,,,,,,,,,,,,,,,,,,,,,,-,-,,,,,,,,,,,,,,,,,,,,,,,,,
,04-22-2015,07:09:07, Lane 1 ,Fwd,FF,,201,2,60,,2,8.76,,,,,,,,,,,,,,,,,,,,,,,,8.76,-,,,,,,,,,,,,,,,,,,,,,,,,,-,-,,,,,,,,,,,,,,,,,,,,,,,,,
,04-22-2015,07:09:09, Lane 1 ,Fwd,FF,,202,2,57,,2,8.42,,,,,,,,,,,,,,,,,,,,,,,,8.42,-,,,,,,,,,,,,,,,,,,,,,,,,,-,-,,,,,,,,,,,,,,,,,,,,,,,,,
,04-22-2015,07:09:10, Lane 1 ,Fwd,FF,,203,2,55,,2,8.76,,,,,,,,,,,,,,,,,,,,,,,,8.76,-,,,,,,,,,,,,,,,,,,,,,,,,,-,-,,,,,,,,,,,,,,,,,,,,,,,,,
,04-22-2015,07:09:12, Lane 1 ,Fwd,FF,,204,2,57,,2,8.14,,,,,,,,,,,,,,,,,,,,,,,,8.14,-,,,,,,,,,,,,,,,,,,,,,,,,,-,-,,,,,,,,,,,,,,,,,,,,,,,,,
,04-22-2015,07:09:13, Lane 1 ,Fwd,FF,,205,2,58,,2,9.09,,,,,,,,,,,,,,,,,,,,,,,,9.09,-,,,,,,,,,,,,,,,,,,,,,,,,,-,-,,,,,,,,,,,,,,,,,,,,,,,,,
,04-22-2015,07:09:16, Lane 1 ,Fwd,FF,,206,2,56,,2,8.05,,,,,,,,,,,,,,,,,,,,,,,,8.05,-,,,,,,,,,,,,,,,,,,,,,,,,,-,-,,,,,,,,,,,,,,,,,,,,,,,,,
,04-22-2015,07:09:17, Lane 1 ,Fwd,FF,,207,2,56,,2,8.71,,,,,,,,,,,,,,,,,,,,,,,,8.71,-,,,,,,,,,,,,,,,,,,,,,,,,,-,-,,,,,,,,,,,,,,,,,,,,,,,,,
,04-22-2015,07:09:23, Lane 1 ,Fwd,FF,,208,2,54,,2,8.76,,,,,,,,,,,,,,,,,,,,,,,,8.76,-,,,,,,,,,,,,,,,,,,,,,,,,,-,-,,,,,,,,,,,,,,,,,,,,,,,,,
,04-22-2015,07:09:26, Lane 1 ,Fwd,FF,,209,3,53,,2,11.92,,,,,,,,,,,,,,,,,,,,,,,,11.92,-,,,,,,,,,,,,,,,,,,,,,,,,,-,-,,,,,,,,,,,,,,,,,,,,,,,,,
,04-22-2015,07:09:28, Lane 1 ,Fwd,FF,,210,2,53,,2,8.42,,,,,,,,,,,,,,,,,,,,,,,,8.42,-,,,,,,,,,,,,,,,,,,,,,,,,,-,-,,,,,,,,,,,,,,,,,,,,,,,,,
,04-22-2015,07:09:29, Lane 1 ,Fwd,FF,,211,2,54,,2,9.30,,,,,,,,,,,,,,,,,,,,,,,,9.30,-,,,,,,,,,,,,,,,,,,,,,,,,,-,-,,,,,,,,,,,,,,,,,,,,,,,,,
,04-22-2015,07:09:30, Lane 1 ,Fwd,FF,,212,2,55,,2,8.92,,,,,,,,,,,,,,,,,,,,,,,,8.92,-,,,,,,,,,,,,,,,,,,,,,,,,,-,-,,,,,,,,,,,,,,,,,,,,,,,,,
,04-22-2015,07:09:33, Lane 1 ,Fwd,FF,,213,2,58,,2,8.79,,,,,,,,,,,,,,,,,,,,,,,,8.79,-,,,,,,,,,,,,,,,,,,,,,,,,,-,-,,,,,,,,,,,,,,,,,,,,,,,,,
,04-22-2015,07:09:34, Lane 1 ,Fwd,FF,,214,2,58,,2,8.49,,,,,,,,,,,,,,,,,,,,,,,,8.49,-,,,,,,,,,,,,,,,,,,,,,,,,,-,-,,,,,,,,,,,,,,,,,,,,,,,,,
,04-22-2015,07:09:38, Lane 1 ,Fwd,FF,,215,2,55,,2,8.72,,,,,,,,,,,,,,,,,,,,,,,,8.72,-,,,,,,,,,,,,,,,,,,,,,,,,,-,-,,,,,,,,,,,,,,,,,,,,,,,,,
,04-22-2015,07:09:39, Lane 1 ,Fwd,FF,,216,2,53,,2,8.96,,,,,,,,,,,,,,,,,,,,,,,,8.96,-,,,,,,,,,,,,,,,,,,,,,,,,,-,-,,,,,,,,,,,,,,,,,,,,,,,,,
,04-22-2015,07:09:40, Lane 1 ,Fwd,FF,,217,3,54,,2,10.59,,,,,,,,,,,,,,,,,,,,,,,,10.59,-,,,,,,,,,,,,,,,,,,,,,,,,,-,-,,,,,,,,,,,,,,,,,,,,,,,,,
,04-22-2015,07:09:43, Lane 1 ,Fwd,FF,,218,2,53,,2,8.96,,,,,,,,,,,,,,,,,,,,,,,,8.96,-,,,,,,,,,,,,,,,,,,,,,,,,,-,-,,,,,,,,,,,,,,,,,,,,,,,,,
,04-22-2015,07:09:44, Lane 1 ,Fwd,FF,,219,2,54,,2,8.63,,,,,,,,,,,,,,,,,,,,,,,,8.63,-,,,,,,,,,,,,,,,,,,,,,,,,,-,-,,,,,,,,,,,,,,,,,,,,,,,,,
,04-22-2015,07:09:46, Lane 1 ,Fwd,FF,,220,2,55,,2,8.78,,,,,,,,,,,,,,,,,,,,,,,,8.78,-,,,,,,,,,,,,,,,,,,,,,,,,,-,-,,,,,,,,,,,,,,,,,,,,,,,,,
,04-22-2015,07:09:47, Lane 1 ,Fwd,FF,,221,2,54,,2,9.63,,,,,,,,,,,,,,,,,,,,,,,,9.63,-,,,,,,,,,,,,,,,,,,,,,,,,,-,-,,,,,,,,,,,,,,,,,,,,,,,,,
,04-22-2015,07:09:50, Lane 1 ,Fwd,FF,,222,2,56,,2,8.80,,,,,,,,,,,,,,,,,,,,,,,,8.80,-,,,,,,,,,,,,,,,,,,,,,,,,,-,-,,,,,,,,,,,,,,,,,,,,,,,,,
,04-22-2015,07:09:51, Lane 1 ,Fwd,FF,,223,2,56,,2,8.55,,,,,,,,,,,,,,,,,,,,,,,,8.55,-,,,,,,,,,,,,,,,,,,,,,,,,,-,-,,,,,,,,,,,,,,,,,,,,,,,,,
,04-22-2015,07:09:52, Lane 1 ,Fwd,FF,,224,2,53,,2,9.21,,,,,,,,,,,,,,,,,,,,,,,,9.21,-,,,,,,,,,,,,,,,,,,,,,,,,,-,-,,,,,,,,,,,,,,,,,,,,,,,,,
,04-22-2015,07:09:54, Lane 1 ,Fwd,FF,,225,2,53,,2,8.62,,,,,,,,,,,,,,,,,,,,,,,,8.62,-,,,,,,,,,,,,,,,,,,,,,,,,,-,-,,,,,,,,,,,,,,,,,,,,,,,,,
,04-22-2015,07:09:57, Lane 1 ,Fwd,FF,,226,2,51,,2,8.42,,,,,,,,,,,,,,,,,,,,,,,,8.42,-,,,,,,,,,,,,,,,,,,,,,,,,,-,-,,,,,,,,,,,,,,,,,,,,,,,,,
,04-22-2015,07:09:59, Lane 1 ,Fwd,FF,,227,3,51,,2,10.66,,,,,,,,,,,,,,,,,,,,,,,,10.66,-,,,,,,,,,,,,,,,,,,,,,,,,,-,-,,,,,,,,,,,,,,,,,,,,,,,,,
,04-22-2015,07:10:00, Lane 1 ,Fwd,FF,,228,2,50,,2,8.93,,,,,,,,,,,,,,,,,,,,,,,,8.93,-,,,,,,,,,,,,,,,,,,,,,,,,,-,-,,,,,,,,,,,,,,,,,,,,,,,,,
,04-22-2015,07:10:14, Lane 1 ,Fwd,FF,,229,2,63,,2,9.14,,,,,,,,,,,,,,,,,,,,,,,,9.14,-,,,,,,,,,,,,,,,,,,,,,,,,,-,-,,,,,,,,,,,,,,,,,,,,,,,,,
,04-22-2015,07:10:20, Lane 1 ,Fwd,FF,,230,3,67,,2,11.81,,,,,,,,,,,,,,,,,,,,,,,,11.81,-,,,,,,,,,,,,,,,,,,,,,,,,,-,-,,,,,,,,,,,,,,,,,,,,,,,,,
,04-22-2015,07:10:21, Lane 1 ,Fwd,FF,,231,3,67,,2,12.00,,,,,,,,,,,,,,,,,,,,,,,,12.00,-,,,,,,,,,,,,,,,,,,,,,,,,,-,-,,,,,,,,,,,,,,,,,,,,,,,,,
,04-22-2015,07:10:24, Lane 1 ,Fwd,FF,,232,2,63,,2,8.84,,,,,,,,,,,,,,,,,,,,,,,,8.84,-,,,,,,,,,,,,,,,,,,,,,,,,,-,-,,,,,,,,,,,,,,,,,,,,,,,,,
,04-22-2015,07:10:28, Lane 1 ,Fwd,FF,,233,2,67,,2,8.66,,,,,,,,,,,,,,,,,,,,,,,,8.66,-,,,,,,,,,,,,,,,,,,,,,,,,,-,-,,,,,,,,,,,,,,,,,,,,,,,,,
,04-22-2015,07:10:30, Lane 1 ,Fwd,FF,,234,2,64,,2,8.98,,,,,,,,,,,,,,,,,,,,,,,,8.98,-,,,,,,,,,,,,,,,,,,,,,,,,,-,-,,,,,,,,,,,,,,,,,,,,,,,,,
,04-22-2015,07:10:36, Lane 1 ,Fwd,FF,,235,3,59,,2,10.61,,,,,,,,,,,,,,,,,,,,,,,,10.61,-,,,,,,,,,,,,,,,,,,,,,,,,,-,-,,,,,,,,,,,,,,,,,,,,,,,,,
,04-22-2015,07:10:37, Lane 1 ,Fwd,FF,,236,2,59,,2,8.81,,,,,,,,,,,,,,,,,,,,,,,,8.81,-,,,,,,,,,,,,,,,,,,,,,,,,,-,-,,,,,,,,,,,,,,,,,,,,,,,,,
,04-22-2015,07:10:40, Lane 1 ,Fwd,FF,,237,2,57,,2,9.23,,,,,,,,,,,,,,,,,,,,,,,,9.23,-,,,,,,,,,,,,,,,,,,,,,,,,,-,-,,,,,,,,,,,,,,,,,,,,,,,,,
,04-22-2015,07:10:42, Lane 1 ,Fwd,FF,,238,2,58,,2,8.94,,,,,,,,,,,,,,,,,,,,,,,,8.94,-,,,,,,,,,,,,,,,,,,,,,,,,,-,-,,,,,,,,,,,,,,,,,,,,,,,,,
,04-22-2015,07:10:43, Lane 1 ,Fwd,FF,,239,3,58,,2,10.46,,,,,,,,,,,,,,,,,,,,,,,,10.46,-,,,,,,,,,,,,,,,,,,,,,,,,,-,-,,,,,,,,,,,,,,,,,,,,,,,,,
,04-22-2015,07:10:45, Lane 1 ,Fwd,FF,,240,3,57,,2,11.42,,,,,,,,,,,,,,,,,,,,,,,,11.42,-,,,,,,,,,,,,,,,,,,,,,,,,,-,-,,,,,,,,,,,,,,,,,,,,,,,,,
,04-22-2015,07:10:46, Lane 1 ,Fwd,FF,,241,2,58,,2,8.87,,,,,,,,,,,,,,,,,,,,,,,,8.87,-,,,,,,,,,,,,,,,,,,,,,,,,,-,-,,,,,,,,,,,,,,,,,,,,,,,,,
,04-22-2015,07:10:49, Lane 1 ,Fwd,FF,,242,2,56,,2,8.44,,,,,,,,,,,,,,,,,,,,,,,,8.44,-,,,,,,,,,,,,,,,,,,,,,,,,,-,-,,,,,,,,,,,,,,,,,,,,,,,,,
,04-22-2015,07:10:51, Lane 1 ,Fwd,FF,,243,3,56,,2,12.82,,,,,,,,,,,,,,,,,,,,,,,,12.82,-,,,,,,,,,,,,,,,,,,,,,,,,,-,-,,,,,,,,,,,,,,,,,,,,,,,,,
,04-22-2015,07:10:54, Lane 1 ,Fwd,FF,,244,2,58,,2,8.87,,,,,,,,,,,,,,,,,,,,,,,,8.87,-,,,,,,,,,,,,,,,,,,,,,,,,,-,-,,,,,,,,,,,,,,,,,,,,,,,,,
,04-22-2015,07:10:55, Lane 1 ,Fwd,FF,,245,2,57,,2,8.92,,,,,,,,,,,,,,,,,,,,,,,,8.92,-,,,,,,,,,,,,,,,,,,,,,,,,,-,-,,,,,,,,,,,,,,,,,,,,,,,,,
,04-22-2015,07:10:59, Lane 1 ,Fwd,FF,,246,2,58,,2,8.85,,,,,,,,,,,,,,,,,,,,,,,,8.85,-,,,,,,,,,,,,,,,,,,,,,,,,,-,-,,,,,,,,,,,,,,,,,,,,,,,,,
,04-22-2015,07:11:00, Lane 1 ,Fwd,FF,,247,2,58,,2,9.51,,,,,,,,,,,,,,,,,,,,,,,,9.51,-,,,,,,,,,,,,,,,,,,,,,,,,,-,-,,,,,,,,,,,,,,,,,,,,,,,,,
,04-22-2015,07:11:01, Lane 1 ,Fwd,FF,,248,2,58,,2,9.04,,,,,,,,,,,,,,,,,,,,,,,,9.04,-,,,,,,,,,,,,,,,,,,,,,,,,,-,-,,,,,,,,,,,,,,,,,,,,,,,,,
,04-22-2015,07:11:02, Lane 1 ,Fwd,FF,,249,2,59,,2,8.98,,,,,,,,,,,,,,,,,,,,,,,,8.98,-,,,,,,,,,,,,,,,,,,,,,,,,,-,-,,,,,,,,,,,,,,,,,,,,,,,,,
,04-22-2015,07:11:03, Lane 1 ,Fwd,FF,,250,2,63,,2,8.89,,,,,,,,,,,,,,,,,,,,,,,,8.89,-,,,,,,,,,,,,,,,,,,,,,,,,,-,-,,,,,,,,,,,,,,,,,,,,,,,,,
,04-22-2015,07:11:06, Lane 1 ,Fwd,FF,,251,3,63,,2,11.91,,,,,,,,,,,,,,,,,,,,,,,,11.91,-,,,,,,,,,,,,,,,,,,,,,,,,,-,-,,,,,,,,,,,,,,,,,,,,,,,,,
,04-22-2015,07:11:09, Lane 1 ,Fwd,FF,,252,2,62,,2,8.84,,,,,,,,,,,,,,,,,,,,,,,,8.84,-,,,,,,,,,,,,,,,,,,,,,,,,,-,-,,,,,,,,,,,,,,,,,,,,,,,,,
,04-22-2015,07:11:19, Lane 1 ,Fwd,FF,,253,4,57,,3,20.65,4.53,,,,,,,,,,,,,,,,,,,,,,,25.18,-,,,,,,,,,,,,,,,,,,,,,,,,,-,-,,,,,,,,,,,,,,,,,,,,,,,,,
,04-22-2015,07:11:22, Lane 1 ,Fwd,FF,,254,2,58,,2,9.00,,,,,,,,,,,,,,,,,,,,,,,,9.00,-,,,,,,,,,,,,,,,,,,,,,,,,,-,-,,,,,,,,,,,,,,,,,,,,,,,,,
,04-22-2015,07:11:25, Lane 1 ,Fwd,FF,,255,2,55,,2,8.51,,,,,,,,,,,,,,,,,,,,,,,,8.51,-,,,,,,,,,,,,,,,,,,,,,,,,,-,-,,,,,,,,,,,,,,,,,,,,,,,,,
,04-22-2015,07:11:27, Lane 1 ,Fwd,FF,,256,2,55,,2,8.68,,,,,,,,,,,,,,,,,,,,,,,,8.68,-,,,,,,,,,,,,,,,,,,,,,,,,,-,-,,,,,,,,,,,,,,,,,,,,,,,,,
,04-22-2015,07:11:28, Lane 1 ,Fwd,FF,,257,3,54,,2,11.76,,,,,,,,,,,,,,,,,,,,,,,,11.76,-,,,,,,,,,,,,,,,,,,,,,,,,,-,-,,,,,,,,,,,,,,,,,,,,,,,,,
,04-22-2015,07:11:29, Lane 1 ,Fwd,FF,,258,2,55,,2,8.80,,,,,,,,,,,,,,,,,,,,,,,,8.80,-,,,,,,,,,,,,,,,,,,,,,,,,,-,-,,,,,,,,,,,,,,,,,,,,,,,,,
,04-22-2015,07:11:32, Lane 1 ,Fwd,FF,,259,2,55,,2,9.26,,,,,,,,,,,,,,,,,,,,,,,,9.26,-,,,,,,,,,,,,,,,,,,,,,,,,,-,-,,,,,,,,,,,,,,,,,,,,,,,,,
,04-22-2015,07:11:33, Lane 1 ,Fwd,FF,,260,2,55,,2,9.41,,,,,,,,,,,,,,,,,,,,,,,,9.41,-,,,,,,,,,,,,,,,,,,,,,,,,,-,-,,,,,,,,,,,,,,,,,,,,,,,,,
,04-22-2015,07:11:37, Lane 1 ,Fwd,FF,,261,2,55,,2,9.84,,,,,,,,,,,,,,,,,,,,,,,,9.84,-,,,,,,,,,,,,,,,,,,,,,,,,,-,-,,,,,,,,,,,,,,,,,,,,,,,,,
,04-22-2015,07:11:40, Lane 1 ,Fwd,FF,,262,2,54,,2,8.71,,,,,,,,,,,,,,,,,,,,,,,,8.71,-,,,,,,,,,,,,,,,,,,,,,,,,,-,-,,,,,,,,,,,,,,,,,,,,,,,,,
,04-22-2015,07:11:41, Lane 1 ,Fwd,FF,,263,2,53,,2,8.42,,,,,,,,,,,,,,,,,,,,,,,,8.42,-,,,,,,,,,,,,,,,,,,,,,,,,,-,-,,,,,,,,,,,,,,,,,,,,,,,,,
,04-22-2015,07:11:42, Lane 1 ,Fwd,FF,,264,2,56,,2,9.39,,,,,,,,,,,,,,,,,,,,,,,,9.39,-,,,,,,,,,,,,,,,,,,,,,,,,,-,-,,,,,,,,,,,,,,,,,,,,,,,,,
,04-22-2015,07:11:44, Lane 1 ,Fwd,FF,,265,2,58,,2,8.85,,,,,,,,,,,,,,,,,,,,,,,,8.85,-,,,,,,,,,,,,,,,,,,,,,,,,,-,-,,,,,,,,,,,,,,,,,,,,,,,,,
,04-22-2015,07:11:45, Lane 1 ,Fwd,FF,,266,2,58,,2,8.68,,,,,,,,,,,,,,,,,,,,,,,,8.68,-,,,,,,,,,,,,,,,,,,,,,,,,,-,-,,,,,,,,,,,,,,,,,,,,,,,,,
,04-22-2015,07:11:47, Lane 1 ,Fwd,FF,,267,2,58,,2,9.17,,,,,,,,,,,,,,,,,,,,,,,,9.17,-,,,,,,,,,,,,,,,,,,,,,,,,,-,-,,,,,,,,,,,,,,,,,,,,,,,,,
,04-22-2015,07:11:50, Lane 1 ,Fwd,FF,,268,2,55,,2,9.00,,,,,,,,,,,,,,,,,,,,,,,,9.00,-,,,,,,,,,,,,,,,,,,,,,,,,,-,-,,,,,,,,,,,,,,,,,,,,,,,,,
,04-22-2015,07:11:52, Lane 1 ,Fwd,FF,,269,2,63,,2,9.05,,,,,,,,,,,,,,,,,,,,,,,,9.05,-,,,,,,,,,,,,,,,,,,,,,,,,,-,-,,,,,,,,,,,,,,,,,,,,,,,,,
,04-22-2015,07:12:05, Lane 1 ,Fwd,FF,,270,2,62,,2,9.09,,,,,,,,,,,,,,,,,,,,,,,,9.09,-,,,,,,,,,,,,,,,,,,,,,,,,,-,-,,,,,,,,,,,,,,,,,,,,,,,,,
,04-22-2015,07:12:08, Lane 1 ,Fwd,FF,,271,2,59,,2,9.22,,,,,,,,,,,,,,,,,,,,,,,,9.22,-,,,,,,,,,,,,,,,,,,,,,,,,,-,-,,,,,,,,,,,,,,,,,,,,,,,,,
,04-22-2015,07:12:10, Lane 1 ,Fwd,FF,,272,2,61,,2,8.80,,,,,,,,,,,,,,,,,,,,,,,,8.80,-,,,,,,,,,,,,,,,,,,,,,,,,,-,-,,,,,,,,,,,,,,,,,,,,,,,,,
,04-22-2015,07:12:12, Lane 1 ,Fwd,FF,,273,2,58,,2,8.37,,,,,,,,,,,,,,,,,,,,,,,,8.37,-,,,,,,,,,,,,,,,,,,,,,,,,,-,-,,,,,,,,,,,,,,,,,,,,,,,,,
,04-22-2015,07:12:14, Lane 1 ,Fwd,FF,,274,2,55,,2,8.70,,,,,,,,,,,,,,,,,,,,,,,,8.70,-,,,,,,,,,,,,,,,,,,,,,,,,,-,-,,,,,,,,,,,,,,,,,,,,,,,,,
,04-22-2015,07:12:17, Lane 1 ,Fwd,FF,,275,2,56,,2,7.51,,,,,,,,,,,,,,,,,,,,,,,,7.51,-,,,,,,,,,,,,,,,,,,,,,,,,,-,-,,,,,,,,,,,,,,,,,,,,,,,,,
,04-22-2015,07:12:24, Lane 1 ,Fwd,FF,,276,3,53,,2,10.68,,,,,,,,,,,,,,,,,,,,,,,,10.68,-,,,,,,,,,,,,,,,,,,,,,,,,,-,-,,,,,,,,,,,,,,,,,,,,,,,,,
,04-22-2015,07:12:25, Lane 1 ,Fwd,FF,,277,2,54,,2,8.47,,,,,,,,,,,,,,,,,,,,,,,,8.47,-,,,,,,,,,,,,,,,,,,,,,,,,,-,-,,,,,,,,,,,,,,,,,,,,,,,,,
,04-22-2015,07:12:26, Lane 1 ,Fwd,FF,,278,3,55,,2,10.32,,,,,,,,,,,,,,,,,,,,,,,,10.32,-,,,,,,,,,,,,,,,,,,,,,,,,,-,-,,,,,,,,,,,,,,,,,,,,,,,,,
,04-22-2015,07:12:28, Lane 1 ,Fwd,FF,,279,2,56,,2,8.39,,,,,,,,,,,,,,,,,,,,,,,,8.39,-,,,,,,,,,,,,,,,,,,,,,,,,,-,-,,,,,,,,,,,,,,,,,,,,,,,,,
,04-22-2015,07:12:30, Lane 1 ,Fwd,FF,,280,2,54,,2,8.47,,,,,,,,,,,,,,,,,,,,,,,,8.47,-,,,,,,,,,,,,,,,,,,,,,,,,,-,-,,,,,,,,,,,,,,,,,,,,,,,,,
,04-22-2015,07:12:33, Lane 1 ,Fwd,FF,,281,2,56,,2,7.95,,,,,,,,,,,,,,,,,,,,,,,,7.95,-,,,,,,,,,,,,,,,,,,,,,,,,,-,-,,,,,,,,,,,,,,,,,,,,,,,,,
,04-22-2015,07:12:42, Lane 1 ,Fwd,FF,,282,2,52,,2,7.44,,,,,,,,,,,,,,,,,,,,,,,,7.44,-,,,,,,,,,,,,,,,,,,,,,,,,,-,-,,,,,,,,,,,,,,,,,,,,,,,,,
,04-22-2015,07:12:44, Lane 1 ,Fwd,FF,,283,2,53,,2,8.60,,,,,,,,,,,,,,,,,,,,,,,,8.60,-,,,,,,,,,,,,,,,,,,,,,,,,,-,-,,,,,,,,,,,,,,,,,,,,,,,,,
,04-22-2015,07:12:45, Lane 1 ,Fwd,FF,,284,2,53,,2,9.21,,,,,,,,,,,,,,,,,,,,,,,,9.21,-,,,,,,,,,,,,,,,,,,,,,,,,,-,-,,,,,,,,,,,,,,,,,,,,,,,,,
,04-22-2015,07:12:48, Lane 1 ,Fwd,FF,,285,2,53,,2,8.52,,,,,,,,,,,,,,,,,,,,,,,,8.52,-,,,,,,,,,,,,,,,,,,,,,,,,,-,-,,,,,,,,,,,,,,,,,,,,,,,,,
,04-22-2015,07:12:49, Lane 1 ,Fwd,FF,,286,2,52,,2,8.56,,,,,,,,,,,,,,,,,,,,,,,,8.56,-,,,,,,,,,,,,,,,,,,,,,,,,,-,-,,,,,,,,,,,,,,,,,,,,,,,,,
,04-22-2015,07:12:51, Lane 1 ,Fwd,FF,,287,2,53,,2,8.92,,,,,,,,,,,,,,,,,,,,,,,,8.92,-,,,,,,,,,,,,,,,,,,,,,,,,,-,-,,,,,,,,,,,,,,,,,,,,,,,,,
,04-22-2015,07:12:53, Lane 1 ,Fwd,FF,,288,3,54,,2,11.77,,,,,,,,,,,,,,,,,,,,,,,,11.77,-,,,,,,,,,,,,,,,,,,,,,,,,,-,-,,,,,,,,,,,,,,,,,,,,,,,,,
,04-22-2015,07:12:55, Lane 1 ,Fwd,FF,,289,3,52,,2,10.94,,,,,,,,,,,,,,,,,,,,,,,,10.94,-,,,,,,,,,,,,,,,,,,,,,,,,,-,-,,,,,,,,,,,,,,,,,,,,,,,,,
,04-22-2015,07:12:57, Lane 1 ,Fwd,FF,,290,2,50,,2,8.80,,,,,,,,,,,,,,,,,,,,,,,,8.80,-,,,,,,,,,,,,,,,,,,,,,,,,,-,-,,,,,,,,,,,,,,,,,,,,,,,,,
,04-22-2015,07:12:59, Lane 1 ,Fwd,FF,,291,2,49,,2,9.04,,,,,,,,,,,,,,,,,,,,,,,,9.04,-,,,,,,,,,,,,,,,,,,,,,,,,,-,-,,,,,,,,,,,,,,,,,,,,,,,,,
,04-22-2015,07:13:01, Lane 1 ,Fwd,FF,,292,2,49,,2,8.75,,,,,,,,,,,,,,,,,,,,,,,,8.75,-,,,,,,,,,,,,,,,,,,,,,,,,,-,-,,,,,,,,,,,,,,,,,,,,,,,,,
,04-22-2015,07:13:02, Lane 1 ,Fwd,FF,,293,2,50,,2,8.73,,,,,,,,,,,,,,,,,,,,,,,,8.73,-,,,,,,,,,,,,,,,,,,,,,,,,,-,-,,,,,,,,,,,,,,,,,,,,,,,,,
,04-22-2015,07:13:03, Lane 1 ,Fwd,FF,,294,2,52,,2,8.23,,,,,,,,,,,,,,,,,,,,,,,,8.23,-,,,,,,,,,,,,,,,,,,,,,,,,,-,-,,,,,,,,,,,,,,,,,,,,,,,,,
,04-22-2015,07:13:05, Lane 1 ,Fwd,FF,,295,2,52,,2,7.87,,,,,,,,,,,,,,,,,,,,,,,,7.87,-,,,,,,,,,,,,,,,,,,,,,,,,,-,-,,,,,,,,,,,,,,,,,,,,,,,,,
,04-22-2015,07:13:08, Lane 1 ,Fwd,FF,,296,2,52,,2,8.48,,,,,,,,,,,,,,,,,,,,,,,,8.48,-,,,,,,,,,,,,,,,,,,,,,,,,,-,-,,,,,,,,,,,,,,,,,,,,,,,,,
,04-22-2015,07:13:09, Lane 1 ,Fwd,FF,,297,2,50,,2,8.71,,,,,,,,,,,,,,,,,,,,,,,,8.71,-,,,,,,,,,,,,,,,,,,,,,,,,,-,-,,,,,,,,,,,,,,,,,,,,,,,,,
,04-22-2015,07:13:11, Lane 1 ,Fwd,FF,,298,2,50,,2,8.78,,,,,,,,,,,,,,,,,,,,,,,,8.78,-,,,,,,,,,,,,,,,,,,,,,,,,,-,-,,,,,,,,,,,,,,,,,,,,,,,,,
,04-22-2015,07:13:12, Lane 1 ,Fwd,FF,,299,2,52,,2,8.98,,,,,,,,,,,,,,,,,,,,,,,,8.98,-,,,,,,,,,,,,,,,,,,,,,,,,,-,-,,,,,,,,,,,,,,,,,,,,,,,,,
,04-22-2015,07:13:14, Lane 1 ,Fwd,FF,,300,3,53,,2,10.45,,,,,,,,,,,,,,,,,,,,,,,,10.45,-,,,,,,,,,,,,,,,,,,,,,,,,,-,-,,,,,,,,,,,,,,,,,,,,,,,,,
,04-22-2015,07:13:16, Lane 1 ,Fwd,FF,,301,2,55,,2,8.54,,,,,,,,,,,,,,,,,,,,,,,,8.54,-,,,,,,,,,,,,,,,,,,,,,,,,,-,-,,,,,,,,,,,,,,,,,,,,,,,,,
,04-22-2015,07:13:18, Lane 1 ,Fwd,FF,,302,1,54,,2,5.17,,,,,,,,,,,,,,,,,,,,,,,,5.17,-,,,,,,,,,,,,,,,,,,,,,,,,,-,-,,,,,,,,,,,,,,,,,,,,,,,,,
,04-22-2015,07:13:19, Lane 1 ,Fwd,FF,,303,2,54,,2,8.79,,,,,,,,,,,,,,,,,,,,,,,,8.79,-,,,,,,,,,,,,,,,,,,,,,,,,,-,-,,,,,,,,,,,,,,,,,,,,,,,,,
,04-22-2015,07:13:20, Lane 1 ,Fwd,FF,,304,2,54,,2,9.24,,,,,,,,,,,,,,,,,,,,,,,,9.24,-,,,,,,,,,,,,,,,,,,,,,,,,,-,-,,,,,,,,,,,,,,,,,,,,,,,,,
,04-22-2015,07:13:22, Lane 1 ,Fwd,FF,,305,2,53,,2,9.15,,,,,,,,,,,,,,,,,,,,,,,,9.15,-,,,,,,,,,,,,,,,,,,,,,,,,,-,-,,,,,,,,,,,,,,,,,,,,,,,,,
,04-22-2015,07:13:25, Lane 1 ,Fwd,FF,,306,3,54,,3,11.69,13.25,,,,,,,,,,,,,,,,,,,,,,,24.94,-,,,,,,,,,,,,,,,,,,,,,,,,,-,-,,,,,,,,,,,,,,,,,,,,,,,,,
,04-22-2015,07:13:27, Lane 1 ,Fwd,FF,,307,2,52,,2,8.89,,,,,,,,,,,,,,,,,,,,,,,,8.89,-,,,,,,,,,,,,,,,,,,,,,,,,,-,-,,,,,,,,,,,,,,,,,,,,,,,,,
,04-22-2015,07:13:30, Lane 1 ,Fwd,FF,,308,2,53,,2,8.36,,,,,,,,,,,,,,,,,,,,,,,,8.36,-,,,,,,,,,,,,,,,,,,,,,,,,,-,-,,,,,,,,,,,,,,,,,,,,,,,,,
,04-22-2015,07:13:32, Lane 1 ,Fwd,FF,,309,2,52,,2,8.76,,,,,,,,,,,,,,,,,,,,,,,,8.76,-,,,,,,,,,,,,,,,,,,,,,,,,,-,-,,,,,,,,,,,,,,,,,,,,,,,,,
,04-22-2015,07:13:34, Lane 1 ,Fwd,FF,,310,2,48,,2,8.97,,,,,,,,,,,,,,,,,,,,,,,,8.97,-,,,,,,,,,,,,,,,,,,,,,,,,,-,-,,,,,,,,,,,,,,,,,,,,,,,,,
,04-22-2015,07:13:36, Lane 1 ,Fwd,FF,,311,2,50,,2,8.95,,,,,,,,,,,,,,,,,,,,,,,,8.95,-,,,,,,,,,,,,,,,,,,,,,,,,,-,-,,,,,,,,,,,,,,,,,,,,,,,,,
,04-22-2015,07:13:39, Lane 1 ,Fwd,FF,,312,2,54,,2,8.94,,,,,,,,,,,,,,,,,,,,,,,,8.94,-,,,,,,,,,,,,,,,,,,,,,,,,,-,-,,,,,,,,,,,,,,,,,,,,,,,,,
,04-22-2015,07:13:40, Lane 1 ,Fwd,FF,,313,2,54,,2,9.16,,,,,,,,,,,,,,,,,,,,,,,,9.16,-,,,,,,,,,,,,,,,,,,,,,,,,,-,-,,,,,,,,,,,,,,,,,,,,,,,,,
,04-22-2015,07:13:44, Lane 1 ,Fwd,FF,,314,2,49,,2,8.69,,,,,,,,,,,,,,,,,,,,,,,,8.69,-,,,,,,,,,,,,,,,,,,,,,,,,,-,-,,,,,,,,,,,,,,,,,,,,,,,,,
,04-22-2015,07:13:46, Lane 1 ,Fwd,FF,,315,2,49,,2,8.75,,,,,,,,,,,,,,,,,,,,,,,,8.75,-,,,,,,,,,,,,,,,,,,,,,,,,,-,-,,,,,,,,,,,,,,,,,,,,,,,,,
,04-22-2015,07:13:47, Lane 1 ,Fwd,FF,,316,2,50,,2,8.51,,,,,,,,,,,,,,,,,,,,,,,,8.51,-,,,,,,,,,,,,,,,,,,,,,,,,,-,-,,,,,,,,,,,,,,,,,,,,,,,,,
,04-22-2015,07:13:50, Lane 1 ,Fwd,FF,,317,2,48,,2,8.97,,,,,,,,,,,,,,,,,,,,,,,,8.97,-,,,,,,,,,,,,,,,,,,,,,,,,,-,-,,,,,,,,,,,,,,,,,,,,,,,,,
,04-22-2015,07:13:51, Lane 1 ,Fwd,FF,,318,2,47,,2,8.81,,,,,,,,,,,,,,,,,,,,,,,,8.81,-,,,,,,,,,,,,,,,,,,,,,,,,,-,-,,,,,,,,,,,,,,,,,,,,,,,,,
,04-22-2015,07:13:52, Lane 1 ,Fwd,FF,,319,2,47,,2,8.32,,,,,,,,,,,,,,,,,,,,,,,,8.32,-,,,,,,,,,,,,,,,,,,,,,,,,,-,-,,,,,,,,,,,,,,,,,,,,,,,,,
,04-22-2015,07:13:54, Lane 1 ,Fwd,FF,,320,2,48,,2,9.18,,,,,,,,,,,,,,,,,,,,,,,,9.18,-,,,,,,,,,,,,,,,,,,,,,,,,,-,-,,,,,,,,,,,,,,,,,,,,,,,,,
,04-22-2015,07:13:55, Lane 1 ,Fwd,FF,,321,2,49,,2,9.13,,,,,,,,,,,,,,,,,,,,,,,,9.13,-,,,,,,,,,,,,,,,,,,,,,,,,,-,-,,,,,,,,,,,,,,,,,,,,,,,,,
,04-22-2015,07:13:57, Lane 1 ,Fwd,FF,,322,2,49,,2,9.43,,,,,,,,,,,,,,,,,,,,,,,,9.43,-,,,,,,,,,,,,,,,,,,,,,,,,,-,-,,,,,,,,,,,,,,,,,,,,,,,,,
,04-22-2015,07:13:59, Lane 1 ,Fwd,FF,,323,2,52,,2,8.66,,,,,,,,,,,,,,,,,,,,,,,,8.66,-,,,,,,,,,,,,,,,,,,,,,,,,,-,-,,,,,,,,,,,,,,,,,,,,,,,,,
,04-22-2015,07:14:01, Lane 1 ,Fwd,FF,,324,2,53,,2,8.54,,,,,,,,,,,,,,,,,,,,,,,,8.54,-,,,,,,,,,,,,,,,,,,,,,,,,,-,-,,,,,,,,,,,,,,,,,,,,,,,,,
,04-22-2015,07:14:03, Lane 1 ,Fwd,FF,,325,2,53,,2,8.52,,,,,,,,,,,,,,,,,,,,,,,,8.52,-,,,,,,,,,,,,,,,,,,,,,,,,,-,-,,,,,,,,,,,,,,,,,,,,,,,,,
,04-22-2015,07:14:06, Lane 1 ,Fwd,FF,,326,2,53,,2,8.65,,,,,,,,,,,,,,,,,,,,,,,,8.65,-,,,,,,,,,,,,,,,,,,,,,,,,,-,-,,,,,,,,,,,,,,,,,,,,,,,,,
,04-22-2015,07:14:07, Lane 1 ,Fwd,FF,,327,2,54,,2,8.55,,,,,,,,,,,,,,,,,,,,,,,,8.55,-,,,,,,,,,,,,,,,,,,,,,,,,,-,-,,,,,,,,,,,,,,,,,,,,,,,,,
,04-22-2015,07:14:09, Lane 1 ,Fwd,FF,,328,2,50,,2,8.91,,,,,,,,,,,,,,,,,,,,,,,,8.91,-,,,,,,,,,,,,,,,,,,,,,,,,,-,-,,,,,,,,,,,,,,,,,,,,,,,,,
,04-22-2015,07:14:12, Lane 1 ,Fwd,FF,,329,2,53,,2,8.75,,,,,,,,,,,,,,,,,,,,,,,,8.75,-,,,,,,,,,,,,,,,,,,,,,,,,,-,-,,,,,,,,,,,,,,,,,,,,,,,,,
,04-22-2015,07:14:14, Lane 1 ,Fwd,FF,,330,2,54,,2,9.38,,,,,,,,,,,,,,,,,,,,,,,,9.38,-,,,,,,,,,,,,,,,,,,,,,,,,,-,-,,,,,,,,,,,,,,,,,,,,,,,,,
,04-22-2015,07:14:16, Lane 1 ,Fwd,FF,,331,2,58,,2,9.26,,,,,,,,,,,,,,,,,,,,,,,,9.26,-,,,,,,,,,,,,,,,,,,,,,,,,,-,-,,,,,,,,,,,,,,,,,,,,,,,,,
,04-22-2015,07:14:19, Lane 1 ,Fwd,FF,,332,2,53,,2,9.21,,,,,,,,,,,,,,,,,,,,,,,,9.21,-,,,,,,,,,,,,,,,,,,,,,,,,,-,-,,,,,,,,,,,,,,,,,,,,,,,,,
,04-22-2015,07:14:21, Lane 1 ,Fwd,FF,,333,2,54,,2,8.68,,,,,,,,,,,,,,,,,,,,,,,,8.68,-,,,,,,,,,,,,,,,,,,,,,,,,,-,-,,,,,,,,,,,,,,,,,,,,,,,,,
,04-22-2015,07:14:22, Lane 1 ,Fwd,FF,,334,2,52,,2,8.96,,,,,,,,,,,,,,,,,,,,,,,,8.96,-,,,,,,,,,,,,,,,,,,,,,,,,,-,-,,,,,,,,,,,,,,,,,,,,,,,,,
,04-22-2015,07:14:30, Lane 1 ,Fwd,FF,,335,3,57,,2,11.83,,,,,,,,,,,,,,,,,,,,,,,,11.83,-,,,,,,,,,,,,,,,,,,,,,,,,,-,-,,,,,,,,,,,,,,,,,,,,,,,,,
,04-22-2015,07:14:40, Lane 1 ,Fwd,FF,,336,2,56,,2,8.30,,,,,,,,,,,,,,,,,,,,,,,,8.30,-,,,,,,,,,,,,,,,,,,,,,,,,,-,-,,,,,,,,,,,,,,,,,,,,,,,,,
,04-22-2015,07:14:41, Lane 1 ,Fwd,FF,,337,2,56,,2,8.85,,,,,,,,,,,,,,,,,,,,,,,,8.85,-,,,,,,,,,,,,,,,,,,,,,,,,,-,-,,,,,,,,,,,,,,,,,,,,,,,,,
,04-22-2015,07:14:50, Lane 1 ,Fwd,FF,,338,2,59,,2,9.48,,,,,,,,,,,,,,,,,,,,,,,,9.48,-,,,,,,,,,,,,,,,,,,,,,,,,,-,-,,,,,,,,,,,,,,,,,,,,,,,,,
,04-22-2015,07:14:52, Lane 1 ,Fwd,FF,,339,2,56,,2,8.65,,,,,,,,,,,,,,,,,,,,,,,,8.65,-,,,,,,,,,,,,,,,,,,,,,,,,,-,-,,,,,,,,,,,,,,,,,,,,,,,,,
,04-22-2015,07:14:55, Lane 1 ,Fwd,FF,,340,2,56,,2,8.39,,,,,,,,,,,,,,,,,,,,,,,,8.39,-,,,,,,,,,,,,,,,,,,,,,,,,,-,-,,,,,,,,,,,,,,,,,,,,,,,,,
,04-22-2015,07:14:56, Lane 1 ,Fwd,FF,,341,2,59,,2,8.46,,,,,,,,,,,,,,,,,,,,,,,,8.46,-,,,,,,,,,,,,,,,,,,,,,,,,,-,-,,,,,,,,,,,,,,,,,,,,,,,,,
,04-22-2015,07:14:58, Lane 1 ,Fwd,FF,,342,2,61,,2,9.25,,,,,,,,,,,,,,,,,,,,,,,,9.25,-,,,,,,,,,,,,,,,,,,,,,,,,,-,-,,,,,,,,,,,,,,,,,,,,,,,,,
,04-22-2015,07:15:01, Lane 1 ,Fwd,FF,,343,2,60,,2,9.27,,,,,,,,,,,,,,,,,,,,,,,,9.27,-,,,,,,,,,,,,,,,,,,,,,,,,,-,-,,,,,,,,,,,,,,,,,,,,,,,,,
,04-22-2015,07:15:04, Lane 1 ,Fwd,FF,,344,2,58,,2,9.36,,,,,,,,,,,,,,,,,,,,,,,,9.36,-,,,,,,,,,,,,,,,,,,,,,,,,,-,-,,,,,,,,,,,,,,,,,,,,,,,,,
,04-22-2015,07:15:05, Lane 1 ,Fwd,FF,,345,2,57,,2,8.84,,,,,,,,,,,,,,,,,,,,,,,,8.84,-,,,,,,,,,,,,,,,,,,,,,,,,,-,-,,,,,,,,,,,,,,,,,,,,,,,,,
,04-22-2015,07:15:07, Lane 1 ,Fwd,FF,,346,3,60,,2,11.47,,,,,,,,,,,,,,,,,,,,,,,,11.47,-,,,,,,,,,,,,,,,,,,,,,,,,,-,-,,,,,,,,,,,,,,,,,,,,,,,,,
,04-22-2015,07:15:10, Lane 1 ,Fwd,FF,,347,1,57,,2,5.12,,,,,,,,,,,,,,,,,,,,,,,,5.12,-,,,,,,,,,,,,,,,,,,,,,,,,,-,-,,,,,,,,,,,,,,,,,,,,,,,,,
,04-22-2015,07:15:13, Lane 1 ,Fwd,FF,,348,2,59,,2,8.89,,,,,,,,,,,,,,,,,,,,,,,,8.89,-,,,,,,,,,,,,,,,,,,,,,,,,,-,-,,,,,,,,,,,,,,,,,,,,,,,,,
,04-22-2015,07:15:16, Lane 1 ,Fwd,FF,,349,2,60,,2,8.38,,,,,,,,,,,,,,,,,,,,,,,,8.38,-,,,,,,,,,,,,,,,,,,,,,,,,,-,-,,,,,,,,,,,,,,,,,,,,,,,,,
,04-22-2015,07:15:20, Lane 1 ,Fwd,FF,,350,2,56,,2,8.03,,,,,,,,,,,,,,,,,,,,,,,,8.03,-,,,,,,,,,,,,,,,,,,,,,,,,,-,-,,,,,,,,,,,,,,,,,,,,,,,,,
,04-22-2015,07:15:22, Lane 1 ,Fwd,FF,,351,2,56,,2,8.61,,,,,,,,,,,,,,,,,,,,,,,,8.61,-,,,,,,,,,,,,,,,,,,,,,,,,,-,-,,,,,,,,,,,,,,,,,,,,,,,,,
,04-22-2015,07:15:23, Lane 1 ,Fwd,FF,,352,2,56,,2,8.74,,,,,,,,,,,,,,,,,,,,,,,,8.74,-,,,,,,,,,,,,,,,,,,,,,,,,,-,-,,,,,,,,,,,,,,,,,,,,,,,,,
,04-22-2015,07:15:25, Lane 1 ,Fwd,FF,,353,2,58,,2,9.09,,,,,,,,,,,,,,,,,,,,,,,,9.09,-,,,,,,,,,,,,,,,,,,,,,,,,,-,-,,,,,,,,,,,,,,,,,,,,,,,,,
,04-22-2015,07:15:26, Lane 1 ,Fwd,FF,,354,2,58,,2,7.92,,,,,,,,,,,,,,,,,,,,,,,,7.92,-,,,,,,,,,,,,,,,,,,,,,,,,,-,-,,,,,,,,,,,,,,,,,,,,,,,,,
,04-22-2015,07:15:33, Lane 1 ,Fwd,FF,,355,2,55,,2,9.75,,,,,,,,,,,,,,,,,,,,,,,,9.75,-,,,,,,,,,,,,,,,,,,,,,,,,,-,-,,,,,,,,,,,,,,,,,,,,,,,,,
,04-22-2015,07:15:37, Lane 1 ,Fwd,FF,,356,2,63,,2,8.93,,,,,,,,,,,,,,,,,,,,,,,,8.93,-,,,,,,,,,,,,,,,,,,,,,,,,,-,-,,,,,,,,,,,,,,,,,,,,,,,,,
,04-22-2015,07:15:40, Lane 1 ,Fwd,FF,,357,2,58,,2,8.60,,,,,,,,,,,,,,,,,,,,,,,,8.60,-,,,,,,,,,,,,,,,,,,,,,,,,,-,-,,,,,,,,,,,,,,,,,,,,,,,,,
,04-22-2015,07:15:41, Lane 1 ,Fwd,FF,,358,2,55,,2,8.64,,,,,,,,,,,,,,,,,,,,,,,,8.64,-,,,,,,,,,,,,,,,,,,,,,,,,,-,-,,,,,,,,,,,,,,,,,,,,,,,,,
,04-22-2015,07:15:43, Lane 1 ,Fwd,FF,,359,2,54,,2,8.90,,,,,,,,,,,,,,,,,,,,,,,,8.90,-,,,,,,,,,,,,,,,,,,,,,,,,,-,-,,,,,,,,,,,,,,,,,,,,,,,,,
,04-22-2015,07:15:45, Lane 1 ,Fwd,FF,,360,2,56,,2,8.74,,,,,,,,,,,,,,,,,,,,,,,,8.74,-,,,,,,,,,,,,,,,,,,,,,,,,,-,-,,,,,,,,,,,,,,,,,,,,,,,,,
,04-22-2015,07:15:48, Lane 1 ,Fwd,FF,,361,2,56,,2,8.47,,,,,,,,,,,,,,,,,,,,,,,,8.47,-,,,,,,,,,,,,,,,,,,,,,,,,,-,-,,,,,,,,,,,,,,,,,,,,,,,,,
,04-22-2015,07:15:51, Lane 1 ,Fwd,FF,,362,2,53,,2,8.52,,,,,,,,,,,,,,,,,,,,,,,,8.52,-,,,,,,,,,,,,,,,,,,,,,,,,,-,-,,,,,,,,,,,,,,,,,,,,,,,,,
,04-22-2015,07:15:52, Lane 1 ,Fwd,FF,,363,3,54,,2,11.76,,,,,,,,,,,,,,,,,,,,,,,,11.76,-,,,,,,,,,,,,,,,,,,,,,,,,,-,-,,,,,,,,,,,,,,,,,,,,,,,,,
,04-22-2015,07:15:55, Lane 1 ,Fwd,FF,,364,3,52,,2,10.57,,,,,,,,,,,,,,,,,,,,,,,,10.57,-,,,,,,,,,,,,,,,,,,,,,,,,,-,-,,,,,,,,,,,,,,,,,,,,,,,,,
,04-22-2015,07:15:56, Lane 1 ,Fwd,FF,,365,2,52,,2,8.38,,,,,,,,,,,,,,,,,,,,,,,,8.38,-,,,,,,,,,,,,,,,,,,,,,,,,,-,-,,,,,,,,,,,,,,,,,,,,,,,,,
,04-22-2015,07:15:57, Lane 1 ,Fwd,FF,,366,2,52,,2,8.98,,,,,,,,,,,,,,,,,,,,,,,,8.98,-,,,,,,,,,,,,,,,,,,,,,,,,,-,-,,,,,,,,,,,,,,,,,,,,,,,,,
,04-22-2015,07:15:58, Lane 1 ,Fwd,FF,,367,2,54,,2,9.69,,,,,,,,,,,,,,,,,,,,,,,,9.69,-,,,,,,,,,,,,,,,,,,,,,,,,,-,-,,,,,,,,,,,,,,,,,,,,,,,,,
,04-22-2015,07:16:00, Lane 1 ,Fwd,FF,,368,2,56,,2,8.98,,,,,,,,,,,,,,,,,,,,,,,,8.98,-,,,,,,,,,,,,,,,,,,,,,,,,,-,-,,,,,,,,,,,,,,,,,,,,,,,,,
,04-22-2015,07:16:02, Lane 1 ,Fwd,FF,,369,2,57,,2,8.17,,,,,,,,,,,,,,,,,,,,,,,,8.17,-,,,,,,,,,,,,,,,,,,,,,,,,,-,-,,,,,,,,,,,,,,,,,,,,,,,,,
,04-22-2015,07:16:05, Lane 1 ,Fwd,FF,,370,2,53,,2,9.77,,,,,,,,,,,,,,,,,,,,,,,,9.77,-,,,,,,,,,,,,,,,,,,,,,,,,,-,-,,,,,,,,,,,,,,,,,,,,,,,,,
,04-22-2015,07:16:12, Lane 1 ,Fwd,FF,,371,2,47,,2,9.19,,,,,,,,,,,,,,,,,,,,,,,,9.19,-,,,,,,,,,,,,,,,,,,,,,,,,,-,-,,,,,,,,,,,,,,,,,,,,,,,,,
,04-22-2015,07:16:13, Lane 1 ,Fwd,FF,,372,2,47,,2,9.31,,,,,,,,,,,,,,,,,,,,,,,,9.31,-,,,,,,,,,,,,,,,,,,,,,,,,,-,-,,,,,,,,,,,,,,,,,,,,,,,,,
,04-22-2015,07:16:14, Lane 1 ,Fwd,FF,,373,2,47,,2,8.55,,,,,,,,,,,,,,,,,,,,,,,,8.55,-,,,,,,,,,,,,,,,,,,,,,,,,,-,-,,,,,,,,,,,,,,,,,,,,,,,,,
,04-22-2015,07:16:16, Lane 1 ,Fwd,FF,,374,2,45,,2,8.29,,,,,,,,,,,,,,,,,,,,,,,,8.29,-,,,,,,,,,,,,,,,,,,,,,,,,,-,-,,,,,,,,,,,,,,,,,,,,,,,,,
,04-22-2015,07:16:17, Lane 1 ,Fwd,FF,,375,2,45,,2,8.74,,,,,,,,,,,,,,,,,,,,,,,,8.74,-,,,,,,,,,,,,,,,,,,,,,,,,,-,-,,,,,,,,,,,,,,,,,,,,,,,,,
,04-22-2015,07:16:19, Lane 1 ,Fwd,FF,,376,2,52,,2,8.98,,,,,,,,,,,,,,,,,,,,,,,,8.98,-,,,,,,,,,,,,,,,,,,,,,,,,,-,-,,,,,,,,,,,,,,,,,,,,,,,,,
,04-22-2015,07:16:22, Lane 1 ,Fwd,FF,,377,2,52,,2,8.87,,,,,,,,,,,,,,,,,,,,,,,,8.87,-,,,,,,,,,,,,,,,,,,,,,,,,,-,-,,,,,,,,,,,,,,,,,,,,,,,,,
,04-22-2015,07:16:24, Lane 1 ,Fwd,FF,,378,2,52,,2,8.68,,,,,,,,,,,,,,,,,,,,,,,,8.68,-,,,,,,,,,,,,,,,,,,,,,,,,,-,-,,,,,,,,,,,,,,,,,,,,,,,,,
,04-22-2015,07:16:25, Lane 1 ,Fwd,FF,,379,3,52,,2,11.54,,,,,,,,,,,,,,,,,,,,,,,,11.54,-,,,,,,,,,,,,,,,,,,,,,,,,,-,-,,,,,,,,,,,,,,,,,,,,,,,,,
,04-22-2015,07:16:27, Lane 1 ,Fwd,FF,,380,2,52,,2,9.21,,,,,,,,,,,,,,,,,,,,,,,,9.21,-,,,,,,,,,,,,,,,,,,,,,,,,,-,-,,,,,,,,,,,,,,,,,,,,,,,,,
,04-22-2015,07:16:28, Lane 1 ,Fwd,FF,,381,2,51,,2,8.87,,,,,,,,,,,,,,,,,,,,,,,,8.87,-,,,,,,,,,,,,,,,,,,,,,,,,,-,-,,,,,,,,,,,,,,,,,,,,,,,,,
,04-22-2015,07:16:31, Lane 1 ,Fwd,FF,,382,2,52,,2,8.71,,,,,,,,,,,,,,,,,,,,,,,,8.71,-,,,,,,,,,,,,,,,,,,,,,,,,,-,-,,,,,,,,,,,,,,,,,,,,,,,,,
,04-22-2015,07:16:32, Lane 1 ,Fwd,FF,,383,2,54,,2,9.02,,,,,,,,,,,,,,,,,,,,,,,,9.02,-,,,,,,,,,,,,,,,,,,,,,,,,,-,-,,,,,,,,,,,,,,,,,,,,,,,,,
,04-22-2015,07:16:37, Lane 1 ,Fwd,FF,,384,2,47,,2,8.57,,,,,,,,,,,,,,,,,,,,,,,,8.57,-,,,,,,,,,,,,,,,,,,,,,,,,,-,-,,,,,,,,,,,,,,,,,,,,,,,,,
,04-22-2015,07:16:38, Lane 1 ,Fwd,FF,,385,3,49,,2,11.72,,,,,,,,,,,,,,,,,,,,,,,,11.72,-,,,,,,,,,,,,,,,,,,,,,,,,,-,-,,,,,,,,,,,,,,,,,,,,,,,,,
,04-22-2015,07:16:41, Lane 1 ,Fwd,FF,,386,2,49,,2,8.77,,,,,,,,,,,,,,,,,,,,,,,,8.77,-,,,,,,,,,,,,,,,,,,,,,,,,,-,-,,,,,,,,,,,,,,,,,,,,,,,,,
,04-22-2015,07:16:43, Lane 1 ,Fwd,FF,,387,2,49,,2,8.93,,,,,,,,,,,,,,,,,,,,,,,,8.93,-,,,,,,,,,,,,,,,,,,,,,,,,,-,-,,,,,,,,,,,,,,,,,,,,,,,,,
,04-22-2015,07:16:45, Lane 1 ,Fwd,FF,,388,2,48,,2,8.83,,,,,,,,,,,,,,,,,,,,,,,,8.83,-,,,,,,,,,,,,,,,,,,,,,,,,,-,-,,,,,,,,,,,,,,,,,,,,,,,,,
,04-22-2015,07:16:48, Lane 1 ,Fwd,FF,,389,2,51,,2,8.44,,,,,,,,,,,,,,,,,,,,,,,,8.44,-,,,,,,,,,,,,,,,,,,,,,,,,,-,-,,,,,,,,,,,,,,,,,,,,,,,,,
,04-22-2015,07:16:49, Lane 1 ,Fwd,FF,,390,2,52,,2,8.45,,,,,,,,,,,,,,,,,,,,,,,,8.45,-,,,,,,,,,,,,,,,,,,,,,,,,,-,-,,,,,,,,,,,,,,,,,,,,,,,,,
,04-22-2015,07:16:50, Lane 1 ,Fwd,FF,,391,2,52,,2,8.51,,,,,,,,,,,,,,,,,,,,,,,,8.51,-,,,,,,,,,,,,,,,,,,,,,,,,,-,-,,,,,,,,,,,,,,,,,,,,,,,,,
,04-22-2015,07:16:51, Lane 1 ,Fwd,FF,,392,5,54,,2,14.13,,,,,,,,,,,,,,,,,,,,,,,,14.13,-,,,,,,,,,,,,,,,,,,,,,,,,,-,-,,,,,,,,,,,,,,,,,,,,,,,,,
,04-22-2015,07:16:54, Lane 1 ,Fwd,FF,,393,2,55,,2,8.88,,,,,,,,,,,,,,,,,,,,,,,,8.88,-,,,,,,,,,,,,,,,,,,,,,,,,,-,-,,,,,,,,,,,,,,,,,,,,,,,,,
,04-22-2015,07:16:57, Lane 1 ,Fwd,FF,,394,2,48,,2,8.73,,,,,,,,,,,,,,,,,,,,,,,,8.73,-,,,,,,,,,,,,,,,,,,,,,,,,,-,-,,,,,,,,,,,,,,,,,,,,,,,,,
,04-22-2015,07:17:00, Lane 1 ,Fwd,FF,,395,2,47,,2,8.52,,,,,,,,,,,,,,,,,,,,,,,,8.52,-,,,,,,,,,,,,,,,,,,,,,,,,,-,-,,,,,,,,,,,,,,,,,,,,,,,,,
,04-22-2015,07:17:02, Lane 1 ,Fwd,FF,,396,2,51,,2,8.70,,,,,,,,,,,,,,,,,,,,,,,,8.70,-,,,,,,,,,,,,,,,,,,,,,,,,,-,-,,,,,,,,,,,,,,,,,,,,,,,,,
,04-22-2015,07:17:04, Lane 1 ,Fwd,FF,,397,2,53,,2,8.77,,,,,,,,,,,,,,,,,,,,,,,,8.77,-,,,,,,,,,,,,,,,,,,,,,,,,,-,-,,,,,,,,,,,,,,,,,,,,,,,,,
,04-22-2015,07:17:05, Lane 1 ,Fwd,FF,,398,2,50,,2,8.84,,,,,,,,,,,,,,,,,,,,,,,,8.84,-,,,,,,,,,,,,,,,,,,,,,,,,,-,-,,,,,,,,,,,,,,,,,,,,,,,,,
,04-22-2015,07:17:07, Lane 1 ,Fwd,FF,,399,2,51,,2,8.93,,,,,,,,,,,,,,,,,,,,,,,,8.93,-,,,,,,,,,,,,,,,,,,,,,,,,,-,-,,,,,,,,,,,,,,,,,,,,,,,,,
,04-22-2015,07:17:08, Lane 1 ,Fwd,FF,,400,2,51,,2,9.11,,,,,,,,,,,,,,,,,,,,,,,,9.11,-,,,,,,,,,,,,,,,,,,,,,,,,,-,-,,,,,,,,,,,,,,,,,,,,,,,,,
,04-22-2015,07:17:12, Lane 1 ,Fwd,FF,,401,2,44,,2,9.02,,,,,,,,,,,,,,,,,,,,,,,,9.02,-,,,,,,,,,,,,,,,,,,,,,,,,,-,-,,,,,,,,,,,,,,,,,,,,,,,,,
,04-22-2015,07:17:15, Lane 1 ,Fwd,FF,,402,2,45,,2,8.75,,,,,,,,,,,,,,,,,,,,,,,,8.75,-,,,,,,,,,,,,,,,,,,,,,,,,,-,-,,,,,,,,,,,,,,,,,,,,,,,,,
,04-22-2015,07:17:16, Lane 1 ,Fwd,FF,,403,3,43,,2,12.83,,,,,,,,,,,,,,,,,,,,,,,,12.83,-,,,,,,,,,,,,,,,,,,,,,,,,,-,-,,,,,,,,,,,,,,,,,,,,,,,,,
,04-22-2015,07:17:17, Lane 1 ,Fwd,FF,,404,2,42,,2,7.53,,,,,,,,,,,,,,,,,,,,,,,,7.53,-,,,,,,,,,,,,,,,,,,,,,,,,,-,-,,,,,,,,,,,,,,,,,,,,,,,,,
,04-22-2015,07:17:18, Lane 1 ,Fwd,FF,,405,2,43,,2,8.63,,,,,,,,,,,,,,,,,,,,,,,,8.63,-,,,,,,,,,,,,,,,,,,,,,,,,,-,-,,,,,,,,,,,,,,,,,,,,,,,,,
,04-22-2015,07:17:24, Lane 1 ,Fwd,FF,,406,3,53,,2,10.60,,,,,,,,,,,,,,,,,,,,,,,,10.60,-,,,,,,,,,,,,,,,,,,,,,,,,,-,-,,,,,,,,,,,,,,,,,,,,,,,,,
,04-22-2015,07:17:38, Lane 1 ,Fwd,FF,,407,4,44,,2,20.65,,,,,,,,,,,,,,,,,,,,,,,,20.65,-,,,,,,,,,,,,,,,,,,,,,,,,,-,-,,,,,,,,,,,,,,,,,,,,,,,,,
,04-22-2015,07:17:40, Lane 1 ,Fwd,FF,,408,3,39,,2,11.77,,,,,,,,,,,,,,,,,,,,,,,,11.77,-,,,,,,,,,,,,,,,,,,,,,,,,,-,-,,,,,,,,,,,,,,,,,,,,,,,,,
,04-22-2015,07:17:42, Lane 1 ,Fwd,FF,,409,2,40,,2,8.91,,,,,,,,,,,,,,,,,,,,,,,,8.91,-,,,,,,,,,,,,,,,,,,,,,,,,,-,-,,,,,,,,,,,,,,,,,,,,,,,,,
,04-22-2015,07:17:43, Lane 1 ,Fwd,FF,,410,2,39,,2,9.20,,,,,,,,,,,,,,,,,,,,,,,,9.20,-,,,,,,,,,,,,,,,,,,,,,,,,,-,-,,,,,,,,,,,,,,,,,,,,,,,,,
,04-22-2015,07:17:44, Lane 1 ,Fwd,FF,,411,2,38,,2,8.79,,,,,,,,,,,,,,,,,,,,,,,,8.79,-,,,,,,,,,,,,,,,,,,,,,,,,,-,-,,,,,,,,,,,,,,,,,,,,,,,,,
,04-22-2015,07:17:46, Lane 1 ,Fwd,FF,,412,2,39,,2,8.93,,,,,,,,,,,,,,,,,,,,,,,,8.93,-,,,,,,,,,,,,,,,,,,,,,,,,,-,-,,,,,,,,,,,,,,,,,,,,,,,,,
,04-22-2015,07:17:48, Lane 1 ,Fwd,FF,,413,3,41,,2,10.27,,,,,,,,,,,,,,,,,,,,,,,,10.27,-,,,,,,,,,,,,,,,,,,,,,,,,,-,-,,,,,,,,,,,,,,,,,,,,,,,,,
,04-22-2015,07:17:50, Lane 1 ,Fwd,FF,,414,2,40,,2,8.72,,,,,,,,,,,,,,,,,,,,,,,,8.72,-,,,,,,,,,,,,,,,,,,,,,,,,,-,-,,,,,,,,,,,,,,,,,,,,,,,,,
,04-22-2015,07:17:54, Lane 1 ,Fwd,FF,,415,2,44,,2,9.47,,,,,,,,,,,,,,,,,,,,,,,,9.47,-,,,,,,,,,,,,,,,,,,,,,,,,,-,-,,,,,,,,,,,,,,,,,,,,,,,,,
,04-22-2015,07:17:55, Lane 1 ,Fwd,FF,,416,2,44,,2,9.86,,,,,,,,,,,,,,,,,,,,,,,,9.86,-,,,,,,,,,,,,,,,,,,,,,,,,,-,-,,,,,,,,,,,,,,,,,,,,,,,,,
,04-22-2015,07:17:57, Lane 1 ,Fwd,FF,,417,2,45,,2,8.72,,,,,,,,,,,,,,,,,,,,,,,,8.72,-,,,,,,,,,,,,,,,,,,,,,,,,,-,-,,,,,,,,,,,,,,,,,,,,,,,,,
,04-22-2015,07:17:58, Lane 1 ,Fwd,FF,,418,2,46,,2,9.32,,,,,,,,,,,,,,,,,,,,,,,,9.32,-,,,,,,,,,,,,,,,,,,,,,,,,,-,-,,,,,,,,,,,,,,,,,,,,,,,,,
,04-22-2015,07:18:00, Lane 1 ,Fwd,FF,,419,2,44,,2,9.13,,,,,,,,,,,,,,,,,,,,,,,,9.13,-,,,,,,,,,,,,,,,,,,,,,,,,,-,-,,,,,,,,,,,,,,,,,,,,,,,,,
,04-22-2015,07:18:03, Lane 1 ,Fwd,FF,,420,8,41,,3,9.40,18.19,,,,,,,,,,,,,,,,,,,,,,,27.59,-,,,,,,,,,,,,,,,,,,,,,,,,,-,-,,,,,,,,,,,,,,,,,,,,,,,,,
,04-22-2015,07:18:06, Lane 1 ,Fwd,FF,,421,2,42,,2,8.69,,,,,,,,,,,,,,,,,,,,,,,,8.69,-,,,,,,,,,,,,,,,,,,,,,,,,,-,-,,,,,,,,,,,,,,,,,,,,,,,,,
,04-22-2015,07:18:08, Lane 1 ,Fwd,FF,,422,2,42,,2,8.94,,,,,,,,,,,,,,,,,,,,,,,,8.94,-,,,,,,,,,,,,,,,,,,,,,,,,,-,-,,,,,,,,,,,,,,,,,,,,,,,,,
,04-22-2015,07:18:09, Lane 1 ,Fwd,FF,,423,2,40,,2,9.13,,,,,,,,,,,,,,,,,,,,,,,,9.13,-,,,,,,,,,,,,,,,,,,,,,,,,,-,-,,,,,,,,,,,,,,,,,,,,,,,,,
,04-22-2015,07:18:11, Lane 1 ,Fwd,FF,,424,3,37,,2,11.84,,,,,,,,,,,,,,,,,,,,,,,,11.84,-,,,,,,,,,,,,,,,,,,,,,,,,,-,-,,,,,,,,,,,,,,,,,,,,,,,,,
,04-22-2015,07:18:13, Lane 1 ,Fwd,FF,,425,2,36,,2,8.47,,,,,,,,,,,,,,,,,,,,,,,,8.47,-,,,,,,,,,,,,,,,,,,,,,,,,,-,-,,,,,,,,,,,,,,,,,,,,,,,,,
,04-22-2015,07:18:15, Lane 1 ,Fwd,FF,,426,2,36,,2,8.59,,,,,,,,,,,,,,,,,,,,,,,,8.59,-,,,,,,,,,,,,,,,,,,,,,,,,,-,-,,,,,,,,,,,,,,,,,,,,,,,,,
,04-22-2015,07:18:17, Lane 1 ,Fwd,FF,,427,2,36,,2,9.92,,,,,,,,,,,,,,,,,,,,,,,,9.92,-,,,,,,,,,,,,,,,,,,,,,,,,,-,-,,,,,,,,,,,,,,,,,,,,,,,,,
,04-22-2015,07:18:19, Lane 1 ,Fwd,FF,,428,2,35,,2,9.04,,,,,,,,,,,,,,,,,,,,,,,,9.04,-,,,,,,,,,,,,,,,,,,,,,,,,,-,-,,,,,,,,,,,,,,,,,,,,,,,,,
,04-22-2015,07:18:21, Lane 1 ,Fwd,FF,,429,3,36,,2,11.74,,,,,,,,,,,,,,,,,,,,,,,,11.74,-,,,,,,,,,,,,,,,,,,,,,,,,,-,-,,,,,,,,,,,,,,,,,,,,,,,,,
,04-22-2015,07:18:25, Lane 1 ,Fwd,FF,,430,2,35,,2,9.00,,,,,,,,,,,,,,,,,,,,,,,,9.00,-,,,,,,,,,,,,,,,,,,,,,,,,,-,-,,,,,,,,,,,,,,,,,,,,,,,,,
,04-22-2015,07:18:27, Lane 1 ,Fwd,FF,,431,2,35,,2,8.60,,,,,,,,,,,,,,,,,,,,,,,,8.60,-,,,,,,,,,,,,,,,,,,,,,,,,,-,-,,,,,,,,,,,,,,,,,,,,,,,,,
,04-22-2015,07:18:28, Lane 1 ,Fwd,FF,,432,2,34,,2,8.12,,,,,,,,,,,,,,,,,,,,,,,,8.12,-,,,,,,,,,,,,,,,,,,,,,,,,,-,-,,,,,,,,,,,,,,,,,,,,,,,,,
,04-22-2015,07:18:30, Lane 1 ,Fwd,FF,,433,2,32,,2,8.91,,,,,,,,,,,,,,,,,,,,,,,,8.91,-,,,,,,,,,,,,,,,,,,,,,,,,,-,-,,,,,,,,,,,,,,,,,,,,,,,,,
,04-22-2015,07:18:34, Lane 1 ,Fwd,FF,,434,2,30,,2,8.06,,,,,,,,,,,,,,,,,,,,,,,,8.06,-,,,,,,,,,,,,,,,,,,,,,,,,,-,-,,,,,,,,,,,,,,,,,,,,,,,,,
,04-22-2015,07:18:39, Lane 1 ,Fwd,FF,,435,2,27,,2,8.77,,,,,,,,,,,,,,,,,,,,,,,,8.77,-,,,,,,,,,,,,,,,,,,,,,,,,,-,-,,,,,,,,,,,,,,,,,,,,,,,,,
,04-22-2015,07:18:41, Lane 1 ,Fwd,FF,,436,2,27,,2,9.16,,,,,,,,,,,,,,,,,,,,,,,,9.16,-,,,,,,,,,,,,,,,,,,,,,,,,,-,-,,,,,,,,,,,,,,,,,,,,,,,,,
,04-22-2015,07:18:44, Lane 1 ,Fwd,FF,,437,2,27,,2,8.93,,,,,,,,,,,,,,,,,,,,,,,,8.93,-,,,,,,,,,,,,,,,,,,,,,,,,,-,-,,,,,,,,,,,,,,,,,,,,,,,,,
,04-22-2015,07:18:46, Lane 1 ,Fwd,FF,,438,2,25,,2,8.47,,,,,,,,,,,,,,,,,,,,,,,,8.47,-,,,,,,,,,,,,,,,,,,,,,,,,,-,-,,,,,,,,,,,,,,,,,,,,,,,,,
,04-22-2015,07:18:49, Lane 1 ,Fwd,FF,,439,2,35,,2,8.90,,,,,,,,,,,,,,,,,,,,,,,,8.90,-,,,,,,,,,,,,,,,,,,,,,,,,,-,-,,,,,,,,,,,,,,,,,,,,,,,,,
,04-22-2015,07:18:55, Lane 1 ,Fwd,FF,,440,2,33,,2,9.71,,,,,,,,,,,,,,,,,,,,,,,,9.71,-,,,,,,,,,,,,,,,,,,,,,,,,,-,-,,,,,,,,,,,,,,,,,,,,,,,,,
,04-22-2015,07:19:00, Lane 1 ,Fwd,FF,,441,2,44,,2,8.99,,,,,,,,,,,,,,,,,,,,,,,,8.99,-,,,,,,,,,,,,,,,,,,,,,,,,,-,-,,,,,,,,,,,,,,,,,,,,,,,,,
,04-22-2015,07:19:24, Lane 1 ,Fwd,FF,,442,9,36,,5,12.16,4.09,10.14,4.30,,,,,,,,,,,,,,,,,,,,,30.69,-,,,,,,,,,,,,,,,,,,,,,,,,,-,-,,,,,,,,,,,,,,,,,,,,,,,,,
,04-22-2015,07:19:26, Lane 1 ,Fwd,FF,,443,2,35,,2,9.71,,,,,,,,,,,,,,,,,,,,,,,,9.71,-,,,,,,,,,,,,,,,,,,,,,,,,,-,-,,,,,,,,,,,,,,,,,,,,,,,,,
,04-22-2015,07:19:28, Lane 1 ,Fwd,FF,,444,2,35,,2,9.26,,,,,,,,,,,,,,,,,,,,,,,,9.26,-,,,,,,,,,,,,,,,,,,,,,,,,,-,-,,,,,,,,,,,,,,,,,,,,,,,,,
,04-22-2015,07:19:29, Lane 1 ,Fwd,FF,,445,3,33,,4,10.83,15.03,2.73,,,,,,,,,,,,,,,,,,,,,,28.59,-,,,,,,,,,,,,,,,,,,,,,,,,,-,-,,,,,,,,,,,,,,,,,,,,,,,,,
,04-22-2015,07:19:33, Lane 1 ,Fwd,FF,,446,2,35,,2,8.70,,,,,,,,,,,,,,,,,,,,,,,,8.70,-,,,,,,,,,,,,,,,,,,,,,,,,,-,-,,,,,,,,,,,,,,,,,,,,,,,,,
,04-22-2015,07:19:35, Lane 1 ,Fwd,FF,,447,2,36,,2,8.68,,,,,,,,,,,,,,,,,,,,,,,,8.68,-,,,,,,,,,,,,,,,,,,,,,,,,,-,-,,,,,,,,,,,,,,,,,,,,,,,,,
,04-22-2015,07:19:37, Lane 1 ,Fwd,FF,,448,2,37,,4,8.66,39.34,10.50,,,,,,,,,,,,,,,,,,,,,,58.50,-,,,,,,,,,,,,,,,,,,,,,,,,,-,-,,,,,,,,,,,,,,,,,,,,,,,,,
,04-22-2015,07:19:40, Lane 1 ,Fwd,FF,,449,2,39,,2,8.82,,,,,,,,,,,,,,,,,,,,,,,,8.82,-,,,,,,,,,,,,,,,,,,,,,,,,,-,-,,,,,,,,,,,,,,,,,,,,,,,,,
,04-22-2015,07:19:41, Lane 1 ,Fwd,FF,,450,2,37,,2,8.56,,,,,,,,,,,,,,,,,,,,,,,,8.56,-,,,,,,,,,,,,,,,,,,,,,,,,,-,-,,,,,,,,,,,,,,,,,,,,,,,,,
,04-22-2015,07:19:43, Lane 1 ,Fwd,FF,,451,2,35,,2,10.00,,,,,,,,,,,,,,,,,,,,,,,,10.00,-,,,,,,,,,,,,,,,,,,,,,,,,,-,-,,,,,,,,,,,,,,,,,,,,,,,,,
,04-22-2015,07:19:50, Lane 1 ,Fwd,FF,,452,2,43,,2,8.86,,,,,,,,,,,,,,,,,,,,,,,,8.86,-,,,,,,,,,,,,,,,,,,,,,,,,,-,-,,,,,,,,,,,,,,,,,,,,,,,,,
,04-22-2015,07:19:57, Lane 1 ,Fwd,FF,,453,2,49,,2,8.60,,,,,,,,,,,,,,,,,,,,,,,,8.60,-,,,,,,,,,,,,,,,,,,,,,,,,,-,-,,,,,,,,,,,,,,,,,,,,,,,,,
,04-22-2015,07:19:59, Lane 1 ,Fwd,FF,,454,2,45,,2,8.53,,,,,,,,,,,,,,,,,,,,,,,,8.53,-,,,,,,,,,,,,,,,,,,,,,,,,,-,-,,,,,,,,,,,,,,,,,,,,,,,,,
,04-22-2015,07:20:03, Lane 1 ,Fwd,FF,,455,2,41,,2,7.90,,,,,,,,,,,,,,,,,,,,,,,,7.90,-,,,,,,,,,,,,,,,,,,,,,,,,,-,-,,,,,,,,,,,,,,,,,,,,,,,,,
,04-22-2015,07:20:04, Lane 1 ,Fwd,FF,,456,2,42,,2,8.71,,,,,,,,,,,,,,,,,,,,,,,,8.71,-,,,,,,,,,,,,,,,,,,,,,,,,,-,-,,,,,,,,,,,,,,,,,,,,,,,,,
,04-22-2015,07:20:05, Lane 1 ,Fwd,FF,,457,2,40,,2,9.15,,,,,,,,,,,,,,,,,,,,,,,,9.15,-,,,,,,,,,,,,,,,,,,,,,,,,,-,-,,,,,,,,,,,,,,,,,,,,,,,,,
,04-22-2015,07:20:07, Lane 1 ,Fwd,FF,,458,2,39,,2,8.79,,,,,,,,,,,,,,,,,,,,,,,,8.79,-,,,,,,,,,,,,,,,,,,,,,,,,,-,-,,,,,,,,,,,,,,,,,,,,,,,,,
,04-22-2015,07:20:08, Lane 1 ,Fwd,FF,,459,2,38,,2,8.74,,,,,,,,,,,,,,,,,,,,,,,,8.74,-,,,,,,,,,,,,,,,,,,,,,,,,,-,-,,,,,,,,,,,,,,,,,,,,,,,,,
,04-22-2015,07:20:10, Lane 1 ,Fwd,FF,,460,2,38,,2,8.71,,,,,,,,,,,,,,,,,,,,,,,,8.71,-,,,,,,,,,,,,,,,,,,,,,,,,,-,-,,,,,,,,,,,,,,,,,,,,,,,,,
,04-22-2015,07:20:12, Lane 1 ,Fwd,FF,,461,3,39,,2,11.77,,,,,,,,,,,,,,,,,,,,,,,,11.77,-,,,,,,,,,,,,,,,,,,,,,,,,,-,-,,,,,,,,,,,,,,,,,,,,,,,,,
,04-22-2015,07:20:14, Lane 1 ,Fwd,FF,,462,2,38,,2,8.75,,,,,,,,,,,,,,,,,,,,,,,,8.75,-,,,,,,,,,,,,,,,,,,,,,,,,,-,-,,,,,,,,,,,,,,,,,,,,,,,,,
,04-22-2015,07:20:16, Lane 1 ,Fwd,FF,,463,2,36,,2,9.92,,,,,,,,,,,,,,,,,,,,,,,,9.92,-,,,,,,,,,,,,,,,,,,,,,,,,,-,-,,,,,,,,,,,,,,,,,,,,,,,,,
,04-22-2015,07:20:18, Lane 1 ,Fwd,FF,,464,2,38,,2,8.96,,,,,,,,,,,,,,,,,,,,,,,,8.96,-,,,,,,,,,,,,,,,,,,,,,,,,,-,-,,,,,,,,,,,,,,,,,,,,,,,,,
,04-22-2015,07:20:19, Lane 1 ,Fwd,FF,,465,2,36,,2,8.82,,,,,,,,,,,,,,,,,,,,,,,,8.82,-,,,,,,,,,,,,,,,,,,,,,,,,,-,-,,,,,,,,,,,,,,,,,,,,,,,,,
,04-22-2015,07:20:24, Lane 1 ,Fwd,FF,,466,2,37,,2,9.87,,,,,,,,,,,,,,,,,,,,,,,,9.87,-,,,,,,,,,,,,,,,,,,,,,,,,,-,-,,,,,,,,,,,,,,,,,,,,,,,,,
,04-22-2015,07:20:25, Lane 1 ,Fwd,FF,,467,2,36,,2,8.47,,,,,,,,,,,,,,,,,,,,,,,,8.47,-,,,,,,,,,,,,,,,,,,,,,,,,,-,-,,,,,,,,,,,,,,,,,,,,,,,,,
,04-22-2015,07:20:26, Lane 1 ,Fwd,FF,,468,3,37,,2,11.78,,,,,,,,,,,,,,,,,,,,,,,,11.78,-,,,,,,,,,,,,,,,,,,,,,,,,,-,-,,,,,,,,,,,,,,,,,,,,,,,,,
,04-22-2015,07:20:29, Lane 1 ,Fwd,FF,,469,2,38,,2,9.17,,,,,,,,,,,,,,,,,,,,,,,,9.17,-,,,,,,,,,,,,,,,,,,,,,,,,,-,-,,,,,,,,,,,,,,,,,,,,,,,,,
,04-22-2015,07:20:31, Lane 1 ,Fwd,FF,,470,2,37,,2,8.86,,,,,,,,,,,,,,,,,,,,,,,,8.86,-,,,,,,,,,,,,,,,,,,,,,,,,,-,-,,,,,,,,,,,,,,,,,,,,,,,,,
,04-22-2015,07:20:32, Lane 1 ,Fwd,FF,,471,2,37,,2,9.10,,,,,,,,,,,,,,,,,,,,,,,,9.10,-,,,,,,,,,,,,,,,,,,,,,,,,,-,-,,,,,,,,,,,,,,,,,,,,,,,,,
,04-22-2015,07:20:34, Lane 1 ,Fwd,FF,,472,3,38,,2,11.27,,,,,,,,,,,,,,,,,,,,,,,,11.27,-,,,,,,,,,,,,,,,,,,,,,,,,,-,-,,,,,,,,,,,,,,,,,,,,,,,,,
,04-22-2015,07:20:36, Lane 1 ,Fwd,FF,,473,2,39,,2,7.62,,,,,,,,,,,,,,,,,,,,,,,,7.62,-,,,,,,,,,,,,,,,,,,,,,,,,,-,-,,,,,,,,,,,,,,,,,,,,,,,,,
,04-22-2015,07:20:38, Lane 1 ,Fwd,FF,,474,3,37,,2,11.18,,,,,,,,,,,,,,,,,,,,,,,,11.18,-,,,,,,,,,,,,,,,,,,,,,,,,,-,-,,,,,,,,,,,,,,,,,,,,,,,,,
,04-22-2015,07:20:39, Lane 1 ,Fwd,FF,,475,2,37,,2,8.82,,,,,,,,,,,,,,,,,,,,,,,,8.82,-,,,,,,,,,,,,,,,,,,,,,,,,,-,-,,,,,,,,,,,,,,,,,,,,,,,,,
,04-22-2015,07:20:46, Lane 1 ,Fwd,FF,,476,3,42,,2,11.51,,,,,,,,,,,,,,,,,,,,,,,,11.51,-,,,,,,,,,,,,,,,,,,,,,,,,,-,-,,,,,,,,,,,,,,,,,,,,,,,,,
,04-22-2015,07:20:48, Lane 1 ,Fwd,FF,,477,2,41,,2,8.56,,,,,,,,,,,,,,,,,,,,,,,,8.56,-,,,,,,,,,,,,,,,,,,,,,,,,,-,-,,,,,,,,,,,,,,,,,,,,,,,,,
,04-22-2015,07:20:49, Lane 1 ,Fwd,FF,,478,3,40,,2,11.23,,,,,,,,,,,,,,,,,,,,,,,,11.23,-,,,,,,,,,,,,,,,,,,,,,,,,,-,-,,,,,,,,,,,,,,,,,,,,,,,,,
,04-22-2015,07:20:52, Lane 1 ,Fwd,FF,,479,5,42,,2,13.56,,,,,,,,,,,,,,,,,,,,,,,,13.56,-,,,,,,,,,,,,,,,,,,,,,,,,,-,-,,,,,,,,,,,,,,,,,,,,,,,,,
,04-22-2015,07:20:54, Lane 1 ,Fwd,FF,,480,2,45,,2,7.98,,,,,,,,,,,,,,,,,,,,,,,,7.98,-,,,,,,,,,,,,,,,,,,,,,,,,,-,-,,,,,,,,,,,,,,,,,,,,,,,,,
,04-22-2015,07:20:56, Lane 1 ,Fwd,FF,,481,2,47,,2,8.59,,,,,,,,,,,,,,,,,,,,,,,,8.59,-,,,,,,,,,,,,,,,,,,,,,,,,,-,-,,,,,,,,,,,,,,,,,,,,,,,,,
,04-22-2015,07:21:00, Lane 1 ,Fwd,FF,,482,2,42,,2,8.04,,,,,,,,,,,,,,,,,,,,,,,,8.04,-,,,,,,,,,,,,,,,,,,,,,,,,,-,-,,,,,,,,,,,,,,,,,,,,,,,,,
,04-22-2015,07:21:02, Lane 1 ,Fwd,FF,,483,2,38,,2,8.97,,,,,,,,,,,,,,,,,,,,,,,,8.97,-,,,,,,,,,,,,,,,,,,,,,,,,,-,-,,,,,,,,,,,,,,,,,,,,,,,,,
,04-22-2015,07:21:03, Lane 1 ,Fwd,FF,,484,2,38,,2,8.20,,,,,,,,,,,,,,,,,,,,,,,,8.20,-,,,,,,,,,,,,,,,,,,,,,,,,,-,-,,,,,,,,,,,,,,,,,,,,,,,,,
,04-22-2015,07:21:05, Lane 1 ,Fwd,FF,,485,2,40,,2,8.81,,,,,,,,,,,,,,,,,,,,,,,,8.81,-,,,,,,,,,,,,,,,,,,,,,,,,,-,-,,,,,,,,,,,,,,,,,,,,,,,,,
,04-22-2015,07:21:07, Lane 1 ,Fwd,FF,,486,2,41,,2,8.96,,,,,,,,,,,,,,,,,,,,,,,,8.96,-,,,,,,,,,,,,,,,,,,,,,,,,,-,-,,,,,,,,,,,,,,,,,,,,,,,,,
,04-22-2015,07:21:09, Lane 1 ,Fwd,FF,,487,2,38,,2,8.69,,,,,,,,,,,,,,,,,,,,,,,,8.69,-,,,,,,,,,,,,,,,,,,,,,,,,,-,-,,,,,,,,,,,,,,,,,,,,,,,,,
,04-22-2015,07:21:11, Lane 1 ,Fwd,FF,,488,2,39,,2,8.90,,,,,,,,,,,,,,,,,,,,,,,,8.90,-,,,,,,,,,,,,,,,,,,,,,,,,,-,-,,,,,,,,,,,,,,,,,,,,,,,,,
,04-22-2015,07:21:14, Lane 1 ,Fwd,FF,,489,2,40,,2,8.80,,,,,,,,,,,,,,,,,,,,,,,,8.80,-,,,,,,,,,,,,,,,,,,,,,,,,,-,-,,,,,,,,,,,,,,,,,,,,,,,,,
,04-22-2015,07:21:16, Lane 1 ,Fwd,FF,,490,2,40,,2,8.68,,,,,,,,,,,,,,,,,,,,,,,,8.68,-,,,,,,,,,,,,,,,,,,,,,,,,,-,-,,,,,,,,,,,,,,,,,,,,,,,,,
,04-22-2015,07:21:18, Lane 1 ,Fwd,FF,,491,2,40,,2,9.22,,,,,,,,,,,,,,,,,,,,,,,,9.22,-,,,,,,,,,,,,,,,,,,,,,,,,,-,-,,,,,,,,,,,,,,,,,,,,,,,,,
,04-22-2015,07:21:19, Lane 1 ,Fwd,FF,,492,2,38,,2,8.75,,,,,,,,,,,,,,,,,,,,,,,,8.75,-,,,,,,,,,,,,,,,,,,,,,,,,,-,-,,,,,,,,,,,,,,,,,,,,,,,,,
,04-22-2015,07:21:21, Lane 1 ,Fwd,FF,,493,2,40,,2,8.75,,,,,,,,,,,,,,,,,,,,,,,,8.75,-,,,,,,,,,,,,,,,,,,,,,,,,,-,-,,,,,,,,,,,,,,,,,,,,,,,,,
,04-22-2015,07:21:23, Lane 1 ,Fwd,FF,,494,2,38,,2,8.87,,,,,,,,,,,,,,,,,,,,,,,,8.87,-,,,,,,,,,,,,,,,,,,,,,,,,,-,-,,,,,,,,,,,,,,,,,,,,,,,,,
,04-22-2015,07:21:24, Lane 1 ,Fwd,FF,,495,2,37,,2,8.77,,,,,,,,,,,,,,,,,,,,,,,,8.77,-,,,,,,,,,,,,,,,,,,,,,,,,,-,-,,,,,,,,,,,,,,,,,,,,,,,,,
,04-22-2015,07:21:26, Lane 1 ,Fwd,FF,,496,2,34,,2,8.76,,,,,,,,,,,,,,,,,,,,,,,,8.76,-,,,,,,,,,,,,,,,,,,,,,,,,,-,-,,,,,,,,,,,,,,,,,,,,,,,,,
,04-22-2015,07:21:29, Lane 1 ,Fwd,FF,,497,2,35,,2,8.65,,,,,,,,,,,,,,,,,,,,,,,,8.65,-,,,,,,,,,,,,,,,,,,,,,,,,,-,-,,,,,,,,,,,,,,,,,,,,,,,,,
,04-22-2015,07:21:31, Lane 1 ,Fwd,FF,,498,2,33,,2,8.94,,,,,,,,,,,,,,,,,,,,,,,,8.94,-,,,,,,,,,,,,,,,,,,,,,,,,,-,-,,,,,,,,,,,,,,,,,,,,,,,,,
,04-22-2015,07:21:33, Lane 1 ,Fwd,FF,,499,2,30,,2,8.97,,,,,,,,,,,,,,,,,,,,,,,,8.97,-,,,,,,,,,,,,,,,,,,,,,,,,,-,-,,,,,,,,,,,,,,,,,,,,,,,,,
,04-22-2015,07:21:38, Lane 1 ,Fwd,FF,,500,2,30,,2,7.91,,,,,,,,,,,,,,,,,,,,,,,,7.91,-,,,,,,,,,,,,,,,,,,,,,,,,,-,-,,,,,,,,,,,,,,,,,,,,,,,,,
,04-22-2015,07:21:40, Lane 1 ,Fwd,FF,,501,2,30,,4,8.62,35.10,9.53,,,,,,,,,,,,,,,,,,,,,,53.25,-,,,,,,,,,,,,,,,,,,,,,,,,,-,-,,,,,,,,,,,,,,,,,,,,,,,,,
,04-22-2015,07:21:43, Lane 1 ,Fwd,FF,,502,2,30,,2,8.70,,,,,,,,,,,,,,,,,,,,,,,,8.70,-,,,,,,,,,,,,,,,,,,,,,,,,,-,-,,,,,,,,,,,,,,,,,,,,,,,,,
,04-22-2015,07:21:45, Lane 1 ,Fwd,FF,,503,2,32,,2,9.08,,,,,,,,,,,,,,,,,,,,,,,,9.08,-,,,,,,,,,,,,,,,,,,,,,,,,,-,-,,,,,,,,,,,,,,,,,,,,,,,,,
,04-22-2015,07:21:48, Lane 1 ,Fwd,FF,,504,2,33,,2,8.68,,,,,,,,,,,,,,,,,,,,,,,,8.68,-,,,,,,,,,,,,,,,,,,,,,,,,,-,-,,,,,,,,,,,,,,,,,,,,,,,,,
,04-22-2015,07:21:49, Lane 1 ,Fwd,FF,,505,2,35,,2,8.44,,,,,,,,,,,,,,,,,,,,,,,,8.44,-,,,,,,,,,,,,,,,,,,,,,,,,,-,-,,,,,,,,,,,,,,,,,,,,,,,,,
,04-22-2015,07:21:52, Lane 1 ,Fwd,FF,,506,2,32,,2,8.54,,,,,,,,,,,,,,,,,,,,,,,,8.54,-,,,,,,,,,,,,,,,,,,,,,,,,,-,-,,,,,,,,,,,,,,,,,,,,,,,,,
,04-22-2015,07:21:55, Lane 1 ,Fwd,FF,,507,2,33,,2,8.37,,,,,,,,,,,,,,,,,,,,,,,,8.37,-,,,,,,,,,,,,,,,,,,,,,,,,,-,-,,,,,,,,,,,,,,,,,,,,,,,,,
,04-22-2015,07:21:57, Lane 1 ,Fwd,FF,,508,2,33,,2,8.30,,,,,,,,,,,,,,,,,,,,,,,,8.30,-,,,,,,,,,,,,,,,,,,,,,,,,,-,-,,,,,,,,,,,,,,,,,,,,,,,,,
,04-22-2015,07:21:58, Lane 1 ,Fwd,FF,,509,2,33,,2,9.16,,,,,,,,,,,,,,,,,,,,,,,,9.16,-,,,,,,,,,,,,,,,,,,,,,,,,,-,-,,,,,,,,,,,,,,,,,,,,,,,,,
,04-22-2015,07:22:00, Lane 1 ,Fwd,FF,,510,2,32,,2,9.06,,,,,,,,,,,,,,,,,,,,,,,,9.06,-,,,,,,,,,,,,,,,,,,,,,,,,,-,-,,,,,,,,,,,,,,,,,,,,,,,,,
,04-22-2015,07:22:03, Lane 1 ,Fwd,FF,,511,2,32,,2,8.40,,,,,,,,,,,,,,,,,,,,,,,,8.40,-,,,,,,,,,,,,,,,,,,,,,,,,,-,-,,,,,,,,,,,,,,,,,,,,,,,,,
,04-22-2015,07:22:08, Lane 1 ,Fwd,FF,,512,2,38,,2,9.08,,,,,,,,,,,,,,,,,,,,,,,,9.08,-,,,,,,,,,,,,,,,,,,,,,,,,,-,-,,,,,,,,,,,,,,,,,,,,,,,,,
,04-22-2015,07:22:10, Lane 1 ,Fwd,FF,,513,2,39,,2,8.94,,,,,,,,,,,,,,,,,,,,,,,,8.94,-,,,,,,,,,,,,,,,,,,,,,,,,,-,-,,,,,,,,,,,,,,,,,,,,,,,,,
,04-22-2015,07:22:12, Lane 1 ,Fwd,FF,,514,2,37,,2,8.82,,,,,,,,,,,,,,,,,,,,,,,,8.82,-,,,,,,,,,,,,,,,,,,,,,,,,,-,-,,,,,,,,,,,,,,,,,,,,,,,,,
,04-22-2015,07:22:15, Lane 1 ,Fwd,FF,,515,2,38,,2,9.03,,,,,,,,,,,,,,,,,,,,,,,,9.03,-,,,,,,,,,,,,,,,,,,,,,,,,,-,-,,,,,,,,,,,,,,,,,,,,,,,,,
,04-22-2015,07:22:20, Lane 1 ,Fwd,FF,,516,2,41,,2,8.73,,,,,,,,,,,,,,,,,,,,,,,,8.73,-,,,,,,,,,,,,,,,,,,,,,,,,,-,-,,,,,,,,,,,,,,,,,,,,,,,,,
,04-22-2015,07:22:21, Lane 1 ,Fwd,FF,,517,2,41,,2,9.41,,,,,,,,,,,,,,,,,,,,,,,,9.41,-,,,,,,,,,,,,,,,,,,,,,,,,,-,-,,,,,,,,,,,,,,,,,,,,,,,,,
,04-22-2015,07:22:22, Lane 1 ,Fwd,FF,,518,2,38,,2,8.11,,,,,,,,,,,,,,,,,,,,,,,,8.11,-,,,,,,,,,,,,,,,,,,,,,,,,,-,-,,,,,,,,,,,,,,,,,,,,,,,,,
,04-22-2015,07:22:24, Lane 1 ,Fwd,FF,,519,2,38,,2,8.95,,,,,,,,,,,,,,,,,,,,,,,,8.95,-,,,,,,,,,,,,,,,,,,,,,,,,,-,-,,,,,,,,,,,,,,,,,,,,,,,,,
,04-22-2015,07:22:25, Lane 1 ,Fwd,FF,,520,2,36,,2,8.80,,,,,,,,,,,,,,,,,,,,,,,,8.80,-,,,,,,,,,,,,,,,,,,,,,,,,,-,-,,,,,,,,,,,,,,,,,,,,,,,,,
,04-22-2015,07:22:35, Lane 1 ,Fwd,FF,,521,4,45,,2,22.50,,,,,,,,,,,,,,,,,,,,,,,,22.50,-,,,,,,,,,,,,,,,,,,,,,,,,,-,-,,,,,,,,,,,,,,,,,,,,,,,,,
,04-22-2015,07:22:37, Lane 1 ,Fwd,FF,,522,2,47,,2,8.69,,,,,,,,,,,,,,,,,,,,,,,,8.69,-,,,,,,,,,,,,,,,,,,,,,,,,,-,-,,,,,,,,,,,,,,,,,,,,,,,,,
,04-22-2015,07:22:39, Lane 1 ,Fwd,FF,,523,2,49,,2,8.91,,,,,,,,,,,,,,,,,,,,,,,,8.91,-,,,,,,,,,,,,,,,,,,,,,,,,,-,-,,,,,,,,,,,,,,,,,,,,,,,,,
,04-22-2015,07:22:41, Lane 1 ,Fwd,FF,,524,2,48,,2,8.88,,,,,,,,,,,,,,,,,,,,,,,,8.88,-,,,,,,,,,,,,,,,,,,,,,,,,,-,-,,,,,,,,,,,,,,,,,,,,,,,,,
,04-22-2015,07:22:43, Lane 1 ,Fwd,FF,,525,2,48,,2,8.45,,,,,,,,,,,,,,,,,,,,,,,,8.45,-,,,,,,,,,,,,,,,,,,,,,,,,,-,-,,,,,,,,,,,,,,,,,,,,,,,,,
,04-22-2015,07:22:46, Lane 1 ,Fwd,FF,,526,3,41,,2,11.76,,,,,,,,,,,,,,,,,,,,,,,,11.76,-,,,,,,,,,,,,,,,,,,,,,,,,,-,-,,,,,,,,,,,,,,,,,,,,,,,,,
,04-22-2015,07:22:48, Lane 1 ,Fwd,FF,,527,3,39,,2,11.83,,,,,,,,,,,,,,,,,,,,,,,,11.83,-,,,,,,,,,,,,,,,,,,,,,,,,,-,-,,,,,,,,,,,,,,,,,,,,,,,,,
,04-22-2015,07:22:50, Lane 1 ,Fwd,FF,,528,2,41,,2,9.36,,,,,,,,,,,,,,,,,,,,,,,,9.36,-,,,,,,,,,,,,,,,,,,,,,,,,,-,-,,,,,,,,,,,,,,,,,,,,,,,,,
,04-22-2015,07:22:52, Lane 1 ,Fwd,FF,,529,2,41,,2,9.86,,,,,,,,,,,,,,,,,,,,,,,,9.86,-,,,,,,,,,,,,,,,,,,,,,,,,,-,-,,,,,,,,,,,,,,,,,,,,,,,,,
,04-22-2015,07:22:54, Lane 1 ,Fwd,FF,,530,2,40,,2,9.25,,,,,,,,,,,,,,,,,,,,,,,,9.25,-,,,,,,,,,,,,,,,,,,,,,,,,,-,-,,,,,,,,,,,,,,,,,,,,,,,,,
,04-22-2015,07:22:56, Lane 1 ,Fwd,FF,,531,2,37,,2,8.02,,,,,,,,,,,,,,,,,,,,,,,,8.02,-,,,,,,,,,,,,,,,,,,,,,,,,,-,-,,,,,,,,,,,,,,,,,,,,,,,,,
,04-22-2015,07:22:57, Lane 1 ,Fwd,FF,,532,2,36,,2,8.97,,,,,,,,,,,,,,,,,,,,,,,,8.97,-,,,,,,,,,,,,,,,,,,,,,,,,,-,-,,,,,,,,,,,,,,,,,,,,,,,,,
,04-22-2015,07:23:00, Lane 1 ,Fwd,FF,,533,2,37,,2,8.67,,,,,,,,,,,,,,,,,,,,,,,,8.67,-,,,,,,,,,,,,,,,,,,,,,,,,,-,-,,,,,,,,,,,,,,,,,,,,,,,,,
,04-22-2015,07:23:02, Lane 1 ,Fwd,FF,,534,2,41,,2,8.79,,,,,,,,,,,,,,,,,,,,,,,,8.79,-,,,,,,,,,,,,,,,,,,,,,,,,,-,-,,,,,,,,,,,,,,,,,,,,,,,,,
,04-22-2015,07:23:04, Lane 1 ,Fwd,FF,,535,2,39,,2,9.30,,,,,,,,,,,,,,,,,,,,,,,,9.30,-,,,,,,,,,,,,,,,,,,,,,,,,,-,-,,,,,,,,,,,,,,,,,,,,,,,,,
,04-22-2015,07:23:05, Lane 1 ,Fwd,FF,,536,2,38,,2,8.71,,,,,,,,,,,,,,,,,,,,,,,,8.71,-,,,,,,,,,,,,,,,,,,,,,,,,,-,-,,,,,,,,,,,,,,,,,,,,,,,,,
,04-22-2015,07:23:07, Lane 1 ,Fwd,FF,,537,2,38,,2,9.29,,,,,,,,,,,,,,,,,,,,,,,,9.29,-,,,,,,,,,,,,,,,,,,,,,,,,,-,-,,,,,,,,,,,,,,,,,,,,,,,,,
,04-22-2015,07:23:09, Lane 1 ,Fwd,FF,,538,2,43,,2,9.13,,,,,,,,,,,,,,,,,,,,,,,,9.13,-,,,,,,,,,,,,,,,,,,,,,,,,,-,-,,,,,,,,,,,,,,,,,,,,,,,,,
,04-22-2015,07:23:11, Lane 1 ,Fwd,FF,,539,2,46,,2,9.90,,,,,,,,,,,,,,,,,,,,,,,,9.90,-,,,,,,,,,,,,,,,,,,,,,,,,,-,-,,,,,,,,,,,,,,,,,,,,,,,,,
,04-22-2015,07:23:13, Lane 1 ,Fwd,FF,,540,1,46,,2,5.03,,,,,,,,,,,,,,,,,,,,,,,,5.03,-,,,,,,,,,,,,,,,,,,,,,,,,,-,-,,,,,,,,,,,,,,,,,,,,,,,,,
,04-22-2015,07:23:14, Lane 1 ,Fwd,FF,,541,3,45,,2,10.61,,,,,,,,,,,,,,,,,,,,,,,,10.61,-,,,,,,,,,,,,,,,,,,,,,,,,,-,-,,,,,,,,,,,,,,,,,,,,,,,,,
,04-22-2015,07:23:15, Lane 1 ,Fwd,FF,,542,2,47,,2,8.86,,,,,,,,,,,,,,,,,,,,,,,,8.86,-,,,,,,,,,,,,,,,,,,,,,,,,,-,-,,,,,,,,,,,,,,,,,,,,,,,,,
,04-22-2015,07:23:20, Lane 1 ,Fwd,FF,,543,2,48,,2,9.06,,,,,,,,,,,,,,,,,,,,,,,,9.06,-,,,,,,,,,,,,,,,,,,,,,,,,,-,-,,,,,,,,,,,,,,,,,,,,,,,,,
,04-22-2015,07:23:24, Lane 1 ,Fwd,FF,,544,2,53,,2,9.68,,,,,,,,,,,,,,,,,,,,,,,,9.68,-,,,,,,,,,,,,,,,,,,,,,,,,,-,-,,,,,,,,,,,,,,,,,,,,,,,,,
,04-22-2015,07:23:26, Lane 1 ,Fwd,FF,,545,3,45,,2,11.74,,,,,,,,,,,,,,,,,,,,,,,,11.74,-,,,,,,,,,,,,,,,,,,,,,,,,,-,-,,,,,,,,,,,,,,,,,,,,,,,,,
,04-22-2015,07:23:27, Lane 1 ,Fwd,FF,,546,2,50,,2,9.35,,,,,,,,,,,,,,,,,,,,,,,,9.35,-,,,,,,,,,,,,,,,,,,,,,,,,,-,-,,,,,,,,,,,,,,,,,,,,,,,,,
,04-22-2015,07:23:29, Lane 1 ,Fwd,FF,,547,2,53,,2,8.73,,,,,,,,,,,,,,,,,,,,,,,,8.73,-,,,,,,,,,,,,,,,,,,,,,,,,,-,-,,,,,,,,,,,,,,,,,,,,,,,,,
,04-22-2015,07:23:33, Lane 1 ,Fwd,FF,,548,2,42,,2,8.83,,,,,,,,,,,,,,,,,,,,,,,,8.83,-,,,,,,,,,,,,,,,,,,,,,,,,,-,-,,,,,,,,,,,,,,,,,,,,,,,,,
,04-22-2015,07:23:36, Lane 1 ,Fwd,FF,,549,2,47,,2,8.95,,,,,,,,,,,,,,,,,,,,,,,,8.95,-,,,,,,,,,,,,,,,,,,,,,,,,,-,-,,,,,,,,,,,,,,,,,,,,,,,,,
,04-22-2015,07:23:42, Lane 1 ,Fwd,FF,,550,3,48,,2,11.36,,,,,,,,,,,,,,,,,,,,,,,,11.36,-,,,,,,,,,,,,,,,,,,,,,,,,,-,-,,,,,,,,,,,,,,,,,,,,,,,,,
,04-22-2015,07:23:45, Lane 1 ,Fwd,FF,,551,2,51,,2,8.96,,,,,,,,,,,,,,,,,,,,,,,,8.96,-,,,,,,,,,,,,,,,,,,,,,,,,,-,-,,,,,,,,,,,,,,,,,,,,,,,,,
,04-22-2015,07:23:46, Lane 1 ,Fwd,FF,,552,2,51,,2,8.94,,,,,,,,,,,,,,,,,,,,,,,,8.94,-,,,,,,,,,,,,,,,,,,,,,,,,,-,-,,,,,,,,,,,,,,,,,,,,,,,,,
,04-22-2015,07:23:51, Lane 1 ,Fwd,FF,,553,2,43,,2,8.42,,,,,,,,,,,,,,,,,,,,,,,,8.42,-,,,,,,,,,,,,,,,,,,,,,,,,,-,-,,,,,,,,,,,,,,,,,,,,,,,,,
,04-22-2015,07:23:52, Lane 1 ,Fwd,FF,,554,2,42,,2,9.50,,,,,,,,,,,,,,,,,,,,,,,,9.50,-,,,,,,,,,,,,,,,,,,,,,,,,,-,-,,,,,,,,,,,,,,,,,,,,,,,,,
,04-22-2015,07:23:54, Lane 1 ,Fwd,FF,,555,2,42,,2,9.22,,,,,,,,,,,,,,,,,,,,,,,,9.22,-,,,,,,,,,,,,,,,,,,,,,,,,,-,-,,,,,,,,,,,,,,,,,,,,,,,,,
,04-22-2015,07:23:55, Lane 1 ,Fwd,FF,,556,2,39,,2,8.96,,,,,,,,,,,,,,,,,,,,,,,,8.96,-,,,,,,,,,,,,,,,,,,,,,,,,,-,-,,,,,,,,,,,,,,,,,,,,,,,,,
,04-22-2015,07:23:57, Lane 1 ,Fwd,FF,,557,2,38,,2,9.45,,,,,,,,,,,,,,,,,,,,,,,,9.45,-,,,,,,,,,,,,,,,,,,,,,,,,,-,-,,,,,,,,,,,,,,,,,,,,,,,,,
,04-22-2015,07:24:00, Lane 1 ,Fwd,FF,,558,2,39,,2,8.04,,,,,,,,,,,,,,,,,,,,,,,,8.04,-,,,,,,,,,,,,,,,,,,,,,,,,,-,-,,,,,,,,,,,,,,,,,,,,,,,,,
,04-22-2015,07:24:04, Lane 1 ,Fwd,FF,,559,2,43,,2,8.27,,,,,,,,,,,,,,,,,,,,,,,,8.27,-,,,,,,,,,,,,,,,,,,,,,,,,,-,-,,,,,,,,,,,,,,,,,,,,,,,,,
,04-22-2015,07:24:07, Lane 1 ,Fwd,FF,,560,3,48,,2,11.58,,,,,,,,,,,,,,,,,,,,,,,,11.58,-,,,,,,,,,,,,,,,,,,,,,,,,,-,-,,,,,,,,,,,,,,,,,,,,,,,,,
,04-22-2015,07:24:09, Lane 1 ,Fwd,FF,,561,2,46,,2,9.10,,,,,,,,,,,,,,,,,,,,,,,,9.10,-,,,,,,,,,,,,,,,,,,,,,,,,,-,-,,,,,,,,,,,,,,,,,,,,,,,,,
,04-22-2015,07:24:13, Lane 1 ,Fwd,FF,,562,2,50,,2,8.69,,,,,,,,,,,,,,,,,,,,,,,,8.69,-,,,,,,,,,,,,,,,,,,,,,,,,,-,-,,,,,,,,,,,,,,,,,,,,,,,,,
,04-22-2015,07:24:15, Lane 1 ,Fwd,FF,,563,2,52,,2,8.73,,,,,,,,,,,,,,,,,,,,,,,,8.73,-,,,,,,,,,,,,,,,,,,,,,,,,,-,-,,,,,,,,,,,,,,,,,,,,,,,,,
,04-22-2015,07:24:17, Lane 1 ,Fwd,FF,,564,2,51,,2,8.78,,,,,,,,,,,,,,,,,,,,,,,,8.78,-,,,,,,,,,,,,,,,,,,,,,,,,,-,-,,,,,,,,,,,,,,,,,,,,,,,,,
,04-22-2015,07:24:19, Lane 1 ,Fwd,FF,,565,2,49,,2,9.04,,,,,,,,,,,,,,,,,,,,,,,,9.04,-,,,,,,,,,,,,,,,,,,,,,,,,,-,-,,,,,,,,,,,,,,,,,,,,,,,,,
,04-22-2015,07:24:31, Lane 1 ,Fwd,FF,,566,9,38,,5,16.06,4.22,30.67,3.94,,,,,,,,,,,,,,,,,,,,,54.89,-,,,,,,,,,,,,,,,,,,,,,,,,,-,-,,,,,,,,,,,,,,,,,,,,,,,,,
,04-22-2015,07:24:34, Lane 1 ,Fwd,FF,,567,2,37,,2,9.37,,,,,,,,,,,,,,,,,,,,,,,,9.37,-,,,,,,,,,,,,,,,,,,,,,,,,,-,-,,,,,,,,,,,,,,,,,,,,,,,,,
,04-22-2015,07:24:35, Lane 1 ,Fwd,FF,,568,2,37,,2,8.70,,,,,,,,,,,,,,,,,,,,,,,,8.70,-,,,,,,,,,,,,,,,,,,,,,,,,,-,-,,,,,,,,,,,,,,,,,,,,,,,,,
,04-22-2015,07:24:36, Lane 1 ,Fwd,FF,,569,2,38,,2,8.57,,,,,,,,,,,,,,,,,,,,,,,,8.57,-,,,,,,,,,,,,,,,,,,,,,,,,,-,-,,,,,,,,,,,,,,,,,,,,,,,,,
,04-22-2015,07:24:38, Lane 1 ,Fwd,FF,,570,2,39,,2,8.55,,,,,,,,,,,,,,,,,,,,,,,,8.55,-,,,,,,,,,,,,,,,,,,,,,,,,,-,-,,,,,,,,,,,,,,,,,,,,,,,,,
,04-22-2015,07:24:41, Lane 1 ,Fwd,FF,,571,3,38,,2,10.65,,,,,,,,,,,,,,,,,,,,,,,,10.65,-,,,,,,,,,,,,,,,,,,,,,,,,,-,-,,,,,,,,,,,,,,,,,,,,,,,,,
,04-22-2015,07:24:48, Lane 1 ,Fwd,FF,,572,2,45,,2,9.43,,,,,,,,,,,,,,,,,,,,,,,,9.43,-,,,,,,,,,,,,,,,,,,,,,,,,,-,-,,,,,,,,,,,,,,,,,,,,,,,,,
,04-22-2015,07:24:57, Lane 1 ,Fwd,FF,,573,2,54,,2,8.68,,,,,,,,,,,,,,,,,,,,,,,,8.68,-,,,,,,,,,,,,,,,,,,,,,,,,,-,-,,,,,,,,,,,,,,,,,,,,,,,,,
,04-22-2015,07:25:03, Lane 1 ,Fwd,FF,,574,3,58,,2,12.77,,,,,,,,,,,,,,,,,,,,,,,,12.77,-,,,,,,,,,,,,,,,,,,,,,,,,,-,-,,,,,,,,,,,,,,,,,,,,,,,,,
,04-22-2015,07:25:06, Lane 1 ,Fwd,FF,,575,3,54,,2,10.51,,,,,,,,,,,,,,,,,,,,,,,,10.51,-,,,,,,,,,,,,,,,,,,,,,,,,,-,-,,,,,,,,,,,,,,,,,,,,,,,,,
,04-22-2015,07:25:15, Lane 1 ,Fwd,FF,,576,3,48,,2,10.31,,,,,,,,,,,,,,,,,,,,,,,,10.31,-,,,,,,,,,,,,,,,,,,,,,,,,,-,-,,,,,,,,,,,,,,,,,,,,,,,,,
,04-22-2015,07:25:16, Lane 1 ,Fwd,FF,,577,2,46,,2,8.83,,,,,,,,,,,,,,,,,,,,,,,,8.83,-,,,,,,,,,,,,,,,,,,,,,,,,,-,-,,,,,,,,,,,,,,,,,,,,,,,,,
,04-22-2015,07:25:18, Lane 1 ,Fwd,FF,,578,2,47,,2,9.34,,,,,,,,,,,,,,,,,,,,,,,,9.34,-,,,,,,,,,,,,,,,,,,,,,,,,,-,-,,,,,,,,,,,,,,,,,,,,,,,,,
,04-22-2015,07:25:22, Lane 1 ,Fwd,FF,,579,2,47,,2,8.93,,,,,,,,,,,,,,,,,,,,,,,,8.93,-,,,,,,,,,,,,,,,,,,,,,,,,,-,-,,,,,,,,,,,,,,,,,,,,,,,,,
,04-22-2015,07:25:25, Lane 1 ,Fwd,FF,,580,2,45,,2,8.00,,,,,,,,,,,,,,,,,,,,,,,,8.00,-,,,,,,,,,,,,,,,,,,,,,,,,,-,-,,,,,,,,,,,,,,,,,,,,,,,,,
,04-22-2015,07:25:29, Lane 1 ,Fwd,FF,,581,2,45,,2,9.75,,,,,,,,,,,,,,,,,,,,,,,,9.75,-,,,,,,,,,,,,,,,,,,,,,,,,,-,-,,,,,,,,,,,,,,,,,,,,,,,,,
,04-22-2015,07:25:30, Lane 1 ,Fwd,FF,,582,2,45,,2,9.28,,,,,,,,,,,,,,,,,,,,,,,,9.28,-,,,,,,,,,,,,,,,,,,,,,,,,,-,-,,,,,,,,,,,,,,,,,,,,,,,,,
,04-22-2015,07:25:31, Lane 1 ,Fwd,FF,,583,2,45,,2,8.46,,,,,,,,,,,,,,,,,,,,,,,,8.46,-,,,,,,,,,,,,,,,,,,,,,,,,,-,-,,,,,,,,,,,,,,,,,,,,,,,,,
,04-22-2015,07:25:36, Lane 1 ,Fwd,FF,,584,2,51,,2,9.23,,,,,,,,,,,,,,,,,,,,,,,,9.23,-,,,,,,,,,,,,,,,,,,,,,,,,,-,-,,,,,,,,,,,,,,,,,,,,,,,,,
,04-22-2015,07:25:38, Lane 1 ,Fwd,FF,,585,3,49,,2,12.36,,,,,,,,,,,,,,,,,,,,,,,,12.36,-,,,,,,,,,,,,,,,,,,,,,,,,,-,-,,,,,,,,,,,,,,,,,,,,,,,,,
,04-22-2015,07:25:39, Lane 1 ,Fwd,FF,,586,2,48,,2,9.25,,,,,,,,,,,,,,,,,,,,,,,,9.25,-,,,,,,,,,,,,,,,,,,,,,,,,,-,-,,,,,,,,,,,,,,,,,,,,,,,,,
,04-22-2015,07:25:42, Lane 1 ,Fwd,FF,,587,2,50,,2,8.80,,,,,,,,,,,,,,,,,,,,,,,,8.80,-,,,,,,,,,,,,,,,,,,,,,,,,,-,-,,,,,,,,,,,,,,,,,,,,,,,,,
,04-22-2015,07:25:44, Lane 1 ,Fwd,FF,,588,2,46,,2,8.92,,,,,,,,,,,,,,,,,,,,,,,,8.92,-,,,,,,,,,,,,,,,,,,,,,,,,,-,-,,,,,,,,,,,,,,,,,,,,,,,,,
,04-22-2015,07:25:46, Lane 1 ,Fwd,FF,,589,2,48,,2,8.59,,,,,,,,,,,,,,,,,,,,,,,,8.59,-,,,,,,,,,,,,,,,,,,,,,,,,,-,-,,,,,,,,,,,,,,,,,,,,,,,,,
,04-22-2015,07:25:47, Lane 1 ,Fwd,FF,,590,2,49,,2,8.77,,,,,,,,,,,,,,,,,,,,,,,,8.77,-,,,,,,,,,,,,,,,,,,,,,,,,,-,-,,,,,,,,,,,,,,,,,,,,,,,,,
,04-22-2015,07:25:49, Lane 1 ,Fwd,FF,,591,2,49,,2,9.43,,,,,,,,,,,,,,,,,,,,,,,,9.43,-,,,,,,,,,,,,,,,,,,,,,,,,,-,-,,,,,,,,,,,,,,,,,,,,,,,,,
,04-22-2015,07:25:50, Lane 1 ,Fwd,FF,,592,2,49,,2,8.57,,,,,,,,,,,,,,,,,,,,,,,,8.57,-,,,,,,,,,,,,,,,,,,,,,,,,,-,-,,,,,,,,,,,,,,,,,,,,,,,,,
,04-22-2015,07:25:52, Lane 1 ,Fwd,FF,,593,2,49,,2,8.89,,,,,,,,,,,,,,,,,,,,,,,,8.89,-,,,,,,,,,,,,,,,,,,,,,,,,,-,-,,,,,,,,,,,,,,,,,,,,,,,,,
,04-22-2015,07:25:55, Lane 1 ,Fwd,FF,,594,2,46,,2,9.05,,,,,,,,,,,,,,,,,,,,,,,,9.05,-,,,,,,,,,,,,,,,,,,,,,,,,,-,-,,,,,,,,,,,,,,,,,,,,,,,,,
,04-22-2015,07:25:58, Lane 1 ,Fwd,FF,,595,2,43,,2,9.48,,,,,,,,,,,,,,,,,,,,,,,,9.48,-,,,,,,,,,,,,,,,,,,,,,,,,,-,-,,,,,,,,,,,,,,,,,,,,,,,,,
,04-22-2015,07:25:59, Lane 1 ,Fwd,FF,,596,2,45,,2,9.08,,,,,,,,,,,,,,,,,,,,,,,,9.08,-,,,,,,,,,,,,,,,,,,,,,,,,,-,-,,,,,,,,,,,,,,,,,,,,,,,,,
,04-22-2015,07:26:03, Lane 1 ,Fwd,FF,,597,2,46,,2,8.95,,,,,,,,,,,,,,,,,,,,,,,,8.95,-,,,,,,,,,,,,,,,,,,,,,,,,,-,-,,,,,,,,,,,,,,,,,,,,,,,,,
,04-22-2015,07:26:05, Lane 1 ,Fwd,FF,,598,3,47,,2,11.80,,,,,,,,,,,,,,,,,,,,,,,,11.80,-,,,,,,,,,,,,,,,,,,,,,,,,,-,-,,,,,,,,,,,,,,,,,,,,,,,,,
,04-22-2015,07:26:07, Lane 1 ,Fwd,FF,,599,2,45,,2,8.77,,,,,,,,,,,,,,,,,,,,,,,,8.77,-,,,,,,,,,,,,,,,,,,,,,,,,,-,-,,,,,,,,,,,,,,,,,,,,,,,,,
,04-22-2015,07:26:08, Lane 1 ,Fwd,FF,,600,2,44,,2,9.36,,,,,,,,,,,,,,,,,,,,,,,,9.36,-,,,,,,,,,,,,,,,,,,,,,,,,,-,-,,,,,,,,,,,,,,,,,,,,,,,,,
,04-22-2015,07:26:10, Lane 1 ,Fwd,FF,,601,2,43,,2,8.46,,,,,,,,,,,,,,,,,,,,,,,,8.46,-,,,,,,,,,,,,,,,,,,,,,,,,,-,-,,,,,,,,,,,,,,,,,,,,,,,,,
,04-22-2015,07:26:12, Lane 1 ,Fwd,FF,,602,2,41,,2,9.35,,,,,,,,,,,,,,,,,,,,,,,,9.35,-,,,,,,,,,,,,,,,,,,,,,,,,,-,-,,,,,,,,,,,,,,,,,,,,,,,,,
,04-22-2015,07:26:13, Lane 1 ,Fwd,FF,,603,3,39,,2,11.27,,,,,,,,,,,,,,,,,,,,,,,,11.27,-,,,,,,,,,,,,,,,,,,,,,,,,,-,-,,,,,,,,,,,,,,,,,,,,,,,,,
,04-22-2015,07:26:16, Lane 1 ,Fwd,FF,,604,2,41,,2,9.31,,,,,,,,,,,,,,,,,,,,,,,,9.31,-,,,,,,,,,,,,,,,,,,,,,,,,,-,-,,,,,,,,,,,,,,,,,,,,,,,,,
,04-22-2015,07:26:21, Lane 1 ,Fwd,FF,,605,2,38,,2,8.92,,,,,,,,,,,,,,,,,,,,,,,,8.92,-,,,,,,,,,,,,,,,,,,,,,,,,,-,-,,,,,,,,,,,,,,,,,,,,,,,,,
,04-22-2015,07:26:22, Lane 1 ,Fwd,FF,,606,2,38,,2,8.70,,,,,,,,,,,,,,,,,,,,,,,,8.70,-,,,,,,,,,,,,,,,,,,,,,,,,,-,-,,,,,,,,,,,,,,,,,,,,,,,,,
,04-22-2015,07:26:25, Lane 1 ,Fwd,FF,,607,3,37,,2,10.86,,,,,,,,,,,,,,,,,,,,,,,,10.86,-,,,,,,,,,,,,,,,,,,,,,,,,,-,-,,,,,,,,,,,,,,,,,,,,,,,,,
,04-22-2015,07:26:29, Lane 1 ,Fwd,FF,,608,2,41,,2,9.17,,,,,,,,,,,,,,,,,,,,,,,,9.17,-,,,,,,,,,,,,,,,,,,,,,,,,,-,-,,,,,,,,,,,,,,,,,,,,,,,,,
,04-22-2015,07:26:34, Lane 1 ,Fwd,FF,,609,3,40,,2,11.29,,,,,,,,,,,,,,,,,,,,,,,,11.29,-,,,,,,,,,,,,,,,,,,,,,,,,,-,-,,,,,,,,,,,,,,,,,,,,,,,,,
,04-22-2015,07:26:36, Lane 1 ,Fwd,FF,,610,2,42,,2,8.43,,,,,,,,,,,,,,,,,,,,,,,,8.43,-,,,,,,,,,,,,,,,,,,,,,,,,,-,-,,,,,,,,,,,,,,,,,,,,,,,,,
,04-22-2015,07:26:37, Lane 1 ,Fwd,FF,,611,2,40,,2,8.51,,,,,,,,,,,,,,,,,,,,,,,,8.51,-,,,,,,,,,,,,,,,,,,,,,,,,,-,-,,,,,,,,,,,,,,,,,,,,,,,,,
,04-22-2015,07:26:40, Lane 1 ,Fwd,FF,,612,2,39,,2,8.61,,,,,,,,,,,,,,,,,,,,,,,,8.61,-,,,,,,,,,,,,,,,,,,,,,,,,,-,-,,,,,,,,,,,,,,,,,,,,,,,,,
,04-22-2015,07:26:41, Lane 1 ,Fwd,FF,,613,2,38,,2,8.93,,,,,,,,,,,,,,,,,,,,,,,,8.93,-,,,,,,,,,,,,,,,,,,,,,,,,,-,-,,,,,,,,,,,,,,,,,,,,,,,,,
,04-22-2015,07:26:44, Lane 1 ,Fwd,FF,,614,2,41,,2,8.81,,,,,,,,,,,,,,,,,,,,,,,,8.81,-,,,,,,,,,,,,,,,,,,,,,,,,,-,-,,,,,,,,,,,,,,,,,,,,,,,,,
,04-22-2015,07:26:47, Lane 1 ,Fwd,FF,,615,2,42,,2,8.88,,,,,,,,,,,,,,,,,,,,,,,,8.88,-,,,,,,,,,,,,,,,,,,,,,,,,,-,-,,,,,,,,,,,,,,,,,,,,,,,,,
,04-22-2015,07:26:50, Lane 1 ,Fwd,FF,,616,2,46,,2,9.07,,,,,,,,,,,,,,,,,,,,,,,,9.07,-,,,,,,,,,,,,,,,,,,,,,,,,,-,-,,,,,,,,,,,,,,,,,,,,,,,,,
,04-22-2015,07:26:53, Lane 1 ,Fwd,FF,,617,3,46,,2,11.94,,,,,,,,,,,,,,,,,,,,,,,,11.94,-,,,,,,,,,,,,,,,,,,,,,,,,,-,-,,,,,,,,,,,,,,,,,,,,,,,,,
,04-22-2015,07:26:54, Lane 1 ,Fwd,FF,,618,3,43,,2,11.94,,,,,,,,,,,,,,,,,,,,,,,,11.94,-,,,,,,,,,,,,,,,,,,,,,,,,,-,-,,,,,,,,,,,,,,,,,,,,,,,,,
,04-22-2015,07:26:58, Lane 1 ,Fwd,FF,,619,2,40,,2,9.22,,,,,,,,,,,,,,,,,,,,,,,,9.22,-,,,,,,,,,,,,,,,,,,,,,,,,,-,-,,,,,,,,,,,,,,,,,,,,,,,,,
,04-22-2015,07:27:01, Lane 1 ,Fwd,FF,,620,2,36,,2,8.46,,,,,,,,,,,,,,,,,,,,,,,,8.46,-,,,,,,,,,,,,,,,,,,,,,,,,,-,-,,,,,,,,,,,,,,,,,,,,,,,,,
,04-22-2015,07:27:04, Lane 1 ,Fwd,FF,,621,2,35,,2,8.38,,,,,,,,,,,,,,,,,,,,,,,,8.38,-,,,,,,,,,,,,,,,,,,,,,,,,,-,-,,,,,,,,,,,,,,,,,,,,,,,,,
,04-22-2015,07:27:08, Lane 1 ,Fwd,FF,,622,2,35,,2,8.92,,,,,,,,,,,,,,,,,,,,,,,,8.92,-,,,,,,,,,,,,,,,,,,,,,,,,,-,-,,,,,,,,,,,,,,,,,,,,,,,,,
,04-22-2015,07:27:10, Lane 1 ,Fwd,FF,,623,2,35,,2,9.09,,,,,,,,,,,,,,,,,,,,,,,,9.09,-,,,,,,,,,,,,,,,,,,,,,,,,,-,-,,,,,,,,,,,,,,,,,,,,,,,,,
,04-22-2015,07:27:14, Lane 1 ,Fwd,FF,,624,2,29,,2,9.82,,,,,,,,,,,,,,,,,,,,,,,,9.82,-,,,,,,,,,,,,,,,,,,,,,,,,,-,-,,,,,,,,,,,,,,,,,,,,,,,,,
,04-22-2015,07:27:16, Lane 1 ,Fwd,FF,,625,2,29,,2,9.65,,,,,,,,,,,,,,,,,,,,,,,,9.65,-,,,,,,,,,,,,,,,,,,,,,,,,,-,-,,,,,,,,,,,,,,,,,,,,,,,,,
,04-22-2015,07:27:18, Lane 1 ,Fwd,FF,,626,2,28,,2,8.77,,,,,,,,,,,,,,,,,,,,,,,,8.77,-,,,,,,,,,,,,,,,,,,,,,,,,,-,-,,,,,,,,,,,,,,,,,,,,,,,,,
,04-22-2015,07:27:19, Lane 1 ,Fwd,FF,,627,2,25,,2,9.22,,,,,,,,,,,,,,,,,,,,,,,,9.22,-,,,,,,,,,,,,,,,,,,,,,,,,,-,-,,,,,,,,,,,,,,,,,,,,,,,,,
,04-22-2015,07:27:21, Lane 1 ,Fwd,FF,,628,2,23,,2,8.95,,,,,,,,,,,,,,,,,,,,,,,,8.95,-,,,,,,,,,,,,,,,,,,,,,,,,,-,-,,,,,,,,,,,,,,,,,,,,,,,,,
,04-22-2015,07:27:23, Lane 1 ,Fwd,FF,,629,9,38,,5,18.09,65.18,17.42,3.60,,,,,,,,,,,,,,,,,,,,,104.29,-,,,,,,,,,,,,,,,,,,,,,,,,,-,-,,,,,,,,,,,,,,,,,,,,,,,,,
,04-22-2015,07:27:31, Lane 1 ,Fwd,FF,,630,2,38,,2,49.78,,,,,,,,,,,,,,,,,,,,,,,,49.78,-,,,,,,,,,,,,,,,,,,,,,,,,,-,-,,,,,,,,,,,,,,,,,,,,,,,,,
,04-22-2015,07:27:49, Lane 1 ,Rev,FF,,631,2,38,,2,10.17,,,,,,,,,,,,,,,,,,,,,,,,10.17,-,,,,,,,,,,,,,,,,,,,,,,,,,-,-,,,,,,,,,,,,,,,,,,,,,,,,,
,04-22-2015,07:27:50, Lane 1 ,Fwd,FF,,632,15,7,,14,0.61,8.25,21.06,5.81,0.66,23.96,0.66,3.77,0.66,27.96,0.67,3.95,0.66,,,,,,,,,,,,98.68,-,,,,,,,,,,,,,,,,,,,,,,,,,-,-,,,,,,,,,,,,,,,,,,,,,,,,,
,04-22-2015,07:28:01, Lane 1 ,Fwd,FF,,633,2,15,,4,1.40,7.71,1.36,,,,,,,,,,,,,,,,,,,,,,10.47,-,,,,,,,,,,,,,,,,,,,,,,,,,-,-,,,,,,,,,,,,,,,,,,,,,,,,,
,04-22-2015,07:28:04, Lane 1 ,Fwd,FF,,634,4,38,,3,23.54,3.71,,,,,,,,,,,,,,,,,,,,,,,27.25,-,,,,,,,,,,,,,,,,,,,,,,,,,-,-,,,,,,,,,,,,,,,,,,,,,,,,,
,04-22-2015,07:28:06, Lane 1 ,Fwd,FF,,635,2,20,,2,9.02,,,,,,,,,,,,,,,,,,,,,,,,9.02,-,,,,,,,,,,,,,,,,,,,,,,,,,-,-,,,,,,,,,,,,,,,,,,,,,,,,,
,04-22-2015,07:28:11, Lane 1 ,Fwd,FF,,636,5,17,,2,14.06,,,,,,,,,,,,,,,,,,,,,,,,14.06,-,,,,,,,,,,,,,,,,,,,,,,,,,-,-,,,,,,,,,,,,,,,,,,,,,,,,,
,04-22-2015,07:28:13, Lane 1 ,Fwd,FF,,637,2,20,,2,9.16,,,,,,,,,,,,,,,,,,,,,,,,9.16,-,,,,,,,,,,,,,,,,,,,,,,,,,-,-,,,,,,,,,,,,,,,,,,,,,,,,,
,04-22-2015,07:28:16, Lane 1 ,Fwd,FF,,638,2,21,,2,8.85,,,,,,,,,,,,,,,,,,,,,,,,8.85,-,,,,,,,,,,,,,,,,,,,,,,,,,-,-,,,,,,,,,,,,,,,,,,,,,,,,,
,04-22-2015,07:28:21, Lane 1 ,Fwd,FF,,639,2,18,,2,9.10,,,,,,,,,,,,,,,,,,,,,,,,9.10,-,,,,,,,,,,,,,,,,,,,,,,,,,-,-,,,,,,,,,,,,,,,,,,,,,,,,,
,04-22-2015,07:28:23, Lane 1 ,Fwd,FF,,640,2,19,,2,8.97,,,,,,,,,,,,,,,,,,,,,,,,8.97,-,,,,,,,,,,,,,,,,,,,,,,,,,-,-,,,,,,,,,,,,,,,,,,,,,,,,,
,04-22-2015,07:28:26, Lane 1 ,Fwd,FF,,641,2,38,,3,3.60,20.11,,,,,,,,,,,,,,,,,,,,,,,23.71,-,,,,,,,,,,,,,,,,,,,,,,,,,-,-,,,,,,,,,,,,,,,,,,,,,,,,,
,04-22-2015,07:28:29, Lane 1 ,Fwd,FF,,642,6,38,,3,18.21,3.60,,,,,,,,,,,,,,,,,,,,,,,21.81,-,,,,,,,,,,,,,,,,,,,,,,,,,-,-,,,,,,,,,,,,,,,,,,,,,,,,,
,04-22-2015,07:28:32, Lane 1 ,Fwd,FF,,643,6,38,,3,13.43,3.60,,,,,,,,,,,,,,,,,,,,,,,17.03,-,,,,,,,,,,,,,,,,,,,,,,,,,-,-,,,,,,,,,,,,,,,,,,,,,,,,,
,04-22-2015,07:28:34, Lane 1 ,Fwd,FF,,644,2,19,,2,9.45,,,,,,,,,,,,,,,,,,,,,,,,9.45,-,,,,,,,,,,,,,,,,,,,,,,,,,-,-,,,,,,,,,,,,,,,,,,,,,,,,,
,04-22-2015,07:28:37, Lane 1 ,Fwd,FF,,645,4,38,,2,20.00,,,,,,,,,,,,,,,,,,,,,,,,20.00,-,,,,,,,,,,,,,,,,,,,,,,,,,-,-,,,,,,,,,,,,,,,,,,,,,,,,,
,04-22-2015,07:28:40, Lane 1 ,Fwd,FF,,646,2,38,,3,3.48,20.40,,,,,,,,,,,,,,,,,,,,,,,23.88,-,,,,,,,,,,,,,,,,,,,,,,,,,-,-,,,,,,,,,,,,,,,,,,,,,,,,,
,04-22-2015,07:28:42, Lane 1 ,Fwd,FF,,647,6,38,,3,16.41,3.65,,,,,,,,,,,,,,,,,,,,,,,20.06,-,,,,,,,,,,,,,,,,,,,,,,,,,-,-,,,,,,,,,,,,,,,,,,,,,,,,,
,04-22-2015,07:28:47, Lane 1 ,Fwd,FF,,648,6,38,,3,16.01,3.71,,,,,,,,,,,,,,,,,,,,,,,19.72,-,,,,,,,,,,,,,,,,,,,,,,,,,-,-,,,,,,,,,,,,,,,,,,,,,,,,,
,04-22-2015,07:28:52, Lane 1 ,Fwd,FF,,649,2,21,,4,9.21,39.44,8.84,,,,,,,,,,,,,,,,,,,,,,57.49,-,,,,,,,,,,,,,,,,,,,,,,,,,-,-,,,,,,,,,,,,,,,,,,,,,,,,,
,04-22-2015,07:28:56, Lane 1 ,Fwd,FF,,650,2,21,,2,9.03,,,,,,,,,,,,,,,,,,,,,,,,9.03,-,,,,,,,,,,,,,,,,,,,,,,,,,-,-,,,,,,,,,,,,,,,,,,,,,,,,,
,04-22-2015,07:28:59, Lane 1 ,Fwd,FF,,651,3,21,,2,11.28,,,,,,,,,,,,,,,,,,,,,,,,11.28,-,,,,,,,,,,,,,,,,,,,,,,,,,-,-,,,,,,,,,,,,,,,,,,,,,,,,,
,04-22-2015,07:29:01, Lane 1 ,Fwd,FF,,652,6,38,,3,17.64,3.60,,,,,,,,,,,,,,,,,,,,,,,21.24,-,,,,,,,,,,,,,,,,,,,,,,,,,-,-,,,,,,,,,,,,,,,,,,,,,,,,,
,04-22-2015,07:29:03, Lane 1 ,Fwd,FF,,653,2,21,,2,8.79,,,,,,,,,,,,,,,,,,,,,,,,8.79,-,,,,,,,,,,,,,,,,,,,,,,,,,-,-,,,,,,,,,,,,,,,,,,,,,,,,,
,04-22-2015,07:29:05, Lane 1 ,Fwd,FF,,654,6,21,,3,8.71,1.93,,,,,,,,,,,,,,,,,,,,,,,10.64,-,,,,,,,,,,,,,,,,,,,,,,,,,-,-,,,,,,,,,,,,,,,,,,,,,,,,,
,04-22-2015,07:29:09, Lane 1 ,Fwd,FF,,655,2,38,,3,2.08,16.57,,,,,,,,,,,,,,,,,,,,,,,18.65,-,,,,,,,,,,,,,,,,,,,,,,,,,-,-,,,,,,,,,,,,,,,,,,,,,,,,,
,04-22-2015,07:29:12, Lane 1 ,Fwd,FF,,656,2,18,,2,9.11,,,,,,,,,,,,,,,,,,,,,,,,9.11,-,,,,,,,,,,,,,,,,,,,,,,,,,-,-,,,,,,,,,,,,,,,,,,,,,,,,,
,04-22-2015,07:29:15, Lane 1 ,Fwd,FF,,657,2,19,,2,8.78,,,,,,,,,,,,,,,,,,,,,,,,8.78,-,,,,,,,,,,,,,,,,,,,,,,,,,-,-,,,,,,,,,,,,,,,,,,,,,,,,,
,04-22-2015,07:29:16, Lane 1 ,Fwd,FF,,658,2,20,,2,8.95,,,,,,,,,,,,,,,,,,,,,,,,8.95,-,,,,,,,,,,,,,,,,,,,,,,,,,-,-,,,,,,,,,,,,,,,,,,,,,,,,,
,04-22-2015,07:29:18, Lane 1 ,Fwd,FF,,659,6,38,,3,16.35,3.60,,,,,,,,,,,,,,,,,,,,,,,19.95,-,,,,,,,,,,,,,,,,,,,,,,,,,-,-,,,,,,,,,,,,,,,,,,,,,,,,,
,04-22-2015,07:29:20, Lane 1 ,Fwd,FF,,660,2,21,,2,8.49,,,,,,,,,,,,,,,,,,,,,,,,8.49,-,,,,,,,,,,,,,,,,,,,,,,,,,-,-,,,,,,,,,,,,,,,,,,,,,,,,,
,04-22-2015,07:29:22, Lane 1 ,Fwd,FF,,661,2,38,,4,19.83,61.75,22.36,,,,,,,,,,,,,,,,,,,,,,103.94,-,,,,,,,,,,,,,,,,,,,,,,,,,-,-,,,,,,,,,,,,,,,,,,,,,,,,,
,04-22-2015,07:29:25, Lane 1 ,Fwd,FF,,662,2,38,,4,2.19,14.78,3.65,,,,,,,,,,,,,,,,,,,,,,20.62,-,,,,,,,,,,,,,,,,,,,,,,,,,-,-,,,,,,,,,,,,,,,,,,,,,,,,,
,04-22-2015,07:29:27, Lane 1 ,Fwd,FF,,663,2,21,,2,8.95,,,,,,,,,,,,,,,,,,,,,,,,8.95,-,,,,,,,,,,,,,,,,,,,,,,,,,-,-,,,,,,,,,,,,,,,,,,,,,,,,,
,04-22-2015,07:29:30, Lane 1 ,Fwd,FF,,664,3,22,,2,11.54,,,,,,,,,,,,,,,,,,,,,,,,11.54,-,,,,,,,,,,,,,,,,,,,,,,,,,-,-,,,,,,,,,,,,,,,,,,,,,,,,,
,04-22-2015,07:29:33, Lane 1 ,Fwd,FF,,665,6,38,,3,15.11,3.54,,,,,,,,,,,,,,,,,,,,,,,18.65,-,,,,,,,,,,,,,,,,,,,,,,,,,-,-,,,,,,,,,,,,,,,,,,,,,,,,,
,04-22-2015,07:29:36, Lane 1 ,Fwd,FF,,666,2,23,,2,8.32,,,,,,,,,,,,,,,,,,,,,,,,8.32,-,,,,,,,,,,,,,,,,,,,,,,,,,-,-,,,,,,,,,,,,,,,,,,,,,,,,,
,04-22-2015,07:29:39, Lane 1 ,Fwd,FF,,667,2,22,,2,8.70,,,,,,,,,,,,,,,,,,,,,,,,8.70,-,,,,,,,,,,,,,,,,,,,,,,,,,-,-,,,,,,,,,,,,,,,,,,,,,,,,,
,04-22-2015,07:29:42, Lane 1 ,Fwd,FF,,668,2,22,,2,8.66,,,,,,,,,,,,,,,,,,,,,,,,8.66,-,,,,,,,,,,,,,,,,,,,,,,,,,-,-,,,,,,,,,,,,,,,,,,,,,,,,,
,04-22-2015,07:29:45, Lane 1 ,Fwd,FF,,669,2,21,,2,8.76,,,,,,,,,,,,,,,,,,,,,,,,8.76,-,,,,,,,,,,,,,,,,,,,,,,,,,-,-,,,,,,,,,,,,,,,,,,,,,,,,,
,04-22-2015,07:29:48, Lane 1 ,Fwd,FF,,670,2,21,,2,9.20,,,,,,,,,,,,,,,,,,,,,,,,9.20,-,,,,,,,,,,,,,,,,,,,,,,,,,-,-,,,,,,,,,,,,,,,,,,,,,,,,,
,04-22-2015,07:29:50, Lane 1 ,Fwd,FF,,671,3,20,,2,11.80,,,,,,,,,,,,,,,,,,,,,,,,11.80,-,,,,,,,,,,,,,,,,,,,,,,,,,-,-,,,,,,,,,,,,,,,,,,,,,,,,,
,04-22-2015,07:29:52, Lane 1 ,Fwd,FF,,672,3,19,,2,11.20,,,,,,,,,,,,,,,,,,,,,,,,11.20,-,,,,,,,,,,,,,,,,,,,,,,,,,-,-,,,,,,,,,,,,,,,,,,,,,,,,,
,04-22-2015,07:29:58, Lane 1 ,Fwd,FF,,673,2,17,,2,8.59,,,,,,,,,,,,,,,,,,,,,,,,8.59,-,,,,,,,,,,,,,,,,,,,,,,,,,-,-,,,,,,,,,,,,,,,,,,,,,,,,,
,04-22-2015,07:30:01, Lane 1 ,Fwd,FF,,674,2,20,,4,8.69,35.97,8.81,,,,,,,,,,,,,,,,,,,,,,53.47,-,,,,,,,,,,,,,,,,,,,,,,,,,-,-,,,,,,,,,,,,,,,,,,,,,,,,,
,04-22-2015,07:30:05, Lane 1 ,Fwd,FF,,675,2,19,,2,8.37,,,,,,,,,,,,,,,,,,,,,,,,8.37,-,,,,,,,,,,,,,,,,,,,,,,,,,-,-,,,,,,,,,,,,,,,,,,,,,,,,,
,04-22-2015,07:30:07, Lane 1 ,Fwd,FF,,676,2,19,,2,8.48,,,,,,,,,,,,,,,,,,,,,,,,8.48,-,,,,,,,,,,,,,,,,,,,,,,,,,-,-,,,,,,,,,,,,,,,,,,,,,,,,,
,04-22-2015,07:30:13, Lane 1 ,Fwd,FF,,677,6,20,,3,15.15,1.98,,,,,,,,,,,,,,,,,,,,,,,17.13,-,,,,,,,,,,,,,,,,,,,,,,,,,-,-,,,,,,,,,,,,,,,,,,,,,,,,,
,04-22-2015,07:30:17, Lane 1 ,Fwd,FF,,678,13,20,,7,56.76,1.37,2.73,8.64,1.57,2.56,,,,,,,,,,,,,,,,,,,73.63,-,,,,,,,,,,,,,,,,,,,,,,,,,-,-,,,,,,,,,,,,,,,,,,,,,,,,,
,04-22-2015,07:30:24, Lane 1 ,Fwd,FF,,679,15,20,,>Range,,,,,,,,,,,,,,,,,,,,,,,,,0.00,-,,,,,,,,,,,,,,,,,,,,,,,,,-,-,,,,,,,,,,,,,,,,,,,,,,,,,0.000
,04-22-2015,07:30:38, Lane 1 ,Fwd,FF,,680,10,12,,7,8.38,1.10,20.76,1.15,8.06,1.12,,,,,,,,,,,,,,,,,,,40.57,-,,,,,,,,,,,,,,,,,,,,,,,,,-,-,,,,,,,,,,,,,,,,,,,,,,,,,
,04-22-2015,07:30:44, Lane 1 ,Fwd,FF,,681,2,15,,4,1.43,7.81,1.43,,,,,,,,,,,,,,,,,,,,,,10.67,-,,,,,,,,,,,,,,,,,,,,,,,,,-,-,,,,,,,,,,,,,,,,,,,,,,,,,
,04-22-2015,07:30:48, Lane 1 ,Fwd,FF,,682,2,19,,3,1.72,8.05,,,,,,,,,,,,,,,,,,,,,,,9.77,-,,,,,,,,,,,,,,,,,,,,,,,,,-,-,,,,,,,,,,,,,,,,,,,,,,,,,
,04-22-2015,07:30:51, Lane 1 ,Fwd,FF,,683,6,20,,3,9.19,1.83,,,,,,,,,,,,,,,,,,,,,,,11.02,-,,,,,,,,,,,,,,,,,,,,,,,,,-,-,,,,,,,,,,,,,,,,,,,,,,,,,
,04-22-2015,07:30:54, Lane 1 ,Fwd,FF,,684,5,20,,2,13.78,,,,,,,,,,,,,,,,,,,,,,,,13.78,-,,,,,,,,,,,,,,,,,,,,,,,,,-,-,,,,,,,,,,,,,,,,,,,,,,,,,
,04-22-2015,07:30:57, Lane 1 ,Fwd,FF,,685,2,20,,3,1.80,9.36,,,,,,,,,,,,,,,,,,,,,,,11.16,-,,,,,,,,,,,,,,,,,,,,,,,,,-,-,,,,,,,,,,,,,,,,,,,,,,,,,
,04-22-2015,07:30:59, Lane 1 ,Fwd,FF,,686,2,19,,2,9.74,,,,,,,,,,,,,,,,,,,,,,,,9.74,-,,,,,,,,,,,,,,,,,,,,,,,,,-,-,,,,,,,,,,,,,,,,,,,,,,,,,
,04-22-2015,07:31:01, Lane 1 ,Fwd,FF,,687,2,20,,2,8.84,,,,,,,,,,,,,,,,,,,,,,,,8.84,-,,,,,,,,,,,,,,,,,,,,,,,,,-,-,,,,,,,,,,,,,,,,,,,,,,,,,
,04-22-2015,07:31:05, Lane 1 ,Fwd,FF,,688,2,22,,2,9.17,,,,,,,,,,,,,,,,,,,,,,,,9.17,-,,,,,,,,,,,,,,,,,,,,,,,,,-,-,,,,,,,,,,,,,,,,,,,,,,,,,
,04-22-2015,07:31:12, Lane 1 ,Fwd,FF,,689,2,22,,2,9.20,,,,,,,,,,,,,,,,,,,,,,,,9.20,-,,,,,,,,,,,,,,,,,,,,,,,,,-,-,,,,,,,,,,,,,,,,,,,,,,,,,
,04-22-2015,07:31:16, Lane 1 ,Fwd,FF,,690,2,20,,4,7.85,27.01,9.04,,,,,,,,,,,,,,,,,,,,,,43.90,-,,,,,,,,,,,,,,,,,,,,,,,,,-,-,,,,,,,,,,,,,,,,,,,,,,,,,
,04-22-2015,07:31:20, Lane 1 ,Fwd,FF,,691,2,22,,2,9.29,,,,,,,,,,,,,,,,,,,,,,,,9.29,-,,,,,,,,,,,,,,,,,,,,,,,,,-,-,,,,,,,,,,,,,,,,,,,,,,,,,
,04-22-2015,07:31:23, Lane 1 ,Fwd,FF,,692,2,20,,3,1.89,6.86,,,,,,,,,,,,,,,,,,,,,,,8.75,-,,,,,,,,,,,,,,,,,,,,,,,,,-,-,,,,,,,,,,,,,,,,,,,,,,,,,
,04-22-2015,07:31:25, Lane 1 ,Fwd,FF,,693,2,21,,2,8.93,,,,,,,,,,,,,,,,,,,,,,,,8.93,-,,,,,,,,,,,,,,,,,,,,,,,,,-,-,,,,,,,,,,,,,,,,,,,,,,,,,
,04-22-2015,07:31:28, Lane 1 ,Fwd,FF,,694,2,23,,2,8.96,,,,,,,,,,,,,,,,,,,,,,,,8.96,-,,,,,,,,,,,,,,,,,,,,,,,,,-,-,,,,,,,,,,,,,,,,,,,,,,,,,
,04-22-2015,07:31:31, Lane 1 ,Fwd,FF,,695,2,23,,2,9.13,,,,,,,,,,,,,,,,,,,,,,,,9.13,-,,,,,,,,,,,,,,,,,,,,,,,,,-,-,,,,,,,,,,,,,,,,,,,,,,,,,
,04-22-2015,07:31:34, Lane 1 ,Fwd,FF,,696,2,21,,2,9.01,,,,,,,,,,,,,,,,,,,,,,,,9.01,-,,,,,,,,,,,,,,,,,,,,,,,,,-,-,,,,,,,,,,,,,,,,,,,,,,,,,
,04-22-2015,07:31:38, Lane 1 ,Fwd,FF,,697,3,22,,2,12.06,,,,,,,,,,,,,,,,,,,,,,,,12.06,-,,,,,,,,,,,,,,,,,,,,,,,,,-,-,,,,,,,,,,,,,,,,,,,,,,,,,
,04-22-2015,07:31:41, Lane 1 ,Fwd,FF,,698,2,22,,2,8.93,,,,,,,,,,,,,,,,,,,,,,,,8.93,-,,,,,,,,,,,,,,,,,,,,,,,,,-,-,,,,,,,,,,,,,,,,,,,,,,,,,
,04-22-2015,07:31:43, Lane 1 ,Fwd,FF,,699,2,23,,2,9.68,,,,,,,,,,,,,,,,,,,,,,,,9.68,-,,,,,,,,,,,,,,,,,,,,,,,,,-,-,,,,,,,,,,,,,,,,,,,,,,,,,
,04-22-2015,07:31:48, Lane 1 ,Fwd,FF,,700,2,21,,2,8.96,,,,,,,,,,,,,,,,,,,,,,,,8.96,-,,,,,,,,,,,,,,,,,,,,,,,,,-,-,,,,,,,,,,,,,,,,,,,,,,,,,
,04-22-2015,07:31:50, Lane 1 ,Fwd,FF,,701,2,23,,2,8.70,,,,,,,,,,,,,,,,,,,,,,,,8.70,-,,,,,,,,,,,,,,,,,,,,,,,,,-,-,,,,,,,,,,,,,,,,,,,,,,,,,
,04-22-2015,07:31:53, Lane 1 ,Fwd,FF,,702,2,26,,2,9.94,,,,,,,,,,,,,,,,,,,,,,,,9.94,-,,,,,,,,,,,,,,,,,,,,,,,,,-,-,,,,,,,,,,,,,,,,,,,,,,,,,
,04-22-2015,07:31:56, Lane 1 ,Fwd,FF,,703,2,25,,2,8.65,,,,,,,,,,,,,,,,,,,,,,,,8.65,-,,,,,,,,,,,,,,,,,,,,,,,,,-,-,,,,,,,,,,,,,,,,,,,,,,,,,
,04-22-2015,07:31:59, Lane 1 ,Fwd,FF,,704,2,28,,2,9.73,,,,,,,,,,,,,,,,,,,,,,,,9.73,-,,,,,,,,,,,,,,,,,,,,,,,,,-,-,,,,,,,,,,,,,,,,,,,,,,,,,
,04-22-2015,07:32:01, Lane 1 ,Fwd,FF,,705,2,28,,2,8.94,,,,,,,,,,,,,,,,,,,,,,,,8.94,-,,,,,,,,,,,,,,,,,,,,,,,,,-,-,,,,,,,,,,,,,,,,,,,,,,,,,
,04-22-2015,07:32:04, Lane 1 ,Fwd,FF,,706,3,29,,2,11.88,,,,,,,,,,,,,,,,,,,,,,,,11.88,-,,,,,,,,,,,,,,,,,,,,,,,,,-,-,,,,,,,,,,,,,,,,,,,,,,,,,
,04-22-2015,07:32:07, Lane 1 ,Fwd,FF,,707,2,28,,2,9.75,,,,,,,,,,,,,,,,,,,,,,,,9.75,-,,,,,,,,,,,,,,,,,,,,,,,,,-,-,,,,,,,,,,,,,,,,,,,,,,,,,
,04-22-2015,07:32:10, Lane 1 ,Fwd,FF,,708,2,29,,2,8.70,,,,,,,,,,,,,,,,,,,,,,,,8.70,-,,,,,,,,,,,,,,,,,,,,,,,,,-,-,,,,,,,,,,,,,,,,,,,,,,,,,
,04-22-2015,07:32:13, Lane 1 ,Fwd,FF,,709,2,26,,2,8.96,,,,,,,,,,,,,,,,,,,,,,,,8.96,-,,,,,,,,,,,,,,,,,,,,,,,,,-,-,,,,,,,,,,,,,,,,,,,,,,,,,
,04-22-2015,07:32:15, Lane 1 ,Fwd,FF,,710,2,25,,2,8.69,,,,,,,,,,,,,,,,,,,,,,,,8.69,-,,,,,,,,,,,,,,,,,,,,,,,,,-,-,,,,,,,,,,,,,,,,,,,,,,,,,
,04-22-2015,07:32:18, Lane 1 ,Fwd,FF,,711,2,26,,2,9.88,,,,,,,,,,,,,,,,,,,,,,,,9.88,-,,,,,,,,,,,,,,,,,,,,,,,,,-,-,,,,,,,,,,,,,,,,,,,,,,,,,
,04-22-2015,07:32:20, Lane 1 ,Fwd,FF,,712,2,27,,2,9.15,,,,,,,,,,,,,,,,,,,,,,,,9.15,-,,,,,,,,,,,,,,,,,,,,,,,,,-,-,,,,,,,,,,,,,,,,,,,,,,,,,
,04-22-2015,07:32:22, Lane 1 ,Fwd,FF,,713,3,26,,2,11.46,,,,,,,,,,,,,,,,,,,,,,,,11.46,-,,,,,,,,,,,,,,,,,,,,,,,,,-,-,,,,,,,,,,,,,,,,,,,,,,,,,
,04-22-2015,07:32:23, Lane 1 ,Fwd,FF,,714,2,27,,2,8.76,,,,,,,,,,,,,,,,,,,,,,,,8.76,-,,,,,,,,,,,,,,,,,,,,,,,,,-,-,,,,,,,,,,,,,,,,,,,,,,,,,
,04-22-2015,07:32:25, Lane 1 ,Fwd,FF,,715,2,27,,2,8.80,,,,,,,,,,,,,,,,,,,,,,,,8.80,-,,,,,,,,,,,,,,,,,,,,,,,,,-,-,,,,,,,,,,,,,,,,,,,,,,,,,
,04-22-2015,07:32:28, Lane 1 ,Fwd,FF,,716,2,20,,3,1.92,7.21,,,,,,,,,,,,,,,,,,,,,,,9.13,-,,,,,,,,,,,,,,,,,,,,,,,,,-,-,,,,,,,,,,,,,,,,,,,,,,,,,
,04-22-2015,07:32:30, Lane 1 ,Fwd,FF,,717,6,20,,3,8.02,1.89,,,,,,,,,,,,,,,,,,,,,,,9.91,-,,,,,,,,,,,,,,,,,,,,,,,,,-,-,,,,,,,,,,,,,,,,,,,,,,,,,
,04-22-2015,07:32:32, Lane 1 ,Fwd,FF,,718,2,30,,2,8.91,,,,,,,,,,,,,,,,,,,,,,,,8.91,-,,,,,,,,,,,,,,,,,,,,,,,,,-,-,,,,,,,,,,,,,,,,,,,,,,,,,
,04-22-2015,07:32:35, Lane 1 ,Fwd,FF,,719,2,31,,2,10.06,,,,,,,,,,,,,,,,,,,,,,,,10.06,-,,,,,,,,,,,,,,,,,,,,,,,,,-,-,,,,,,,,,,,,,,,,,,,,,,,,,
,04-22-2015,07:32:37, Lane 1 ,Fwd,FF,,720,2,31,,2,8.53,,,,,,,,,,,,,,,,,,,,,,,,8.53,-,,,,,,,,,,,,,,,,,,,,,,,,,-,-,,,,,,,,,,,,,,,,,,,,,,,,,
,04-22-2015,07:32:38, Lane 1 ,Fwd,FF,,721,2,32,,2,8.46,,,,,,,,,,,,,,,,,,,,,,,,8.46,-,,,,,,,,,,,,,,,,,,,,,,,,,-,-,,,,,,,,,,,,,,,,,,,,,,,,,
,04-22-2015,07:32:41, Lane 1 ,Fwd,FF,,722,3,31,,2,11.91,,,,,,,,,,,,,,,,,,,,,,,,11.91,-,,,,,,,,,,,,,,,,,,,,,,,,,-,-,,,,,,,,,,,,,,,,,,,,,,,,,
,04-22-2015,07:32:45, Lane 1 ,Fwd,FF,,723,2,30,,2,8.43,,,,,,,,,,,,,,,,,,,,,,,,8.43,-,,,,,,,,,,,,,,,,,,,,,,,,,-,-,,,,,,,,,,,,,,,,,,,,,,,,,
,04-22-2015,07:32:47, Lane 1 ,Fwd,FF,,724,3,29,,2,11.32,,,,,,,,,,,,,,,,,,,,,,,,11.32,-,,,,,,,,,,,,,,,,,,,,,,,,,-,-,,,,,,,,,,,,,,,,,,,,,,,,,
,04-22-2015,07:32:51, Lane 1 ,Fwd,FF,,725,2,29,,2,8.71,,,,,,,,,,,,,,,,,,,,,,,,8.71,-,,,,,,,,,,,,,,,,,,,,,,,,,-,-,,,,,,,,,,,,,,,,,,,,,,,,,
,04-22-2015,07:32:53, Lane 1 ,Fwd,FF,,726,3,27,,2,12.96,,,,,,,,,,,,,,,,,,,,,,,,12.96,-,,,,,,,,,,,,,,,,,,,,,,,,,-,-,,,,,,,,,,,,,,,,,,,,,,,,,
,04-22-2015,07:32:55, Lane 1 ,Fwd,FF,,727,2,27,,2,8.37,,,,,,,,,,,,,,,,,,,,,,,,8.37,-,,,,,,,,,,,,,,,,,,,,,,,,,-,-,,,,,,,,,,,,,,,,,,,,,,,,,
,04-22-2015,07:32:56, Lane 1 ,Fwd,FF,,728,2,28,,2,8.71,,,,,,,,,,,,,,,,,,,,,,,,8.71,-,,,,,,,,,,,,,,,,,,,,,,,,,-,-,,,,,,,,,,,,,,,,,,,,,,,,,
,04-22-2015,07:32:58, Lane 1 ,Fwd,FF,,729,2,26,,2,8.19,,,,,,,,,,,,,,,,,,,,,,,,8.19,-,,,,,,,,,,,,,,,,,,,,,,,,,-,-,,,,,,,,,,,,,,,,,,,,,,,,,
,04-22-2015,07:33:01, Lane 1 ,Fwd,FF,,730,2,26,,2,8.93,,,,,,,,,,,,,,,,,,,,,,,,8.93,-,,,,,,,,,,,,,,,,,,,,,,,,,-,-,,,,,,,,,,,,,,,,,,,,,,,,,
,04-22-2015,07:33:04, Lane 1 ,Fwd,FF,,731,2,27,,2,8.97,,,,,,,,,,,,,,,,,,,,,,,,8.97,-,,,,,,,,,,,,,,,,,,,,,,,,,-,-,,,,,,,,,,,,,,,,,,,,,,,,,
,04-22-2015,07:33:06, Lane 1 ,Fwd,FF,,732,2,26,,2,9.69,,,,,,,,,,,,,,,,,,,,,,,,9.69,-,,,,,,,,,,,,,,,,,,,,,,,,,-,-,,,,,,,,,,,,,,,,,,,,,,,,,
,04-22-2015,07:33:08, Lane 1 ,Fwd,FF,,733,2,25,,2,8.74,,,,,,,,,,,,,,,,,,,,,,,,8.74,-,,,,,,,,,,,,,,,,,,,,,,,,,-,-,,,,,,,,,,,,,,,,,,,,,,,,,
,04-22-2015,07:33:10, Lane 1 ,Fwd,FF,,734,2,24,,2,8.77,,,,,,,,,,,,,,,,,,,,,,,,8.77,-,,,,,,,,,,,,,,,,,,,,,,,,,-,-,,,,,,,,,,,,,,,,,,,,,,,,,
,04-22-2015,07:33:12, Lane 1 ,Fwd,FF,,735,2,24,,2,8.73,,,,,,,,,,,,,,,,,,,,,,,,8.73,-,,,,,,,,,,,,,,,,,,,,,,,,,-,-,,,,,,,,,,,,,,,,,,,,,,,,,
,04-22-2015,07:33:13, Lane 1 ,Fwd,FF,,736,2,25,,2,8.52,,,,,,,,,,,,,,,,,,,,,,,,8.52,-,,,,,,,,,,,,,,,,,,,,,,,,,-,-,,,,,,,,,,,,,,,,,,,,,,,,,
,04-22-2015,07:33:15, Lane 1 ,Fwd,FF,,737,2,26,,2,7.90,,,,,,,,,,,,,,,,,,,,,,,,7.90,-,,,,,,,,,,,,,,,,,,,,,,,,,-,-,,,,,,,,,,,,,,,,,,,,,,,,,
,04-22-2015,07:33:17, Lane 1 ,Fwd,FF,,738,2,25,,4,8.65,34.74,8.83,,,,,,,,,,,,,,,,,,,,,,52.22,-,,,,,,,,,,,,,,,,,,,,,,,,,-,-,,,,,,,,,,,,,,,,,,,,,,,,,
,04-22-2015,07:33:23, Lane 1 ,Fwd,FF,,739,2,24,,2,9.01,,,,,,,,,,,,,,,,,,,,,,,,9.01,-,,,,,,,,,,,,,,,,,,,,,,,,,-,-,,,,,,,,,,,,,,,,,,,,,,,,,
,04-22-2015,07:33:25, Lane 1 ,Fwd,FF,,740,10,23,,6,8.95,36.84,8.72,26.08,9.79,,,,,,,,,,,,,,,,,,,,90.38,-,,,,,,,,,,,,,,,,,,,,,,,,,-,-,,,,,,,,,,,,,,,,,,,,,,,,,
,04-22-2015,07:33:29, Lane 1 ,Fwd,FF,,741,2,20,,2,9.13,,,,,,,,,,,,,,,,,,,,,,,,9.13,-,,,,,,,,,,,,,,,,,,,,,,,,,-,-,,,,,,,,,,,,,,,,,,,,,,,,,
,04-22-2015,07:33:31, Lane 1 ,Fwd,FF,,742,2,23,,2,8.92,,,,,,,,,,,,,,,,,,,,,,,,8.92,-,,,,,,,,,,,,,,,,,,,,,,,,,-,-,,,,,,,,,,,,,,,,,,,,,,,,,
,04-22-2015,07:33:41, Lane 1 ,Fwd,FF,,743,10,24,,6,1.59,13.55,4.21,32.21,4.14,,,,,,,,,,,,,,,,,,,,55.70,-,,,,,,,,,,,,,,,,,,,,,,,,,-,-,,,,,,,,,,,,,,,,,,,,,,,,,
,04-22-2015,07:33:44, Lane 1 ,Fwd,FF,,744,2,21,,4,1.16,12.71,15.13,,,,,,,,,,,,,,,,,,,,,,29.00,-,,,,,,,,,,,,,,,,,,,,,,,,,-,-,,,,,,,,,,,,,,,,,,,,,,,,,
,04-22-2015,07:33:47, Lane 1 ,Fwd,FF,,745,2,20,,2,8.82,,,,,,,,,,,,,,,,,,,,,,,,8.82,-,,,,,,,,,,,,,,,,,,,,,,,,,-,-,,,,,,,,,,,,,,,,,,,,,,,,,
,04-22-2015,07:33:48, Lane 1 ,Fwd,FF,,746,2,20,,2,8.45,,,,,,,,,,,,,,,,,,,,,,,,8.45,-,,,,,,,,,,,,,,,,,,,,,,,,,-,-,,,,,,,,,,,,,,,,,,,,,,,,,
,04-22-2015,07:33:50, Lane 1 ,Fwd,FF,,747,2,21,,2,8.91,,,,,,,,,,,,,,,,,,,,,,,,8.91,-,,,,,,,,,,,,,,,,,,,,,,,,,-,-,,,,,,,,,,,,,,,,,,,,,,,,,
,04-22-2015,07:33:54, Lane 1 ,Fwd,FF,,748,3,19,,2,11.47,,,,,,,,,,,,,,,,,,,,,,,,11.47,-,,,,,,,,,,,,,,,,,,,,,,,,,-,-,,,,,,,,,,,,,,,,,,,,,,,,,
,04-22-2015,07:33:56, Lane 1 ,Fwd,FF,,749,2,18,,2,8.15,,,,,,,,,,,,,,,,,,,,,,,,8.15,-,,,,,,,,,,,,,,,,,,,,,,,,,-,-,,,,,,,,,,,,,,,,,,,,,,,,,
,04-22-2015,07:33:58, Lane 1 ,Fwd,FF,,750,2,19,,2,8.64,,,,,,,,,,,,,,,,,,,,,,,,8.64,-,,,,,,,,,,,,,,,,,,,,,,,,,-,-,,,,,,,,,,,,,,,,,,,,,,,,,
,04-22-2015,07:34:01, Lane 1 ,Fwd,FF,,751,13,28,,7,15.18,1.90,59.93,2.56,13.61,2.64,,,,,,,,,,,,,,,,,,,95.82,-,,,,,,,,,,,,,,,,,,,,,,,,,-,-,,,,,,,,,,,,,,,,,,,,,,,,,
,04-22-2015,07:34:05, Lane 1 ,Fwd,FF,,752,6,14,,3,12.90,0.98,,,,,,,,,,,,,,,,,,,,,,,13.88,-,,,,,,,,,,,,,,,,,,,,,,,,,-,-,,,,,,,,,,,,,,,,,,,,,,,,,
,04-22-2015,07:34:08, Lane 1 ,Fwd,FF,,753,6,13,,3,9.13,1.20,,,,,,,,,,,,,,,,,,,,,,,10.33,-,,,,,,,,,,,,,,,,,,,,,,,,,-,-,,,,,,,,,,,,,,,,,,,,,,,,,
,04-22-2015,07:34:12, Lane 1 ,Fwd,FF,,754,9,28,,5,1.94,2.35,26.40,4.49,,,,,,,,,,,,,,,,,,,,,35.18,-,,,,,,,,,,,,,,,,,,,,,,,,,-,-,,,,,,,,,,,,,,,,,,,,,,,,,
,04-22-2015,07:34:16, Lane 1 ,Fwd,FF,,755,2,28,,1,,,,,,,,,,,,,,,,,,,,,,,,,0.00,-,,,,,,,,,,,,,,,,,,,,,,,,,-,-,,,,,,,,,,,,,,,,,,,,,,,,,
,04-22-2015,07:34:28, Lane 1 ,Rev,FF,,756,9,28,,5,1.49,10.23,59.56,5.94,,,,,,,,,,,,,,,,,,,,,77.22,-,,,,,,,,,,,,,,,,,,,,,,,,,-,-,,,,,,,,,,,,,,,,,,,,,,,,,
,04-22-2015,07:34:29, Lane 1 ,Fwd,FF,,757,15,28,,9,2.10,2.35,28.75,119.70,25.37,2.81,141.48,24.21,,,,,,,,,,,,,,,,,346.77,-,,,,,,,,,,,,,,,,,,,,,,,,,-,-,,,,,,,,,,,,,,,,,,,,,,,,,
,04-22-2015,07:34:29, Lane 1 ,Fwd,FF,,758,3,28,,2,12.70,,,,,,,,,,,,,,,,,,,,,,,,12.70,-,,,,,,,,,,,,,,,,,,,,,,,,,-,-,,,,,,,,,,,,,,,,,,,,,,,,,
,04-22-2015,07:34:43, Lane 1 ,Fwd,FF,,759,10,19,,6,9.33,26.68,8.29,21.88,7.34,,,,,,,,,,,,,,,,,,,,73.52,-,,,,,,,,,,,,,,,,,,,,,,,,,-,-,,,,,,,,,,,,,,,,,,,,,,,,,
,04-22-2015,07:34:48, Lane 1 ,Fwd,FF,,760,2,23,,2,8.98,,,,,,,,,,,,,,,,,,,,,,,,8.98,-,,,,,,,,,,,,,,,,,,,,,,,,,-,-,,,,,,,,,,,,,,,,,,,,,,,,,
,04-22-2015,07:34:51, Lane 1 ,Fwd,FF,,761,2,24,,2,8.07,,,,,,,,,,,,,,,,,,,,,,,,8.07,-,,,,,,,,,,,,,,,,,,,,,,,,,-,-,,,,,,,,,,,,,,,,,,,,,,,,,
,04-22-2015,07:34:53, Lane 1 ,Fwd,FF,,762,2,21,,2,9.04,,,,,,,,,,,,,,,,,,,,,,,,9.04,-,,,,,,,,,,,,,,,,,,,,,,,,,-,-,,,,,,,,,,,,,,,,,,,,,,,,,
,04-22-2015,07:34:56, Lane 1 ,Fwd,FF,,763,2,23,,2,8.34,,,,,,,,,,,,,,,,,,,,,,,,8.34,-,,,,,,,,,,,,,,,,,,,,,,,,,-,-,,,,,,,,,,,,,,,,,,,,,,,,,
,04-22-2015,07:34:58, Lane 1 ,Fwd,FF,,764,2,23,,2,9.69,,,,,,,,,,,,,,,,,,,,,,,,9.69,-,,,,,,,,,,,,,,,,,,,,,,,,,-,-,,,,,,,,,,,,,,,,,,,,,,,,,
,04-22-2015,07:35:01, Lane 1 ,Fwd,FF,,765,2,26,,2,8.30,,,,,,,,,,,,,,,,,,,,,,,,8.30,-,,,,,,,,,,,,,,,,,,,,,,,,,-,-,,,,,,,,,,,,,,,,,,,,,,,,,
,04-22-2015,07:35:06, Lane 1 ,Fwd,FF,,766,2,22,,2,9.15,,,,,,,,,,,,,,,,,,,,,,,,9.15,-,,,,,,,,,,,,,,,,,,,,,,,,,-,-,,,,,,,,,,,,,,,,,,,,,,,,,
,04-22-2015,07:35:11, Lane 1 ,Fwd,FF,,767,2,26,,2,9.27,,,,,,,,,,,,,,,,,,,,,,,,9.27,-,,,,,,,,,,,,,,,,,,,,,,,,,-,-,,,,,,,,,,,,,,,,,,,,,,,,,
,04-22-2015,07:35:14, Lane 1 ,Fwd,FF,,768,3,28,,2,12.74,,,,,,,,,,,,,,,,,,,,,,,,12.74,-,,,,,,,,,,,,,,,,,,,,,,,,,-,-,,,,,,,,,,,,,,,,,,,,,,,,,
,04-22-2015,07:35:17, Lane 1 ,Fwd,FF,,769,2,29,,2,8.28,,,,,,,,,,,,,,,,,,,,,,,,8.28,-,,,,,,,,,,,,,,,,,,,,,,,,,-,-,,,,,,,,,,,,,,,,,,,,,,,,,
,04-22-2015,07:35:19, Lane 1 ,Fwd,FF,,770,2,33,,2,9.36,,,,,,,,,,,,,,,,,,,,,,,,9.36,-,,,,,,,,,,,,,,,,,,,,,,,,,-,-,,,,,,,,,,,,,,,,,,,,,,,,,
,04-22-2015,07:35:21, Lane 1 ,Fwd,FF,,771,2,34,,2,8.74,,,,,,,,,,,,,,,,,,,,,,,,8.74,-,,,,,,,,,,,,,,,,,,,,,,,,,-,-,,,,,,,,,,,,,,,,,,,,,,,,,
,04-22-2015,07:35:24, Lane 1 ,Fwd,FF,,772,2,34,,2,9.83,,,,,,,,,,,,,,,,,,,,,,,,9.83,-,,,,,,,,,,,,,,,,,,,,,,,,,-,-,,,,,,,,,,,,,,,,,,,,,,,,,
,04-22-2015,07:35:27, Lane 1 ,Fwd,FF,,773,2,36,,2,8.45,,,,,,,,,,,,,,,,,,,,,,,,8.45,-,,,,,,,,,,,,,,,,,,,,,,,,,-,-,,,,,,,,,,,,,,,,,,,,,,,,,
,04-22-2015,07:35:30, Lane 1 ,Fwd,FF,,774,2,34,,2,8.94,,,,,,,,,,,,,,,,,,,,,,,,8.94,-,,,,,,,,,,,,,,,,,,,,,,,,,-,-,,,,,,,,,,,,,,,,,,,,,,,,,
,04-22-2015,07:35:32, Lane 1 ,Fwd,FF,,775,2,29,,2,8.46,,,,,,,,,,,,,,,,,,,,,,,,8.46,-,,,,,,,,,,,,,,,,,,,,,,,,,-,-,,,,,,,,,,,,,,,,,,,,,,,,,
,04-22-2015,07:35:35, Lane 1 ,Fwd,FF,,776,2,31,,2,8.64,,,,,,,,,,,,,,,,,,,,,,,,8.64,-,,,,,,,,,,,,,,,,,,,,,,,,,-,-,,,,,,,,,,,,,,,,,,,,,,,,,
,04-22-2015,07:35:38, Lane 1 ,Fwd,FF,,777,2,31,,2,8.81,,,,,,,,,,,,,,,,,,,,,,,,8.81,-,,,,,,,,,,,,,,,,,,,,,,,,,-,-,,,,,,,,,,,,,,,,,,,,,,,,,
,04-22-2015,07:35:41, Lane 1 ,Fwd,FF,,778,2,27,,2,8.41,,,,,,,,,,,,,,,,,,,,,,,,8.41,-,,,,,,,,,,,,,,,,,,,,,,,,,-,-,,,,,,,,,,,,,,,,,,,,,,,,,
,04-22-2015,07:35:43, Lane 1 ,Fwd,FF,,779,2,32,,2,9.73,,,,,,,,,,,,,,,,,,,,,,,,9.73,-,,,,,,,,,,,,,,,,,,,,,,,,,-,-,,,,,,,,,,,,,,,,,,,,,,,,,
,04-22-2015,07:35:46, Lane 1 ,Fwd,FF,,780,2,29,,2,9.02,,,,,,,,,,,,,,,,,,,,,,,,9.02,-,,,,,,,,,,,,,,,,,,,,,,,,,-,-,,,,,,,,,,,,,,,,,,,,,,,,,
,04-22-2015,07:35:48, Lane 1 ,Fwd,FF,,781,2,30,,2,8.76,,,,,,,,,,,,,,,,,,,,,,,,8.76,-,,,,,,,,,,,,,,,,,,,,,,,,,-,-,,,,,,,,,,,,,,,,,,,,,,,,,
,04-22-2015,07:35:50, Lane 1 ,Fwd,FF,,782,3,31,,2,11.87,,,,,,,,,,,,,,,,,,,,,,,,11.87,-,,,,,,,,,,,,,,,,,,,,,,,,,-,-,,,,,,,,,,,,,,,,,,,,,,,,,
,04-22-2015,07:35:52, Lane 1 ,Fwd,FF,,783,2,29,,2,8.94,,,,,,,,,,,,,,,,,,,,,,,,8.94,-,,,,,,,,,,,,,,,,,,,,,,,,,-,-,,,,,,,,,,,,,,,,,,,,,,,,,
,04-22-2015,07:35:54, Lane 1 ,Fwd,FF,,784,2,30,,2,8.43,,,,,,,,,,,,,,,,,,,,,,,,8.43,-,,,,,,,,,,,,,,,,,,,,,,,,,-,-,,,,,,,,,,,,,,,,,,,,,,,,,
,04-22-2015,07:35:57, Lane 1 ,Fwd,FF,,785,2,29,,2,9.37,,,,,,,,,,,,,,,,,,,,,,,,9.37,-,,,,,,,,,,,,,,,,,,,,,,,,,-,-,,,,,,,,,,,,,,,,,,,,,,,,,
,04-22-2015,07:36:00, Lane 1 ,Fwd,FF,,786,2,30,,2,7.74,,,,,,,,,,,,,,,,,,,,,,,,7.74,-,,,,,,,,,,,,,,,,,,,,,,,,,-,-,,,,,,,,,,,,,,,,,,,,,,,,,
,04-22-2015,07:36:01, Lane 1 ,Fwd,FF,,787,2,31,,2,8.59,,,,,,,,,,,,,,,,,,,,,,,,8.59,-,,,,,,,,,,,,,,,,,,,,,,,,,-,-,,,,,,,,,,,,,,,,,,,,,,,,,
,04-22-2015,07:36:04, Lane 1 ,Fwd,FF,,788,2,32,,2,8.73,,,,,,,,,,,,,,,,,,,,,,,,8.73,-,,,,,,,,,,,,,,,,,,,,,,,,,-,-,,,,,,,,,,,,,,,,,,,,,,,,,
,04-22-2015,07:36:08, Lane 1 ,Fwd,FF,,789,2,32,,2,9.27,,,,,,,,,,,,,,,,,,,,,,,,9.27,-,,,,,,,,,,,,,,,,,,,,,,,,,-,-,,,,,,,,,,,,,,,,,,,,,,,,,
,04-22-2015,07:36:10, Lane 1 ,Fwd,FF,,790,3,30,,2,11.25,,,,,,,,,,,,,,,,,,,,,,,,11.25,-,,,,,,,,,,,,,,,,,,,,,,,,,-,-,,,,,,,,,,,,,,,,,,,,,,,,,
,04-22-2015,07:36:12, Lane 1 ,Fwd,FF,,791,2,30,,2,9.69,,,,,,,,,,,,,,,,,,,,,,,,9.69,-,,,,,,,,,,,,,,,,,,,,,,,,,-,-,,,,,,,,,,,,,,,,,,,,,,,,,
,04-22-2015,07:36:14, Lane 1 ,Fwd,FF,,792,2,29,,2,9.00,,,,,,,,,,,,,,,,,,,,,,,,9.00,-,,,,,,,,,,,,,,,,,,,,,,,,,-,-,,,,,,,,,,,,,,,,,,,,,,,,,
,04-22-2015,07:36:15, Lane 1 ,Fwd,FF,,793,3,30,,2,11.03,,,,,,,,,,,,,,,,,,,,,,,,11.03,-,,,,,,,,,,,,,,,,,,,,,,,,,-,-,,,,,,,,,,,,,,,,,,,,,,,,,
,04-22-2015,07:36:18, Lane 1 ,Fwd,FF,,794,2,32,,2,8.77,,,,,,,,,,,,,,,,,,,,,,,,8.77,-,,,,,,,,,,,,,,,,,,,,,,,,,-,-,,,,,,,,,,,,,,,,,,,,,,,,,
,04-22-2015,07:36:20, Lane 1 ,Fwd,FF,,795,3,32,,2,10.55,,,,,,,,,,,,,,,,,,,,,,,,10.55,-,,,,,,,,,,,,,,,,,,,,,,,,,-,-,,,,,,,,,,,,,,,,,,,,,,,,,
,04-22-2015,07:36:22, Lane 1 ,Fwd,FF,,796,2,32,,2,9.73,,,,,,,,,,,,,,,,,,,,,,,,9.73,-,,,,,,,,,,,,,,,,,,,,,,,,,-,-,,,,,,,,,,,,,,,,,,,,,,,,,
,04-22-2015,07:36:25, Lane 1 ,Fwd,FF,,797,2,34,,2,8.90,,,,,,,,,,,,,,,,,,,,,,,,8.90,-,,,,,,,,,,,,,,,,,,,,,,,,,-,-,,,,,,,,,,,,,,,,,,,,,,,,,
,04-22-2015,07:36:28, Lane 1 ,Fwd,FF,,798,2,31,,2,8.49,,,,,,,,,,,,,,,,,,,,,,,,8.49,-,,,,,,,,,,,,,,,,,,,,,,,,,-,-,,,,,,,,,,,,,,,,,,,,,,,,,
,04-22-2015,07:36:30, Lane 1 ,Fwd,FF,,799,2,32,,2,8.33,,,,,,,,,,,,,,,,,,,,,,,,8.33,-,,,,,,,,,,,,,,,,,,,,,,,,,-,-,,,,,,,,,,,,,,,,,,,,,,,,,
,04-22-2015,07:36:32, Lane 1 ,Fwd,FF,,800,2,33,,2,9.11,,,,,,,,,,,,,,,,,,,,,,,,9.11,-,,,,,,,,,,,,,,,,,,,,,,,,,-,-,,,,,,,,,,,,,,,,,,,,,,,,,
,04-22-2015,07:36:35, Lane 1 ,Fwd,FF,,801,2,29,,2,9.84,,,,,,,,,,,,,,,,,,,,,,,,9.84,-,,,,,,,,,,,,,,,,,,,,,,,,,-,-,,,,,,,,,,,,,,,,,,,,,,,,,
,04-22-2015,07:36:38, Lane 1 ,Fwd,FF,,802,3,28,,2,10.47,,,,,,,,,,,,,,,,,,,,,,,,10.47,-,,,,,,,,,,,,,,,,,,,,,,,,,-,-,,,,,,,,,,,,,,,,,,,,,,,,,
,04-22-2015,07:36:40, Lane 1 ,Fwd,FF,,803,3,28,,4,12.49,13.85,2.80,,,,,,,,,,,,,,,,,,,,,,29.14,-,,,,,,,,,,,,,,,,,,,,,,,,,-,-,,,,,,,,,,,,,,,,,,,,,,,,,
,04-22-2015,07:36:42, Lane 1 ,Fwd,FF,,804,2,28,,2,8.48,,,,,,,,,,,,,,,,,,,,,,,,8.48,-,,,,,,,,,,,,,,,,,,,,,,,,,-,-,,,,,,,,,,,,,,,,,,,,,,,,,
,04-22-2015,07:36:45, Lane 1 ,Fwd,FF,,805,3,27,,2,11.92,,,,,,,,,,,,,,,,,,,,,,,,11.92,-,,,,,,,,,,,,,,,,,,,,,,,,,-,-,,,,,,,,,,,,,,,,,,,,,,,,,
,04-22-2015,07:36:48, Lane 1 ,Fwd,FF,,806,3,25,,2,10.55,,,,,,,,,,,,,,,,,,,,,,,,10.55,-,,,,,,,,,,,,,,,,,,,,,,,,,-,-,,,,,,,,,,,,,,,,,,,,,,,,,
,04-22-2015,07:36:51, Lane 1 ,Fwd,FF,,807,2,28,,2,8.99,,,,,,,,,,,,,,,,,,,,,,,,8.99,-,,,,,,,,,,,,,,,,,,,,,,,,,-,-,,,,,,,,,,,,,,,,,,,,,,,,,
,04-22-2015,07:36:54, Lane 1 ,Fwd,FF,,808,2,30,,2,8.81,,,,,,,,,,,,,,,,,,,,,,,,8.81,-,,,,,,,,,,,,,,,,,,,,,,,,,-,-,,,,,,,,,,,,,,,,,,,,,,,,,
,04-22-2015,07:36:56, Lane 1 ,Fwd,FF,,809,2,29,,2,7.96,,,,,,,,,,,,,,,,,,,,,,,,7.96,-,,,,,,,,,,,,,,,,,,,,,,,,,-,-,,,,,,,,,,,,,,,,,,,,,,,,,
,04-22-2015,07:36:58, Lane 1 ,Fwd,FF,,810,2,29,,2,8.41,,,,,,,,,,,,,,,,,,,,,,,,8.41,-,,,,,,,,,,,,,,,,,,,,,,,,,-,-,,,,,,,,,,,,,,,,,,,,,,,,,
,04-22-2015,07:37:00, Lane 1 ,Fwd,FF,,811,3,29,,2,10.29,,,,,,,,,,,,,,,,,,,,,,,,10.29,-,,,,,,,,,,,,,,,,,,,,,,,,,-,-,,,,,,,,,,,,,,,,,,,,,,,,,
,04-22-2015,07:37:02, Lane 1 ,Fwd,FF,,812,3,29,,2,10.28,,,,,,,,,,,,,,,,,,,,,,,,10.28,-,,,,,,,,,,,,,,,,,,,,,,,,,-,-,,,,,,,,,,,,,,,,,,,,,,,,,
,04-22-2015,07:37:04, Lane 1 ,Fwd,FF,,813,3,29,,2,10.31,,,,,,,,,,,,,,,,,,,,,,,,10.31,-,,,,,,,,,,,,,,,,,,,,,,,,,-,-,,,,,,,,,,,,,,,,,,,,,,,,,
,04-22-2015,07:37:06, Lane 1 ,Fwd,FF,,814,2,28,,2,8.71,,,,,,,,,,,,,,,,,,,,,,,,8.71,-,,,,,,,,,,,,,,,,,,,,,,,,,-,-,,,,,,,,,,,,,,,,,,,,,,,,,
,04-22-2015,07:37:09, Lane 1 ,Fwd,FF,,815,2,28,,2,9.96,,,,,,,,,,,,,,,,,,,,,,,,9.96,-,,,,,,,,,,,,,,,,,,,,,,,,,-,-,,,,,,,,,,,,,,,,,,,,,,,,,
,04-22-2015,07:37:11, Lane 1 ,Fwd,FF,,816,3,27,,4,11.68,15.25,2.77,,,,,,,,,,,,,,,,,,,,,,29.70,-,,,,,,,,,,,,,,,,,,,,,,,,,-,-,,,,,,,,,,,,,,,,,,,,,,,,,
,04-22-2015,07:37:14, Lane 1 ,Fwd,FF,,817,3,30,,2,10.62,,,,,,,,,,,,,,,,,,,,,,,,10.62,-,,,,,,,,,,,,,,,,,,,,,,,,,-,-,,,,,,,,,,,,,,,,,,,,,,,,,
,04-22-2015,07:37:17, Lane 1 ,Fwd,FF,,818,2,30,,2,8.89,,,,,,,,,,,,,,,,,,,,,,,,8.89,-,,,,,,,,,,,,,,,,,,,,,,,,,-,-,,,,,,,,,,,,,,,,,,,,,,,,,
,04-22-2015,07:37:20, Lane 1 ,Fwd,FF,,819,2,30,,2,8.72,,,,,,,,,,,,,,,,,,,,,,,,8.72,-,,,,,,,,,,,,,,,,,,,,,,,,,-,-,,,,,,,,,,,,,,,,,,,,,,,,,
,04-22-2015,07:37:23, Lane 1 ,Fwd,FF,,820,2,29,,2,8.44,,,,,,,,,,,,,,,,,,,,,,,,8.44,-,,,,,,,,,,,,,,,,,,,,,,,,,-,-,,,,,,,,,,,,,,,,,,,,,,,,,
,04-22-2015,07:37:25, Lane 1 ,Fwd,FF,,821,2,30,,2,9.35,,,,,,,,,,,,,,,,,,,,,,,,9.35,-,,,,,,,,,,,,,,,,,,,,,,,,,-,-,,,,,,,,,,,,,,,,,,,,,,,,,
,04-22-2015,07:37:27, Lane 1 ,Fwd,FF,,822,2,28,,2,9.97,,,,,,,,,,,,,,,,,,,,,,,,9.97,-,,,,,,,,,,,,,,,,,,,,,,,,,-,-,,,,,,,,,,,,,,,,,,,,,,,,,
,04-22-2015,07:37:31, Lane 1 ,Fwd,FF,,823,2,28,,2,9.65,,,,,,,,,,,,,,,,,,,,,,,,9.65,-,,,,,,,,,,,,,,,,,,,,,,,,,-,-,,,,,,,,,,,,,,,,,,,,,,,,,
,04-22-2015,07:37:33, Lane 1 ,Fwd,FF,,824,2,29,,2,9.02,,,,,,,,,,,,,,,,,,,,,,,,9.02,-,,,,,,,,,,,,,,,,,,,,,,,,,-,-,,,,,,,,,,,,,,,,,,,,,,,,,
,04-22-2015,07:37:35, Lane 1 ,Fwd,FF,,825,2,30,,2,9.83,,,,,,,,,,,,,,,,,,,,,,,,9.83,-,,,,,,,,,,,,,,,,,,,,,,,,,-,-,,,,,,,,,,,,,,,,,,,,,,,,,
,04-22-2015,07:37:39, Lane 1 ,Fwd,FF,,826,2,27,,2,8.71,,,,,,,,,,,,,,,,,,,,,,,,8.71,-,,,,,,,,,,,,,,,,,,,,,,,,,-,-,,,,,,,,,,,,,,,,,,,,,,,,,
,04-22-2015,07:37:41, Lane 1 ,Fwd,FF,,827,2,28,,2,9.07,,,,,,,,,,,,,,,,,,,,,,,,9.07,-,,,,,,,,,,,,,,,,,,,,,,,,,-,-,,,,,,,,,,,,,,,,,,,,,,,,,
,04-22-2015,07:37:43, Lane 1 ,Fwd,FF,,828,2,28,,2,8.72,,,,,,,,,,,,,,,,,,,,,,,,8.72,-,,,,,,,,,,,,,,,,,,,,,,,,,-,-,,,,,,,,,,,,,,,,,,,,,,,,,
,04-22-2015,07:37:44, Lane 1 ,Fwd,FF,,829,2,29,,2,8.74,,,,,,,,,,,,,,,,,,,,,,,,8.74,-,,,,,,,,,,,,,,,,,,,,,,,,,-,-,,,,,,,,,,,,,,,,,,,,,,,,,
,04-22-2015,07:37:46, Lane 1 ,Fwd,FF,,830,2,28,,2,9.19,,,,,,,,,,,,,,,,,,,,,,,,9.19,-,,,,,,,,,,,,,,,,,,,,,,,,,-,-,,,,,,,,,,,,,,,,,,,,,,,,,
,04-22-2015,07:37:48, Lane 1 ,Fwd,FF,,831,2,31,,2,8.28,,,,,,,,,,,,,,,,,,,,,,,,8.28,-,,,,,,,,,,,,,,,,,,,,,,,,,-,-,,,,,,,,,,,,,,,,,,,,,,,,,
,04-22-2015,07:37:53, Lane 1 ,Fwd,FF,,832,2,28,,2,9.30,,,,,,,,,,,,,,,,,,,,,,,,9.30,-,,,,,,,,,,,,,,,,,,,,,,,,,-,-,,,,,,,,,,,,,,,,,,,,,,,,,
,04-22-2015,07:37:56, Lane 1 ,Fwd,FF,,833,2,29,,2,8.95,,,,,,,,,,,,,,,,,,,,,,,,8.95,-,,,,,,,,,,,,,,,,,,,,,,,,,-,-,,,,,,,,,,,,,,,,,,,,,,,,,
,04-22-2015,07:38:01, Lane 1 ,Fwd,FF,,834,2,24,,4,7.53,36.25,11.02,,,,,,,,,,,,,,,,,,,,,,54.80,-,,,,,,,,,,,,,,,,,,,,,,,,,-,-,,,,,,,,,,,,,,,,,,,,,,,,,
,04-22-2015,07:38:05, Lane 1 ,Fwd,FF,,835,2,23,,2,7.46,,,,,,,,,,,,,,,,,,,,,,,,7.46,-,,,,,,,,,,,,,,,,,,,,,,,,,-,-,,,,,,,,,,,,,,,,,,,,,,,,,
,04-22-2015,07:38:07, Lane 1 ,Fwd,FF,,836,2,24,,2,9.44,,,,,,,,,,,,,,,,,,,,,,,,9.44,-,,,,,,,,,,,,,,,,,,,,,,,,,-,-,,,,,,,,,,,,,,,,,,,,,,,,,
,04-22-2015,07:38:10, Lane 1 ,Fwd,FF,,837,2,24,,2,8.92,,,,,,,,,,,,,,,,,,,,,,,,8.92,-,,,,,,,,,,,,,,,,,,,,,,,,,-,-,,,,,,,,,,,,,,,,,,,,,,,,,
,04-22-2015,07:38:12, Lane 1 ,Fwd,FF,,838,2,21,,4,8.46,35.60,8.68,,,,,,,,,,,,,,,,,,,,,,52.74,-,,,,,,,,,,,,,,,,,,,,,,,,,-,-,,,,,,,,,,,,,,,,,,,,,,,,,
,04-22-2015,07:38:15, Lane 1 ,Fwd,FF,,839,2,22,,4,9.12,38.06,9.44,,,,,,,,,,,,,,,,,,,,,,56.62,-,,,,,,,,,,,,,,,,,,,,,,,,,-,-,,,,,,,,,,,,,,,,,,,,,,,,,
,04-22-2015,07:38:20, Lane 1 ,Fwd,FF,,840,2,20,,2,8.74,,,,,,,,,,,,,,,,,,,,,,,,8.74,-,,,,,,,,,,,,,,,,,,,,,,,,,-,-,,,,,,,,,,,,,,,,,,,,,,,,,
,04-22-2015,07:38:22, Lane 1 ,Fwd,FF,,841,4,22,,2,22.82,,,,,,,,,,,,,,,,,,,,,,,,22.82,-,,,,,,,,,,,,,,,,,,,,,,,,,-,-,,,,,,,,,,,,,,,,,,,,,,,,,
,04-22-2015,07:38:26, Lane 1 ,Fwd,FF,,842,2,19,,2,9.63,,,,,,,,,,,,,,,,,,,,,,,,9.63,-,,,,,,,,,,,,,,,,,,,,,,,,,-,-,,,,,,,,,,,,,,,,,,,,,,,,,
,04-22-2015,07:38:28, Lane 1 ,Fwd,FF,,843,2,20,,2,9.64,,,,,,,,,,,,,,,,,,,,,,,,9.64,-,,,,,,,,,,,,,,,,,,,,,,,,,-,-,,,,,,,,,,,,,,,,,,,,,,,,,
,04-22-2015,07:38:30, Lane 1 ,Fwd,FF,,844,6,28,,3,12.51,2.66,,,,,,,,,,,,,,,,,,,,,,,15.17,-,,,,,,,,,,,,,,,,,,,,,,,,,-,-,,,,,,,,,,,,,,,,,,,,,,,,,
,04-22-2015,07:38:32, Lane 1 ,Fwd,FF,,845,6,28,,3,10.43,2.66,,,,,,,,,,,,,,,,,,,,,,,13.09,-,,,,,,,,,,,,,,,,,,,,,,,,,-,-,,,,,,,,,,,,,,,,,,,,,,,,,
,04-22-2015,07:38:34, Lane 1 ,Fwd,FF,,846,6,21,,3,7.94,1.94,,,,,,,,,,,,,,,,,,,,,,,9.88,-,,,,,,,,,,,,,,,,,,,,,,,,,-,-,,,,,,,,,,,,,,,,,,,,,,,,,
,04-22-2015,07:38:36, Lane 1 ,Fwd,FF,,847,2,23,,2,8.94,,,,,,,,,,,,,,,,,,,,,,,,8.94,-,,,,,,,,,,,,,,,,,,,,,,,,,-,-,,,,,,,,,,,,,,,,,,,,,,,,,
,04-22-2015,07:38:39, Lane 1 ,Fwd,FF,,848,9,28,,5,11.84,2.66,53.02,11.38,,,,,,,,,,,,,,,,,,,,,78.90,-,,,,,,,,,,,,,,,,,,,,,,,,,-,-,,,,,,,,,,,,,,,,,,,,,,,,,
,04-22-2015,07:38:42, Lane 1 ,Rev,FF,,849,15,28,,9,13.01,60.58,14.42,101.80,12.42,100.68,14.33,1.79,,,,,,,,,,,,,,,,,319.03,-,,,,,,,,,,,,,,,,,,,,,,,,,-,-,,,,,,,,,,,,,,,,,,,,,,,,,
,04-22-2015,07:38:53, Lane 1 ,Fwd,FF,,850,2,28,,4,13.80,2.70,59.46,,,,,,,,,,,,,,,,,,,,,,75.96,-,,,,,,,,,,,,,,,,,,,,,,,,,-,-,,,,,,,,,,,,,,,,,,,,,,,,,
,04-22-2015,07:38:55, Lane 1 ,Fwd,FF,,851,2,28,,4,2.12,72.47,27.26,,,,,,,,,,,,,,,,,,,,,,101.85,-,,,,,,,,,,,,,,,,,,,,,,,,,-,-,,,,,,,,,,,,,,,,,,,,,,,,,
,04-22-2015,07:38:57, Lane 1 ,Rev,FF,,852,9,28,,5,2.37,2.16,38.89,6.40,,,,,,,,,,,,,,,,,,,,,49.82,-,,,,,,,,,,,,,,,,,,,,,,,,,-,-,,,,,,,,,,,,,,,,,,,,,,,,,
,04-22-2015,07:39:23, Lane 1 ,Fwd,FF,,853,1,28,,2,4.40,,,,,,,,,,,,,,,,,,,,,,,,4.40,-,,,,,,,,,,,,,,,,,,,,,,,,,-,-,,,,,,,,,,,,,,,,,,,,,,,,,
,04-22-2015,07:39:30, Lane 1 ,Fwd,FF,,854,2,28,,4,1.95,2.41,26.88,,,,,,,,,,,,,,,,,,,,,,31.24,-,,,,,,,,,,,,,,,,,,,,,,,,,-,-,,,,,,,,,,,,,,,,,,,,,,,,,
,04-22-2015,07:39:30, Lane 1 ,Fwd,FF,,855,10,28,,6,24.31,72.30,2.29,17.29,2.70,,,,,,,,,,,,,,,,,,,,118.89,-,,,,,,,,,,,,,,,,,,,,,,,,,-,-,,,,,,,,,,,,,,,,,,,,,,,,,
,04-22-2015,07:39:40, Lane 1 ,Fwd,FF,,856,2,28,,4,2.62,103.84,16.79,,,,,,,,,,,,,,,,,,,,,,123.25,-,,,,,,,,,,,,,,,,,,,,,,,,,-,-,,,,,,,,,,,,,,,,,,,,,,,,,
,04-22-2015,07:39:46, Lane 1 ,Fwd,FF,,857,10,28,,6,2.54,14.83,2.66,61.29,17.66,,,,,,,,,,,,,,,,,,,,98.98,-,,,,,,,,,,,,,,,,,,,,,,,,,-,-,,,,,,,,,,,,,,,,,,,,,,,,,
,04-22-2015,07:39:52, Lane 1 ,Fwd,FF,,858,2,14,,4,1.31,7.77,1.29,,,,,,,,,,,,,,,,,,,,,,10.37,-,,,,,,,,,,,,,,,,,,,,,,,,,-,-,,,,,,,,,,,,,,,,,,,,,,,,,
,04-22-2015,07:39:54, Lane 1 ,Fwd,FF,,859,15,28,,10,2.66,14.17,2.66,61.29,2.58,14.54,2.58,69.06,14.92,,,,,,,,,,,,,,,,184.46,-,,,,,,,,,,,,,,,,,,,,,,,,,-,-,,,,,,,,,,,,,,,,,,,,,,,,,
,04-22-2015,07:40:02, Lane 1 ,Fwd,FF,,860,6,28,,3,16.20,2.70,,,,,,,,,,,,,,,,,,,,,,,18.90,-,,,,,,,,,,,,,,,,,,,,,,,,,-,-,,,,,,,,,,,,,,,,,,,,,,,,,
,04-22-2015,07:40:07, Lane 1 ,Fwd,FF,,861,13,28,,7,1.75,13.34,1.70,59.50,14.63,2.62,,,,,,,,,,,,,,,,,,,93.54,-,,,,,,,,,,,,,,,,,,,,,,,,,-,-,,,,,,,,,,,,,,,,,,,,,,,,,
,04-22-2015,07:40:12, Lane 1 ,Fwd,FF,,862,2,28,,4,2.82,21.65,2.87,,,,,,,,,,,,,,,,,,,,,,27.34,-,,,,,,,,,,,,,,,,,,,,,,,,,-,-,,,,,,,,,,,,,,,,,,,,,,,,,
,04-22-2015,07:40:20, Lane 1 ,Rev,FF,,863,2,28,,4,2.29,4.16,83.31,,,,,,,,,,,,,,,,,,,,,,89.76,-,,,,,,,,,,,,,,,,,,,,,,,,,-,-,,,,,,,,,,,,,,,,,,,,,,,,,
,04-22-2015,07:40:27, Lane 1 ,Fwd,FF,,864,9,28,,5,2.12,2.99,35.98,4.49,,,,,,,,,,,,,,,,,,,,,45.58,-,,,,,,,,,,,,,,,,,,,,,,,,,-,-,,,,,,,,,,,,,,,,,,,,,,,,,
,04-22-2015,07:40:32, Lane 1 ,Fwd,FF,,865,2,28,,4,4.57,32.29,4.61,,,,,,,,,,,,,,,,,,,,,,41.47,-,,,,,,,,,,,,,,,,,,,,,,,,,-,-,,,,,,,,,,,,,,,,,,,,,,,,,
,04-22-2015,07:40:39, Lane 1 ,Fwd,FF,,866,2,28,,4,27.47,94.95,24.06,,,,,,,,,,,,,,,,,,,,,,146.48,-,,,,,,,,,,,,,,,,,,,,,,,,,-,-,,,,,,,,,,,,,,,,,,,,,,,,,
,04-22-2015,07:40:48, Lane 1 ,Fwd,FF,,867,4,28,,2,22.40,,,,,,,,,,,,,,,,,,,,,,,,22.40,-,,,,,,,,,,,,,,,,,,,,,,,,,-,-,,,,,,,,,,,,,,,,,,,,,,,,,
,04-22-2015,07:40:51, Lane 1 ,Fwd,FF,,868,4,28,,2,20.32,,,,,,,,,,,,,,,,,,,,,,,,20.32,-,,,,,,,,,,,,,,,,,,,,,,,,,-,-,,,,,,,,,,,,,,,,,,,,,,,,,
,04-22-2015,07:40:53, Lane 1 ,Fwd,FF,,869,2,13,,4,1.23,7.17,1.19,,,,,,,,,,,,,,,,,,,,,,9.59,-,,,,,,,,,,,,,,,,,,,,,,,,,-,-,,,,,,,,,,,,,,,,,,,,,,,,,
,04-22-2015,07:40:57, Lane 1 ,Fwd,FF,,870,6,13,,3,9.69,1.21,,,,,,,,,,,,,,,,,,,,,,,10.90,-,,,,,,,,,,,,,,,,,,,,,,,,,-,-,,,,,,,,,,,,,,,,,,,,,,,,,
,04-22-2015,07:41:00, Lane 1 ,Fwd,FF,,871,2,28,,3,2.66,15.25,,,,,,,,,,,,,,,,,,,,,,,17.91,-,,,,,,,,,,,,,,,,,,,,,,,,,-,-,,,,,,,,,,,,,,,,,,,,,,,,,
,04-22-2015,07:41:03, Lane 1 ,Fwd,FF,,872,5,28,,2,16.00,,,,,,,,,,,,,,,,,,,,,,,,16.00,-,,,,,,,,,,,,,,,,,,,,,,,,,-,-,,,,,,,,,,,,,,,,,,,,,,,,,
,04-22-2015,07:41:06, Lane 1 ,Fwd,FF,,873,2,28,,4,15.58,66.77,15.79,,,,,,,,,,,,,,,,,,,,,,98.14,-,,,,,,,,,,,,,,,,,,,,,,,,,-,-,,,,,,,,,,,,,,,,,,,,,,,,,
,04-22-2015,07:41:10, Lane 1 ,Fwd,FF,,874,2,17,,2,9.06,,,,,,,,,,,,,,,,,,,,,,,,9.06,-,,,,,,,,,,,,,,,,,,,,,,,,,-,-,,,,,,,,,,,,,,,,,,,,,,,,,
,04-22-2015,07:41:12, Lane 1 ,Fwd,FF,,875,2,28,,4,14.33,54.06,13.13,,,,,,,,,,,,,,,,,,,,,,81.52,-,,,,,,,,,,,,,,,,,,,,,,,,,-,-,,,,,,,,,,,,,,,,,,,,,,,,,
,04-22-2015,07:41:16, Lane 1 ,Fwd,FF,,876,2,18,,2,8.95,,,,,,,,,,,,,,,,,,,,,,,,8.95,-,,,,,,,,,,,,,,,,,,,,,,,,,-,-,,,,,,,,,,,,,,,,,,,,,,,,,
,04-22-2015,07:41:18, Lane 1 ,Fwd,FF,,877,2,21,,2,8.55,,,,,,,,,,,,,,,,,,,,,,,,8.55,-,,,,,,,,,,,,,,,,,,,,,,,,,-,-,,,,,,,,,,,,,,,,,,,,,,,,,
,04-22-2015,07:41:20, Lane 1 ,Fwd,FF,,878,3,21,,2,11.05,,,,,,,,,,,,,,,,,,,,,,,,11.05,-,,,,,,,,,,,,,,,,,,,,,,,,,-,-,,,,,,,,,,,,,,,,,,,,,,,,,
,04-22-2015,07:41:22, Lane 1 ,Fwd,FF,,879,2,22,,2,9.22,,,,,,,,,,,,,,,,,,,,,,,,9.22,-,,,,,,,,,,,,,,,,,,,,,,,,,-,-,,,,,,,,,,,,,,,,,,,,,,,,,
,04-22-2015,07:41:25, Lane 1 ,Fwd,FF,,880,2,22,,2,8.70,,,,,,,,,,,,,,,,,,,,,,,,8.70,-,,,,,,,,,,,,,,,,,,,,,,,,,-,-,,,,,,,,,,,,,,,,,,,,,,,,,
,04-22-2015,07:41:27, Lane 1 ,Fwd,FF,,881,2,21,,2,8.96,,,,,,,,,,,,,,,,,,,,,,,,8.96,-,,,,,,,,,,,,,,,,,,,,,,,,,-,-,,,,,,,,,,,,,,,,,,,,,,,,,
,04-22-2015,07:41:29, Lane 1 ,Fwd,FF,,882,2,21,,2,7.99,,,,,,,,,,,,,,,,,,,,,,,,7.99,-,,,,,,,,,,,,,,,,,,,,,,,,,-,-,,,,,,,,,,,,,,,,,,,,,,,,,
,04-22-2015,07:41:33, Lane 1 ,Fwd,FF,,883,3,19,,2,11.95,,,,,,,,,,,,,,,,,,,,,,,,11.95,-,,,,,,,,,,,,,,,,,,,,,,,,,-,-,,,,,,,,,,,,,,,,,,,,,,,,,
,04-22-2015,07:41:36, Lane 1 ,Fwd,FF,,884,3,21,,2,11.00,,,,,,,,,,,,,,,,,,,,,,,,11.00,-,,,,,,,,,,,,,,,,,,,,,,,,,-,-,,,,,,,,,,,,,,,,,,,,,,,,,
,04-22-2015,07:41:39, Lane 1 ,Fwd,FF,,885,2,20,,4,9.05,36.66,9.65,,,,,,,,,,,,,,,,,,,,,,55.36,-,,,,,,,,,,,,,,,,,,,,,,,,,-,-,,,,,,,,,,,,,,,,,,,,,,,,,
,04-22-2015,07:41:43, Lane 1 ,Fwd,FF,,886,2,28,,3,1.54,13.13,,,,,,,,,,,,,,,,,,,,,,,14.67,-,,,,,,,,,,,,,,,,,,,,,,,,,-,-,,,,,,,,,,,,,,,,,,,,,,,,,
,04-22-2015,07:41:45, Lane 1 ,Fwd,FF,,887,2,21,,2,9.08,,,,,,,,,,,,,,,,,,,,,,,,9.08,-,,,,,,,,,,,,,,,,,,,,,,,,,-,-,,,,,,,,,,,,,,,,,,,,,,,,,
,04-22-2015,07:41:47, Lane 1 ,Fwd,FF,,888,2,20,,2,8.77,,,,,,,,,,,,,,,,,,,,,,,,8.77,-,,,,,,,,,,,,,,,,,,,,,,,,,-,-,,,,,,,,,,,,,,,,,,,,,,,,,
,04-22-2015,07:41:49, Lane 1 ,Fwd,FF,,889,2,20,,4,8.77,25.13,9.03,,,,,,,,,,,,,,,,,,,,,,42.93,-,,,,,,,,,,,,,,,,,,,,,,,,,-,-,,,,,,,,,,,,,,,,,,,,,,,,,
,04-22-2015,07:42:01, Lane 1 ,Fwd,FF,,890,3,26,,2,11.81,,,,,,,,,,,,,,,,,,,,,,,,11.81,-,,,,,,,,,,,,,,,,,,,,,,,,,-,-,,,,,,,,,,,,,,,,,,,,,,,,,
,04-22-2015,07:42:04, Lane 1 ,Fwd,FF,,891,2,25,,2,8.24,,,,,,,,,,,,,,,,,,,,,,,,8.24,-,,,,,,,,,,,,,,,,,,,,,,,,,-,-,,,,,,,,,,,,,,,,,,,,,,,,,
,04-22-2015,07:42:06, Lane 1 ,Fwd,FF,,892,2,27,,2,8.39,,,,,,,,,,,,,,,,,,,,,,,,8.39,-,,,,,,,,,,,,,,,,,,,,,,,,,-,-,,,,,,,,,,,,,,,,,,,,,,,,,
,04-22-2015,07:42:08, Lane 1 ,Fwd,FF,,893,2,25,,3,2.35,8.12,,,,,,,,,,,,,,,,,,,,,,,10.47,-,,,,,,,,,,,,,,,,,,,,,,,,,-,-,,,,,,,,,,,,,,,,,,,,,,,,,
,04-22-2015,07:42:10, Lane 1 ,Fwd,FF,,894,9,27,,5,11.69,16.61,2.78,2.46,,,,,,,,,,,,,,,,,,,,,33.54,-,,,,,,,,,,,,,,,,,,,,,,,,,-,-,,,,,,,,,,,,,,,,,,,,,,,,,
,04-22-2015,07:42:12, Lane 1 ,Fwd,FF,,895,2,27,,2,8.43,,,,,,,,,,,,,,,,,,,,,,,,8.43,-,,,,,,,,,,,,,,,,,,,,,,,,,-,-,,,,,,,,,,,,,,,,,,,,,,,,,
,04-22-2015,07:42:16, Lane 1 ,Fwd,FF,,896,2,24,,2,9.06,,,,,,,,,,,,,,,,,,,,,,,,9.06,-,,,,,,,,,,,,,,,,,,,,,,,,,-,-,,,,,,,,,,,,,,,,,,,,,,,,,
,04-22-2015,07:42:22, Lane 1 ,Fwd,FF,,897,2,25,,2,9.70,,,,,,,,,,,,,,,,,,,,,,,,9.70,-,,,,,,,,,,,,,,,,,,,,,,,,,-,-,,,,,,,,,,,,,,,,,,,,,,,,,
,04-22-2015,07:42:24, Lane 1 ,Fwd,FF,,898,6,24,,3,8.97,2.22,,,,,,,,,,,,,,,,,,,,,,,11.19,-,,,,,,,,,,,,,,,,,,,,,,,,,-,-,,,,,,,,,,,,,,,,,,,,,,,,,
,04-22-2015,07:42:28, Lane 1 ,Fwd,FF,,899,3,23,,2,10.78,,,,,,,,,,,,,,,,,,,,,,,,10.78,-,,,,,,,,,,,,,,,,,,,,,,,,,-,-,,,,,,,,,,,,,,,,,,,,,,,,,
,04-22-2015,07:42:30, Lane 1 ,Fwd,FF,,900,2,24,,2,9.70,,,,,,,,,,,,,,,,,,,,,,,,9.70,-,,,,,,,,,,,,,,,,,,,,,,,,,-,-,,,,,,,,,,,,,,,,,,,,,,,,,
,04-22-2015,07:42:32, Lane 1 ,Fwd,FF,,901,2,25,,2,9.90,,,,,,,,,,,,,,,,,,,,,,,,9.90,-,,,,,,,,,,,,,,,,,,,,,,,,,-,-,,,,,,,,,,,,,,,,,,,,,,,,,
,04-22-2015,07:42:35, Lane 1 ,Fwd,FF,,902,2,27,,2,8.69,,,,,,,,,,,,,,,,,,,,,,,,8.69,-,,,,,,,,,,,,,,,,,,,,,,,,,-,-,,,,,,,,,,,,,,,,,,,,,,,,,
,04-22-2015,07:42:39, Lane 1 ,Fwd,FF,,903,2,30,,2,9.00,,,,,,,,,,,,,,,,,,,,,,,,9.00,-,,,,,,,,,,,,,,,,,,,,,,,,,-,-,,,,,,,,,,,,,,,,,,,,,,,,,
,04-22-2015,07:42:43, Lane 1 ,Fwd,FF,,904,2,32,,2,8.94,,,,,,,,,,,,,,,,,,,,,,,,8.94,-,,,,,,,,,,,,,,,,,,,,,,,,,-,-,,,,,,,,,,,,,,,,,,,,,,,,,
,04-22-2015,07:42:45, Lane 1 ,Fwd,FF,,905,2,33,,2,8.99,,,,,,,,,,,,,,,,,,,,,,,,8.99,-,,,,,,,,,,,,,,,,,,,,,,,,,-,-,,,,,,,,,,,,,,,,,,,,,,,,,
,04-22-2015,07:42:49, Lane 1 ,Fwd,FF,,906,3,29,,3,12.63,13.22,,,,,,,,,,,,,,,,,,,,,,,25.85,-,,,,,,,,,,,,,,,,,,,,,,,,,-,-,,,,,,,,,,,,,,,,,,,,,,,,,
,04-22-2015,07:42:53, Lane 1 ,Fwd,FF,,907,2,29,,2,9.35,,,,,,,,,,,,,,,,,,,,,,,,9.35,-,,,,,,,,,,,,,,,,,,,,,,,,,-,-,,,,,,,,,,,,,,,,,,,,,,,,,
,04-22-2015,07:42:55, Lane 1 ,Fwd,FF,,908,2,30,,2,8.73,,,,,,,,,,,,,,,,,,,,,,,,8.73,-,,,,,,,,,,,,,,,,,,,,,,,,,-,-,,,,,,,,,,,,,,,,,,,,,,,,,
,04-22-2015,07:42:58, Lane 1 ,Fwd,FF,,909,2,28,,2,9.24,,,,,,,,,,,,,,,,,,,,,,,,9.24,-,,,,,,,,,,,,,,,,,,,,,,,,,-,-,,,,,,,,,,,,,,,,,,,,,,,,,
,04-22-2015,07:43:00, Lane 1 ,Fwd,FF,,910,2,30,,2,9.40,,,,,,,,,,,,,,,,,,,,,,,,9.40,-,,,,,,,,,,,,,,,,,,,,,,,,,-,-,,,,,,,,,,,,,,,,,,,,,,,,,
,04-22-2015,07:43:03, Lane 1 ,Fwd,FF,,911,2,28,,2,8.02,,,,,,,,,,,,,,,,,,,,,,,,8.02,-,,,,,,,,,,,,,,,,,,,,,,,,,-,-,,,,,,,,,,,,,,,,,,,,,,,,,
,04-22-2015,07:43:05, Lane 1 ,Fwd,FF,,912,2,29,,2,8.46,,,,,,,,,,,,,,,,,,,,,,,,8.46,-,,,,,,,,,,,,,,,,,,,,,,,,,-,-,,,,,,,,,,,,,,,,,,,,,,,,,
,04-22-2015,07:43:07, Lane 1 ,Fwd,FF,,913,2,31,,2,8.90,,,,,,,,,,,,,,,,,,,,,,,,8.90,-,,,,,,,,,,,,,,,,,,,,,,,,,-,-,,,,,,,,,,,,,,,,,,,,,,,,,
,04-22-2015,07:43:11, Lane 1 ,Fwd,FF,,914,2,29,,2,8.79,,,,,,,,,,,,,,,,,,,,,,,,8.79,-,,,,,,,,,,,,,,,,,,,,,,,,,-,-,,,,,,,,,,,,,,,,,,,,,,,,,
,04-22-2015,07:43:13, Lane 1 ,Fwd,FF,,915,2,29,,2,9.20,,,,,,,,,,,,,,,,,,,,,,,,9.20,-,,,,,,,,,,,,,,,,,,,,,,,,,-,-,,,,,,,,,,,,,,,,,,,,,,,,,
,04-22-2015,07:43:15, Lane 1 ,Fwd,FF,,916,2,31,,4,8.77,39.23,9.00,,,,,,,,,,,,,,,,,,,,,,57.00,-,,,,,,,,,,,,,,,,,,,,,,,,,-,-,,,,,,,,,,,,,,,,,,,,,,,,,
,04-22-2015,07:43:18, Lane 1 ,Fwd,FF,,917,2,34,,2,8.72,,,,,,,,,,,,,,,,,,,,,,,,8.72,-,,,,,,,,,,,,,,,,,,,,,,,,,-,-,,,,,,,,,,,,,,,,,,,,,,,,,
,04-22-2015,07:43:21, Lane 1 ,Fwd,FF,,918,2,35,,2,9.82,,,,,,,,,,,,,,,,,,,,,,,,9.82,-,,,,,,,,,,,,,,,,,,,,,,,,,-,-,,,,,,,,,,,,,,,,,,,,,,,,,
,04-22-2015,07:43:25, Lane 1 ,Fwd,FF,,919,2,28,,2,8.43,,,,,,,,,,,,,,,,,,,,,,,,8.43,-,,,,,,,,,,,,,,,,,,,,,,,,,-,-,,,,,,,,,,,,,,,,,,,,,,,,,
,04-22-2015,07:43:28, Lane 1 ,Fwd,FF,,920,2,29,,2,8.97,,,,,,,,,,,,,,,,,,,,,,,,8.97,-,,,,,,,,,,,,,,,,,,,,,,,,,-,-,,,,,,,,,,,,,,,,,,,,,,,,,
,04-22-2015,07:43:30, Lane 1 ,Fwd,FF,,921,3,30,,2,11.35,,,,,,,,,,,,,,,,,,,,,,,,11.35,-,,,,,,,,,,,,,,,,,,,,,,,,,-,-,,,,,,,,,,,,,,,,,,,,,,,,,
,04-22-2015,07:43:33, Lane 1 ,Fwd,FF,,922,2,30,,2,8.52,,,,,,,,,,,,,,,,,,,,,,,,8.52,-,,,,,,,,,,,,,,,,,,,,,,,,,-,-,,,,,,,,,,,,,,,,,,,,,,,,,
,04-22-2015,07:43:36, Lane 1 ,Fwd,FF,,923,2,31,,2,9.44,,,,,,,,,,,,,,,,,,,,,,,,9.44,-,,,,,,,,,,,,,,,,,,,,,,,,,-,-,,,,,,,,,,,,,,,,,,,,,,,,,
,04-22-2015,07:43:39, Lane 1 ,Fwd,FF,,924,2,32,,2,8.92,,,,,,,,,,,,,,,,,,,,,,,,8.92,-,,,,,,,,,,,,,,,,,,,,,,,,,-,-,,,,,,,,,,,,,,,,,,,,,,,,,
,04-22-2015,07:43:44, Lane 1 ,Fwd,FF,,925,2,33,,2,8.80,,,,,,,,,,,,,,,,,,,,,,,,8.80,-,,,,,,,,,,,,,,,,,,,,,,,,,-,-,,,,,,,,,,,,,,,,,,,,,,,,,
,04-22-2015,07:43:46, Lane 1 ,Fwd,FF,,926,2,34,,2,8.52,,,,,,,,,,,,,,,,,,,,,,,,8.52,-,,,,,,,,,,,,,,,,,,,,,,,,,-,-,,,,,,,,,,,,,,,,,,,,,,,,,
,04-22-2015,07:43:51, Lane 1 ,Fwd,FF,,927,2,30,,2,8.96,,,,,,,,,,,,,,,,,,,,,,,,8.96,-,,,,,,,,,,,,,,,,,,,,,,,,,-,-,,,,,,,,,,,,,,,,,,,,,,,,,
,04-22-2015,07:43:53, Lane 1 ,Fwd,FF,,928,2,28,,2,8.93,,,,,,,,,,,,,,,,,,,,,,,,8.93,-,,,,,,,,,,,,,,,,,,,,,,,,,-,-,,,,,,,,,,,,,,,,,,,,,,,,,
,04-22-2015,07:43:55, Lane 1 ,Fwd,FF,,929,2,28,,2,8.60,,,,,,,,,,,,,,,,,,,,,,,,8.60,-,,,,,,,,,,,,,,,,,,,,,,,,,-,-,,,,,,,,,,,,,,,,,,,,,,,,,
,04-22-2015,07:43:57, Lane 1 ,Fwd,FF,,930,2,29,,2,9.24,,,,,,,,,,,,,,,,,,,,,,,,9.24,-,,,,,,,,,,,,,,,,,,,,,,,,,-,-,,,,,,,,,,,,,,,,,,,,,,,,,
,04-22-2015,07:44:00, Lane 1 ,Fwd,FF,,931,2,29,,2,9.18,,,,,,,,,,,,,,,,,,,,,,,,9.18,-,,,,,,,,,,,,,,,,,,,,,,,,,-,-,,,,,,,,,,,,,,,,,,,,,,,,,
,04-22-2015,07:44:02, Lane 1 ,Fwd,FF,,932,2,28,,2,8.39,,,,,,,,,,,,,,,,,,,,,,,,8.39,-,,,,,,,,,,,,,,,,,,,,,,,,,-,-,,,,,,,,,,,,,,,,,,,,,,,,,
,04-22-2015,07:44:04, Lane 1 ,Fwd,FF,,933,2,30,,2,7.51,,,,,,,,,,,,,,,,,,,,,,,,7.51,-,,,,,,,,,,,,,,,,,,,,,,,,,-,-,,,,,,,,,,,,,,,,,,,,,,,,,
,04-22-2015,07:44:07, Lane 1 ,Fwd,FF,,934,2,28,,2,8.87,,,,,,,,,,,,,,,,,,,,,,,,8.87,-,,,,,,,,,,,,,,,,,,,,,,,,,-,-,,,,,,,,,,,,,,,,,,,,,,,,,
,04-22-2015,07:44:10, Lane 1 ,Fwd,FF,,935,5,26,,2,18.77,,,,,,,,,,,,,,,,,,,,,,,,18.77,-,,,,,,,,,,,,,,,,,,,,,,,,,-,-,,,,,,,,,,,,,,,,,,,,,,,,,
,04-22-2015,07:44:12, Lane 1 ,Fwd,FF,,936,2,27,,2,8.49,,,,,,,,,,,,,,,,,,,,,,,,8.49,-,,,,,,,,,,,,,,,,,,,,,,,,,-,-,,,,,,,,,,,,,,,,,,,,,,,,,
,04-22-2015,07:44:14, Lane 1 ,Fwd,FF,,937,2,25,,2,9.03,,,,,,,,,,,,,,,,,,,,,,,,9.03,-,,,,,,,,,,,,,,,,,,,,,,,,,-,-,,,,,,,,,,,,,,,,,,,,,,,,,
,04-22-2015,07:44:19, Lane 1 ,Fwd,FF,,938,2,24,,2,8.65,,,,,,,,,,,,,,,,,,,,,,,,8.65,-,,,,,,,,,,,,,,,,,,,,,,,,,-,-,,,,,,,,,,,,,,,,,,,,,,,,,
,04-22-2015,07:44:21, Lane 1 ,Fwd,FF,,939,2,25,,2,9.39,,,,,,,,,,,,,,,,,,,,,,,,9.39,-,,,,,,,,,,,,,,,,,,,,,,,,,-,-,,,,,,,,,,,,,,,,,,,,,,,,,
,04-22-2015,07:44:30, Lane 1 ,Fwd,FF,,940,2,24,,2,8.74,,,,,,,,,,,,,,,,,,,,,,,,8.74,-,,,,,,,,,,,,,,,,,,,,,,,,,-,-,,,,,,,,,,,,,,,,,,,,,,,,,
,04-22-2015,07:44:32, Lane 1 ,Fwd,FF,,941,2,28,,2,8.78,,,,,,,,,,,,,,,,,,,,,,,,8.78,-,,,,,,,,,,,,,,,,,,,,,,,,,-,-,,,,,,,,,,,,,,,,,,,,,,,,,
,04-22-2015,07:44:36, Lane 1 ,Fwd,FF,,942,2,27,,2,9.23,,,,,,,,,,,,,,,,,,,,,,,,9.23,-,,,,,,,,,,,,,,,,,,,,,,,,,-,-,,,,,,,,,,,,,,,,,,,,,,,,,
,04-22-2015,07:44:38, Lane 1 ,Fwd,FF,,943,2,28,,2,8.68,,,,,,,,,,,,,,,,,,,,,,,,8.68,-,,,,,,,,,,,,,,,,,,,,,,,,,-,-,,,,,,,,,,,,,,,,,,,,,,,,,
,04-22-2015,07:44:42, Lane 1 ,Fwd,FF,,944,2,29,,2,8.54,,,,,,,,,,,,,,,,,,,,,,,,8.54,-,,,,,,,,,,,,,,,,,,,,,,,,,-,-,,,,,,,,,,,,,,,,,,,,,,,,,
,04-22-2015,07:44:45, Lane 1 ,Fwd,FF,,945,2,32,,2,8.29,,,,,,,,,,,,,,,,,,,,,,,,8.29,-,,,,,,,,,,,,,,,,,,,,,,,,,-,-,,,,,,,,,,,,,,,,,,,,,,,,,
,04-22-2015,07:44:50, Lane 1 ,Fwd,FF,,946,2,29,,2,8.48,,,,,,,,,,,,,,,,,,,,,,,,8.48,-,,,,,,,,,,,,,,,,,,,,,,,,,-,-,,,,,,,,,,,,,,,,,,,,,,,,,
,04-22-2015,07:44:52, Lane 1 ,Fwd,FF,,947,2,29,,2,8.69,,,,,,,,,,,,,,,,,,,,,,,,8.69,-,,,,,,,,,,,,,,,,,,,,,,,,,-,-,,,,,,,,,,,,,,,,,,,,,,,,,
,04-22-2015,07:44:54, Lane 1 ,Fwd,FF,,948,2,32,,2,9.19,,,,,,,,,,,,,,,,,,,,,,,,9.19,-,,,,,,,,,,,,,,,,,,,,,,,,,-,-,,,,,,,,,,,,,,,,,,,,,,,,,
,04-22-2015,07:44:56, Lane 1 ,Fwd,FF,,949,2,32,,2,8.74,,,,,,,,,,,,,,,,,,,,,,,,8.74,-,,,,,,,,,,,,,,,,,,,,,,,,,-,-,,,,,,,,,,,,,,,,,,,,,,,,,
,04-22-2015,07:44:58, Lane 1 ,Fwd,FF,,950,3,36,,2,10.57,,,,,,,,,,,,,,,,,,,,,,,,10.57,-,,,,,,,,,,,,,,,,,,,,,,,,,-,-,,,,,,,,,,,,,,,,,,,,,,,,,
,04-22-2015,07:45:04, Lane 1 ,Fwd,FF,,951,2,30,,2,10.07,,,,,,,,,,,,,,,,,,,,,,,,10.07,-,,,,,,,,,,,,,,,,,,,,,,,,,-,-,,,,,,,,,,,,,,,,,,,,,,,,,
,04-22-2015,07:45:07, Lane 1 ,Fwd,FF,,952,2,30,,2,9.96,,,,,,,,,,,,,,,,,,,,,,,,9.96,-,,,,,,,,,,,,,,,,,,,,,,,,,-,-,,,,,,,,,,,,,,,,,,,,,,,,,
,04-22-2015,07:45:09, Lane 1 ,Fwd,FF,,953,3,31,,2,12.22,,,,,,,,,,,,,,,,,,,,,,,,12.22,-,,,,,,,,,,,,,,,,,,,,,,,,,-,-,,,,,,,,,,,,,,,,,,,,,,,,,
,04-22-2015,07:45:10, Lane 1 ,Fwd,FF,,954,2,33,,2,8.42,,,,,,,,,,,,,,,,,,,,,,,,8.42,-,,,,,,,,,,,,,,,,,,,,,,,,,-,-,,,,,,,,,,,,,,,,,,,,,,,,,
,04-22-2015,07:45:14, Lane 1 ,Fwd,FF,,955,2,32,,2,8.94,,,,,,,,,,,,,,,,,,,,,,,,8.94,-,,,,,,,,,,,,,,,,,,,,,,,,,-,-,,,,,,,,,,,,,,,,,,,,,,,,,
,04-22-2015,07:45:16, Lane 1 ,Fwd,FF,,956,2,32,,2,9.21,,,,,,,,,,,,,,,,,,,,,,,,9.21,-,,,,,,,,,,,,,,,,,,,,,,,,,-,-,,,,,,,,,,,,,,,,,,,,,,,,,
,04-22-2015,07:45:20, Lane 1 ,Fwd,FF,,957,2,32,,2,8.77,,,,,,,,,,,,,,,,,,,,,,,,8.77,-,,,,,,,,,,,,,,,,,,,,,,,,,-,-,,,,,,,,,,,,,,,,,,,,,,,,,
,04-22-2015,07:45:22, Lane 1 ,Fwd,FF,,958,2,28,,4,8.95,37.03,9.03,,,,,,,,,,,,,,,,,,,,,,55.01,-,,,,,,,,,,,,,,,,,,,,,,,,,-,-,,,,,,,,,,,,,,,,,,,,,,,,,
,04-22-2015,07:45:27, Lane 1 ,Fwd,FF,,959,3,28,,2,11.43,,,,,,,,,,,,,,,,,,,,,,,,11.43,-,,,,,,,,,,,,,,,,,,,,,,,,,-,-,,,,,,,,,,,,,,,,,,,,,,,,,
,04-22-2015,07:45:33, Lane 1 ,Fwd,FF,,960,2,29,,2,9.06,,,,,,,,,,,,,,,,,,,,,,,,9.06,-,,,,,,,,,,,,,,,,,,,,,,,,,-,-,,,,,,,,,,,,,,,,,,,,,,,,,
,04-22-2015,07:45:37, Lane 1 ,Fwd,FF,,961,2,28,,2,8.82,,,,,,,,,,,,,,,,,,,,,,,,8.82,-,,,,,,,,,,,,,,,,,,,,,,,,,-,-,,,,,,,,,,,,,,,,,,,,,,,,,
,04-22-2015,07:45:39, Lane 1 ,Fwd,FF,,962,3,28,,2,10.51,,,,,,,,,,,,,,,,,,,,,,,,10.51,-,,,,,,,,,,,,,,,,,,,,,,,,,-,-,,,,,,,,,,,,,,,,,,,,,,,,,
,04-22-2015,07:45:44, Lane 1 ,Fwd,FF,,963,2,28,,4,8.95,38.52,8.95,,,,,,,,,,,,,,,,,,,,,,56.42,-,,,,,,,,,,,,,,,,,,,,,,,,,-,-,,,,,,,,,,,,,,,,,,,,,,,,,
,04-22-2015,07:45:47, Lane 1 ,Fwd,FF,,964,2,28,,2,9.25,,,,,,,,,,,,,,,,,,,,,,,,9.25,-,,,,,,,,,,,,,,,,,,,,,,,,,-,-,,,,,,,,,,,,,,,,,,,,,,,,,
,04-22-2015,07:45:49, Lane 1 ,Fwd,FF,,965,2,29,,2,8.40,,,,,,,,,,,,,,,,,,,,,,,,8.40,-,,,,,,,,,,,,,,,,,,,,,,,,,-,-,,,,,,,,,,,,,,,,,,,,,,,,,
,04-22-2015,07:45:53, Lane 1 ,Fwd,FF,,966,2,28,,2,8.33,,,,,,,,,,,,,,,,,,,,,,,,8.33,-,,,,,,,,,,,,,,,,,,,,,,,,,-,-,,,,,,,,,,,,,,,,,,,,,,,,,
,04-22-2015,07:45:56, Lane 1 ,Fwd,FF,,967,3,28,,2,11.84,,,,,,,,,,,,,,,,,,,,,,,,11.84,-,,,,,,,,,,,,,,,,,,,,,,,,,-,-,,,,,,,,,,,,,,,,,,,,,,,,,
,04-22-2015,07:45:58, Lane 1 ,Fwd,FF,,968,2,27,,2,7.41,,,,,,,,,,,,,,,,,,,,,,,,7.41,-,,,,,,,,,,,,,,,,,,,,,,,,,-,-,,,,,,,,,,,,,,,,,,,,,,,,,
,04-22-2015,07:46:01, Lane 1 ,Fwd,FF,,969,2,27,,2,8.97,,,,,,,,,,,,,,,,,,,,,,,,8.97,-,,,,,,,,,,,,,,,,,,,,,,,,,-,-,,,,,,,,,,,,,,,,,,,,,,,,,
,04-22-2015,07:46:03, Lane 1 ,Fwd,FF,,970,2,27,,2,8.91,,,,,,,,,,,,,,,,,,,,,,,,8.91,-,,,,,,,,,,,,,,,,,,,,,,,,,-,-,,,,,,,,,,,,,,,,,,,,,,,,,
,04-22-2015,07:46:05, Lane 1 ,Fwd,FF,,971,2,29,,2,8.57,,,,,,,,,,,,,,,,,,,,,,,,8.57,-,,,,,,,,,,,,,,,,,,,,,,,,,-,-,,,,,,,,,,,,,,,,,,,,,,,,,
,04-22-2015,07:46:07, Lane 1 ,Fwd,FF,,972,5,28,,2,14.10,,,,,,,,,,,,,,,,,,,,,,,,14.10,-,,,,,,,,,,,,,,,,,,,,,,,,,-,-,,,,,,,,,,,,,,,,,,,,,,,,,
,04-22-2015,07:46:08, Lane 1 ,Fwd,FF,,973,2,28,,2,9.79,,,,,,,,,,,,,,,,,,,,,,,,9.79,-,,,,,,,,,,,,,,,,,,,,,,,,,-,-,,,,,,,,,,,,,,,,,,,,,,,,,
,04-22-2015,07:46:11, Lane 1 ,Fwd,FF,,974,3,29,,2,11.92,,,,,,,,,,,,,,,,,,,,,,,,11.92,-,,,,,,,,,,,,,,,,,,,,,,,,,-,-,,,,,,,,,,,,,,,,,,,,,,,,,
,04-22-2015,07:46:13, Lane 1 ,Fwd,FF,,975,2,27,,2,8.15,,,,,,,,,,,,,,,,,,,,,,,,8.15,-,,,,,,,,,,,,,,,,,,,,,,,,,-,-,,,,,,,,,,,,,,,,,,,,,,,,,
,04-22-2015,07:46:15, Lane 1 ,Fwd,FF,,976,2,27,,2,8.40,,,,,,,,,,,,,,,,,,,,,,,,8.40,-,,,,,,,,,,,,,,,,,,,,,,,,,-,-,,,,,,,,,,,,,,,,,,,,,,,,,
,04-22-2015,07:46:17, Lane 1 ,Fwd,FF,,977,2,26,,2,9.69,,,,,,,,,,,,,,,,,,,,,,,,9.69,-,,,,,,,,,,,,,,,,,,,,,,,,,-,-,,,,,,,,,,,,,,,,,,,,,,,,,
,04-22-2015,07:46:19, Lane 1 ,Fwd,FF,,978,2,25,,2,9.01,,,,,,,,,,,,,,,,,,,,,,,,9.01,-,,,,,,,,,,,,,,,,,,,,,,,,,-,-,,,,,,,,,,,,,,,,,,,,,,,,,
,04-22-2015,07:46:25, Lane 1 ,Fwd,FF,,979,2,26,,2,8.97,,,,,,,,,,,,,,,,,,,,,,,,8.97,-,,,,,,,,,,,,,,,,,,,,,,,,,-,-,,,,,,,,,,,,,,,,,,,,,,,,,
,04-22-2015,07:46:29, Lane 1 ,Fwd,FF,,980,2,26,,2,8.94,,,,,,,,,,,,,,,,,,,,,,,,8.94,-,,,,,,,,,,,,,,,,,,,,,,,,,-,-,,,,,,,,,,,,,,,,,,,,,,,,,
,04-22-2015,07:46:32, Lane 1 ,Fwd,FF,,981,2,23,,2,8.76,,,,,,,,,,,,,,,,,,,,,,,,8.76,-,,,,,,,,,,,,,,,,,,,,,,,,,-,-,,,,,,,,,,,,,,,,,,,,,,,,,
,04-22-2015,07:46:34, Lane 1 ,Fwd,FF,,982,2,24,,2,8.50,,,,,,,,,,,,,,,,,,,,,,,,8.50,-,,,,,,,,,,,,,,,,,,,,,,,,,-,-,,,,,,,,,,,,,,,,,,,,,,,,,
,04-22-2015,07:46:38, Lane 1 ,Fwd,FF,,983,2,24,,4,9.00,37.56,8.40,,,,,,,,,,,,,,,,,,,,,,54.96,-,,,,,,,,,,,,,,,,,,,,,,,,,-,-,,,,,,,,,,,,,,,,,,,,,,,,,
,04-22-2015,07:46:41, Lane 1 ,Fwd,FF,,984,2,24,,2,9.85,,,,,,,,,,,,,,,,,,,,,,,,9.85,-,,,,,,,,,,,,,,,,,,,,,,,,,-,-,,,,,,,,,,,,,,,,,,,,,,,,,
,04-22-2015,07:46:43, Lane 1 ,Fwd,FF,,985,2,26,,2,8.92,,,,,,,,,,,,,,,,,,,,,,,,8.92,-,,,,,,,,,,,,,,,,,,,,,,,,,-,-,,,,,,,,,,,,,,,,,,,,,,,,,
,04-22-2015,07:46:45, Lane 1 ,Fwd,FF,,986,2,28,,2,9.28,,,,,,,,,,,,,,,,,,,,,,,,9.28,-,,,,,,,,,,,,,,,,,,,,,,,,,-,-,,,,,,,,,,,,,,,,,,,,,,,,,
,04-22-2015,07:46:48, Lane 1 ,Fwd,FF,,987,2,28,,4,8.48,30.60,8.85,,,,,,,,,,,,,,,,,,,,,,47.93,-,,,,,,,,,,,,,,,,,,,,,,,,,-,-,,,,,,,,,,,,,,,,,,,,,,,,,
,04-22-2015,07:46:51, Lane 1 ,Fwd,FF,,988,3,26,,2,11.81,,,,,,,,,,,,,,,,,,,,,,,,11.81,-,,,,,,,,,,,,,,,,,,,,,,,,,-,-,,,,,,,,,,,,,,,,,,,,,,,,,
,04-22-2015,07:46:53, Lane 1 ,Fwd,FF,,989,2,27,,2,8.65,,,,,,,,,,,,,,,,,,,,,,,,8.65,-,,,,,,,,,,,,,,,,,,,,,,,,,-,-,,,,,,,,,,,,,,,,,,,,,,,,,
,04-22-2015,07:46:55, Lane 1 ,Fwd,FF,,990,2,28,,2,8.40,,,,,,,,,,,,,,,,,,,,,,,,8.40,-,,,,,,,,,,,,,,,,,,,,,,,,,-,-,,,,,,,,,,,,,,,,,,,,,,,,,
,04-22-2015,07:46:57, Lane 1 ,Fwd,FF,,991,2,28,,2,8.75,,,,,,,,,,,,,,,,,,,,,,,,8.75,-,,,,,,,,,,,,,,,,,,,,,,,,,-,-,,,,,,,,,,,,,,,,,,,,,,,,,
,04-22-2015,07:46:59, Lane 1 ,Fwd,FF,,992,3,29,,2,11.83,,,,,,,,,,,,,,,,,,,,,,,,11.83,-,,,,,,,,,,,,,,,,,,,,,,,,,-,-,,,,,,,,,,,,,,,,,,,,,,,,,
,04-22-2015,07:47:01, Lane 1 ,Fwd,FF,,993,2,30,,2,8.93,,,,,,,,,,,,,,,,,,,,,,,,8.93,-,,,,,,,,,,,,,,,,,,,,,,,,,-,-,,,,,,,,,,,,,,,,,,,,,,,,,
,04-22-2015,07:47:03, Lane 1 ,Fwd,FF,,994,2,30,,2,9.14,,,,,,,,,,,,,,,,,,,,,,,,9.14,-,,,,,,,,,,,,,,,,,,,,,,,,,-,-,,,,,,,,,,,,,,,,,,,,,,,,,
,04-22-2015,07:47:05, Lane 1 ,Fwd,FF,,995,2,29,,2,9.35,,,,,,,,,,,,,,,,,,,,,,,,9.35,-,,,,,,,,,,,,,,,,,,,,,,,,,-,-,,,,,,,,,,,,,,,,,,,,,,,,,
,04-22-2015,07:47:07, Lane 1 ,Fwd,FF,,996,2,29,,2,9.15,,,,,,,,,,,,,,,,,,,,,,,,9.15,-,,,,,,,,,,,,,,,,,,,,,,,,,-,-,,,,,,,,,,,,,,,,,,,,,,,,,
,04-22-2015,07:47:08, Lane 1 ,Fwd,FF,,997,2,28,,2,9.63,,,,,,,,,,,,,,,,,,,,,,,,9.63,-,,,,,,,,,,,,,,,,,,,,,,,,,-,-,,,,,,,,,,,,,,,,,,,,,,,,,
,04-22-2015,07:47:10, Lane 1 ,Fwd,FF,,998,2,27,,2,9.44,,,,,,,,,,,,,,,,,,,,,,,,9.44,-,,,,,,,,,,,,,,,,,,,,,,,,,-,-,,,,,,,,,,,,,,,,,,,,,,,,,
,04-22-2015,07:47:11, Lane 1 ,Fwd,FF,,999,2,32,,2,9.05,,,,,,,,,,,,,,,,,,,,,,,,9.05,-,,,,,,,,,,,,,,,,,,,,,,,,,-,-,,,,,,,,,,,,,,,,,,,,,,,,,
,04-22-2015,07:47:15, Lane 1 ,Fwd,FF,,1000,3,29,,2,10.64,,,,,,,,,,,,,,,,,,,,,,,,10.64,-,,,,,,,,,,,,,,,,,,,,,,,,,-,-,,,,,,,,,,,,,,,,,,,,,,,,,
,04-22-2015,07:47:17, Lane 1 ,Fwd,FF,,1001,2,29,,2,8.91,,,,,,,,,,,,,,,,,,,,,,,,8.91,-,,,,,,,,,,,,,,,,,,,,,,,,,-,-,,,,,,,,,,,,,,,,,,,,,,,,,
,04-22-2015,07:47:18, Lane 1 ,Fwd,FF,,1002,2,31,,2,8.77,,,,,,,,,,,,,,,,,,,,,,,,8.77,-,,,,,,,,,,,,,,,,,,,,,,,,,-,-,,,,,,,,,,,,,,,,,,,,,,,,,
,04-22-2015,07:47:20, Lane 1 ,Fwd,FF,,1003,2,30,,2,8.77,,,,,,,,,,,,,,,,,,,,,,,,8.77,-,,,,,,,,,,,,,,,,,,,,,,,,,-,-,,,,,,,,,,,,,,,,,,,,,,,,,
,04-22-2015,07:47:22, Lane 1 ,Fwd,FF,,1004,2,29,,2,8.46,,,,,,,,,,,,,,,,,,,,,,,,8.46,-,,,,,,,,,,,,,,,,,,,,,,,,,-,-,,,,,,,,,,,,,,,,,,,,,,,,,
,04-22-2015,07:47:26, Lane 1 ,Fwd,FF,,1005,2,27,,2,8.97,,,,,,,,,,,,,,,,,,,,,,,,8.97,-,,,,,,,,,,,,,,,,,,,,,,,,,-,-,,,,,,,,,,,,,,,,,,,,,,,,,
,04-22-2015,07:47:29, Lane 1 ,Fwd,FF,,1006,4,25,,2,22.66,,,,,,,,,,,,,,,,,,,,,,,,22.66,-,,,,,,,,,,,,,,,,,,,,,,,,,-,-,,,,,,,,,,,,,,,,,,,,,,,,,
,04-22-2015,07:47:32, Lane 1 ,Fwd,FF,,1007,3,26,,2,11.28,,,,,,,,,,,,,,,,,,,,,,,,11.28,-,,,,,,,,,,,,,,,,,,,,,,,,,-,-,,,,,,,,,,,,,,,,,,,,,,,,,
,04-22-2015,07:47:34, Lane 1 ,Fwd,FF,,1008,2,27,,2,8.51,,,,,,,,,,,,,,,,,,,,,,,,8.51,-,,,,,,,,,,,,,,,,,,,,,,,,,-,-,,,,,,,,,,,,,,,,,,,,,,,,,
,04-22-2015,07:47:36, Lane 1 ,Fwd,FF,,1009,3,29,,2,11.24,,,,,,,,,,,,,,,,,,,,,,,,11.24,-,,,,,,,,,,,,,,,,,,,,,,,,,-,-,,,,,,,,,,,,,,,,,,,,,,,,,
,04-22-2015,07:47:39, Lane 1 ,Fwd,FF,,1010,2,27,,2,9.01,,,,,,,,,,,,,,,,,,,,,,,,9.01,-,,,,,,,,,,,,,,,,,,,,,,,,,-,-,,,,,,,,,,,,,,,,,,,,,,,,,
,04-22-2015,07:47:41, Lane 1 ,Fwd,FF,,1011,2,26,,2,9.01,,,,,,,,,,,,,,,,,,,,,,,,9.01,-,,,,,,,,,,,,,,,,,,,,,,,,,-,-,,,,,,,,,,,,,,,,,,,,,,,,,
,04-22-2015,07:47:43, Lane 1 ,Fwd,FF,,1012,2,28,,4,9.08,39.25,9.04,,,,,,,,,,,,,,,,,,,,,,57.37,-,,,,,,,,,,,,,,,,,,,,,,,,,-,-,,,,,,,,,,,,,,,,,,,,,,,,,
,04-22-2015,07:47:46, Lane 1 ,Fwd,FF,,1013,2,28,,2,8.96,,,,,,,,,,,,,,,,,,,,,,,,8.96,-,,,,,,,,,,,,,,,,,,,,,,,,,-,-,,,,,,,,,,,,,,,,,,,,,,,,,
,04-22-2015,07:47:49, Lane 1 ,Fwd,FF,,1014,3,29,,2,11.83,,,,,,,,,,,,,,,,,,,,,,,,11.83,-,,,,,,,,,,,,,,,,,,,,,,,,,-,-,,,,,,,,,,,,,,,,,,,,,,,,,
,04-22-2015,07:47:52, Lane 1 ,Fwd,FF,,1015,2,30,,2,9.14,,,,,,,,,,,,,,,,,,,,,,,,9.14,-,,,,,,,,,,,,,,,,,,,,,,,,,-,-,,,,,,,,,,,,,,,,,,,,,,,,,
,04-22-2015,07:47:54, Lane 1 ,Fwd,FF,,1016,2,28,,2,8.58,,,,,,,,,,,,,,,,,,,,,,,,8.58,-,,,,,,,,,,,,,,,,,,,,,,,,,-,-,,,,,,,,,,,,,,,,,,,,,,,,,
,04-22-2015,07:47:55, Lane 1 ,Fwd,FF,,1017,2,30,,2,8.75,,,,,,,,,,,,,,,,,,,,,,,,8.75,-,,,,,,,,,,,,,,,,,,,,,,,,,-,-,,,,,,,,,,,,,,,,,,,,,,,,,
,04-22-2015,07:47:57, Lane 1 ,Fwd,FF,,1018,2,28,,3,1.62,8.05,,,,,,,,,,,,,,,,,,,,,,,9.67,-,,,,,,,,,,,,,,,,,,,,,,,,,-,-,,,,,,,,,,,,,,,,,,,,,,,,,
,04-22-2015,07:48:00, Lane 1 ,Fwd,FF,,1019,2,26,,2,8.42,,,,,,,,,,,,,,,,,,,,,,,,8.42,-,,,,,,,,,,,,,,,,,,,,,,,,,-,-,,,,,,,,,,,,,,,,,,,,,,,,,
,04-22-2015,07:48:02, Lane 1 ,Fwd,FF,,1020,4,29,,2,20.74,,,,,,,,,,,,,,,,,,,,,,,,20.74,-,,,,,,,,,,,,,,,,,,,,,,,,,-,-,,,,,,,,,,,,,,,,,,,,,,,,,
,04-22-2015,07:48:04, Lane 1 ,Fwd,FF,,1021,2,30,,2,9.08,,,,,,,,,,,,,,,,,,,,,,,,9.08,-,,,,,,,,,,,,,,,,,,,,,,,,,-,-,,,,,,,,,,,,,,,,,,,,,,,,,
,04-22-2015,07:48:06, Lane 1 ,Fwd,FF,,1022,2,31,,2,8.06,,,,,,,,,,,,,,,,,,,,,,,,8.06,-,,,,,,,,,,,,,,,,,,,,,,,,,-,-,,,,,,,,,,,,,,,,,,,,,,,,,
,04-22-2015,07:48:09, Lane 1 ,Fwd,FF,,1023,2,31,,2,9.01,,,,,,,,,,,,,,,,,,,,,,,,9.01,-,,,,,,,,,,,,,,,,,,,,,,,,,-,-,,,,,,,,,,,,,,,,,,,,,,,,,
,04-22-2015,07:48:13, Lane 1 ,Fwd,FF,,1024,2,28,,4,7.88,34.88,6.89,,,,,,,,,,,,,,,,,,,,,,49.65,-,,,,,,,,,,,,,,,,,,,,,,,,,-,-,,,,,,,,,,,,,,,,,,,,,,,,,
,04-22-2015,07:48:17, Lane 1 ,Rev,FF,,1025,2,28,,2,6.89,,,,,,,,,,,,,,,,,,,,,,,,6.89,-,,,,,,,,,,,,,,,,,,,,,,,,,-,-,,,,,,,,,,,,,,,,,,,,,,,,,
,04-22-2015,07:48:18, Lane 1 ,Fwd,FF,,1026,2,28,,2,7.13,,,,,,,,,,,,,,,,,,,,,,,,7.13,-,,,,,,,,,,,,,,,,,,,,,,,,,-,-,,,,,,,,,,,,,,,,,,,,,,,,,
,04-22-2015,07:48:20, Lane 1 ,Fwd,FF,,1027,3,31,,2,11.77,,,,,,,,,,,,,,,,,,,,,,,,11.77,-,,,,,,,,,,,,,,,,,,,,,,,,,-,-,,,,,,,,,,,,,,,,,,,,,,,,,
,04-22-2015,07:48:22, Lane 1 ,Fwd,FF,,1028,2,31,,2,9.00,,,,,,,,,,,,,,,,,,,,,,,,9.00,-,,,,,,,,,,,,,,,,,,,,,,,,,-,-,,,,,,,,,,,,,,,,,,,,,,,,,
,04-22-2015,07:48:24, Lane 1 ,Fwd,FF,,1029,2,30,,2,8.36,,,,,,,,,,,,,,,,,,,,,,,,8.36,-,,,,,,,,,,,,,,,,,,,,,,,,,-,-,,,,,,,,,,,,,,,,,,,,,,,,,
,04-22-2015,07:48:27, Lane 1 ,Fwd,FF,,1030,2,29,,2,8.82,,,,,,,,,,,,,,,,,,,,,,,,8.82,-,,,,,,,,,,,,,,,,,,,,,,,,,-,-,,,,,,,,,,,,,,,,,,,,,,,,,
,04-22-2015,07:48:29, Lane 1 ,Fwd,FF,,1031,2,29,,2,9.47,,,,,,,,,,,,,,,,,,,,,,,,9.47,-,,,,,,,,,,,,,,,,,,,,,,,,,-,-,,,,,,,,,,,,,,,,,,,,,,,,,
,04-22-2015,07:48:30, Lane 1 ,Fwd,FF,,1032,2,30,,2,8.70,,,,,,,,,,,,,,,,,,,,,,,,8.70,-,,,,,,,,,,,,,,,,,,,,,,,,,-,-,,,,,,,,,,,,,,,,,,,,,,,,,
,04-22-2015,07:48:32, Lane 1 ,Fwd,FF,,1033,2,30,,2,9.25,,,,,,,,,,,,,,,,,,,,,,,,9.25,-,,,,,,,,,,,,,,,,,,,,,,,,,-,-,,,,,,,,,,,,,,,,,,,,,,,,,
,04-22-2015,07:48:34, Lane 1 ,Fwd,FF,,1034,2,31,,2,8.63,,,,,,,,,,,,,,,,,,,,,,,,8.63,-,,,,,,,,,,,,,,,,,,,,,,,,,-,-,,,,,,,,,,,,,,,,,,,,,,,,,
,04-22-2015,07:48:40, Lane 1 ,Fwd,FF,,1035,2,27,,2,8.83,,,,,,,,,,,,,,,,,,,,,,,,8.83,-,,,,,,,,,,,,,,,,,,,,,,,,,-,-,,,,,,,,,,,,,,,,,,,,,,,,,
,04-22-2015,07:48:42, Lane 1 ,Fwd,FF,,1036,2,27,,2,8.90,,,,,,,,,,,,,,,,,,,,,,,,8.90,-,,,,,,,,,,,,,,,,,,,,,,,,,-,-,,,,,,,,,,,,,,,,,,,,,,,,,
,04-22-2015,07:48:47, Lane 1 ,Fwd,FF,,1037,3,24,,2,11.79,,,,,,,,,,,,,,,,,,,,,,,,11.79,-,,,,,,,,,,,,,,,,,,,,,,,,,-,-,,,,,,,,,,,,,,,,,,,,,,,,,
,04-22-2015,07:48:51, Lane 1 ,Fwd,FF,,1038,2,23,,2,8.34,,,,,,,,,,,,,,,,,,,,,,,,8.34,-,,,,,,,,,,,,,,,,,,,,,,,,,-,-,,,,,,,,,,,,,,,,,,,,,,,,,
,04-22-2015,07:48:53, Lane 1 ,Fwd,FF,,1039,3,23,,2,10.30,,,,,,,,,,,,,,,,,,,,,,,,10.30,-,,,,,,,,,,,,,,,,,,,,,,,,,-,-,,,,,,,,,,,,,,,,,,,,,,,,,
,04-22-2015,07:48:55, Lane 1 ,Fwd,FF,,1040,2,24,,2,9.12,,,,,,,,,,,,,,,,,,,,,,,,9.12,-,,,,,,,,,,,,,,,,,,,,,,,,,-,-,,,,,,,,,,,,,,,,,,,,,,,,,
,04-22-2015,07:48:57, Lane 1 ,Fwd,FF,,1041,6,28,,3,10.33,2.57,,,,,,,,,,,,,,,,,,,,,,,12.90,-,,,,,,,,,,,,,,,,,,,,,,,,,-,-,,,,,,,,,,,,,,,,,,,,,,,,,
,04-22-2015,07:49:00, Lane 1 ,Fwd,FF,,1042,2,28,,3,2.57,6.64,,,,,,,,,,,,,,,,,,,,,,,9.21,-,,,,,,,,,,,,,,,,,,,,,,,,,-,-,,,,,,,,,,,,,,,,,,,,,,,,,
,04-22-2015,07:49:02, Lane 1 ,Fwd,FF,,1043,2,24,,2,8.70,,,,,,,,,,,,,,,,,,,,,,,,8.70,-,,,,,,,,,,,,,,,,,,,,,,,,,-,-,,,,,,,,,,,,,,,,,,,,,,,,,
,04-22-2015,07:49:04, Lane 1 ,Fwd,FF,,1044,3,28,,2,12.98,,,,,,,,,,,,,,,,,,,,,,,,12.98,-,,,,,,,,,,,,,,,,,,,,,,,,,-,-,,,,,,,,,,,,,,,,,,,,,,,,,
,04-22-2015,07:49:07, Lane 1 ,Fwd,FF,,1045,2,25,,2,8.64,,,,,,,,,,,,,,,,,,,,,,,,8.64,-,,,,,,,,,,,,,,,,,,,,,,,,,-,-,,,,,,,,,,,,,,,,,,,,,,,,,
,04-22-2015,07:49:09, Lane 1 ,Fwd,FF,,1046,3,24,,2,11.82,,,,,,,,,,,,,,,,,,,,,,,,11.82,-,,,,,,,,,,,,,,,,,,,,,,,,,-,-,,,,,,,,,,,,,,,,,,,,,,,,,
,04-22-2015,07:49:11, Lane 1 ,Fwd,FF,,1047,2,23,,2,8.92,,,,,,,,,,,,,,,,,,,,,,,,8.92,-,,,,,,,,,,,,,,,,,,,,,,,,,-,-,,,,,,,,,,,,,,,,,,,,,,,,,
,04-22-2015,07:49:15, Lane 1 ,Fwd,FF,,1048,2,29,,2,8.99,,,,,,,,,,,,,,,,,,,,,,,,8.99,-,,,,,,,,,,,,,,,,,,,,,,,,,-,-,,,,,,,,,,,,,,,,,,,,,,,,,
,04-22-2015,07:49:19, Lane 1 ,Fwd,FF,,1049,2,30,,2,8.44,,,,,,,,,,,,,,,,,,,,,,,,8.44,-,,,,,,,,,,,,,,,,,,,,,,,,,-,-,,,,,,,,,,,,,,,,,,,,,,,,,
,04-22-2015,07:49:23, Lane 1 ,Fwd,FF,,1050,3,31,,2,10.46,,,,,,,,,,,,,,,,,,,,,,,,10.46,-,,,,,,,,,,,,,,,,,,,,,,,,,-,-,,,,,,,,,,,,,,,,,,,,,,,,,
,04-22-2015,07:49:25, Lane 1 ,Fwd,FF,,1051,2,30,,2,8.87,,,,,,,,,,,,,,,,,,,,,,,,8.87,-,,,,,,,,,,,,,,,,,,,,,,,,,-,-,,,,,,,,,,,,,,,,,,,,,,,,,
,04-22-2015,07:49:28, Lane 1 ,Fwd,FF,,1052,2,28,,2,9.20,,,,,,,,,,,,,,,,,,,,,,,,9.20,-,,,,,,,,,,,,,,,,,,,,,,,,,-,-,,,,,,,,,,,,,,,,,,,,,,,,,
,04-22-2015,07:49:30, Lane 1 ,Fwd,FF,,1053,2,27,,2,8.99,,,,,,,,,,,,,,,,,,,,,,,,8.99,-,,,,,,,,,,,,,,,,,,,,,,,,,-,-,,,,,,,,,,,,,,,,,,,,,,,,,
,04-22-2015,07:49:32, Lane 1 ,Fwd,FF,,1054,3,27,,2,11.76,,,,,,,,,,,,,,,,,,,,,,,,11.76,-,,,,,,,,,,,,,,,,,,,,,,,,,-,-,,,,,,,,,,,,,,,,,,,,,,,,,
,04-22-2015,07:49:43, Lane 1 ,Fwd,FF,,1055,2,25,,2,8.01,,,,,,,,,,,,,,,,,,,,,,,,8.01,-,,,,,,,,,,,,,,,,,,,,,,,,,-,-,,,,,,,,,,,,,,,,,,,,,,,,,
,04-22-2015,07:49:46, Lane 1 ,Fwd,FF,,1056,2,25,,4,9.00,32.89,11.63,,,,,,,,,,,,,,,,,,,,,,53.52,-,,,,,,,,,,,,,,,,,,,,,,,,,-,-,,,,,,,,,,,,,,,,,,,,,,,,,
,04-22-2015,07:49:49, Lane 1 ,Fwd,FF,,1057,3,26,,2,11.77,,,,,,,,,,,,,,,,,,,,,,,,11.77,-,,,,,,,,,,,,,,,,,,,,,,,,,-,-,,,,,,,,,,,,,,,,,,,,,,,,,
,04-22-2015,07:49:51, Lane 1 ,Fwd,FF,,1058,2,27,,2,8.94,,,,,,,,,,,,,,,,,,,,,,,,8.94,-,,,,,,,,,,,,,,,,,,,,,,,,,-,-,,,,,,,,,,,,,,,,,,,,,,,,,
,04-22-2015,07:49:53, Lane 1 ,Fwd,FF,,1059,2,27,,2,9.78,,,,,,,,,,,,,,,,,,,,,,,,9.78,-,,,,,,,,,,,,,,,,,,,,,,,,,-,-,,,,,,,,,,,,,,,,,,,,,,,,,
,04-22-2015,07:49:55, Lane 1 ,Fwd,FF,,1060,2,28,,2,8.47,,,,,,,,,,,,,,,,,,,,,,,,8.47,-,,,,,,,,,,,,,,,,,,,,,,,,,-,-,,,,,,,,,,,,,,,,,,,,,,,,,
,04-22-2015,07:49:58, Lane 1 ,Fwd,FF,,1061,2,27,,2,9.27,,,,,,,,,,,,,,,,,,,,,,,,9.27,-,,,,,,,,,,,,,,,,,,,,,,,,,-,-,,,,,,,,,,,,,,,,,,,,,,,,,
,04-22-2015,07:50:00, Lane 1 ,Fwd,FF,,1062,2,26,,2,8.78,,,,,,,,,,,,,,,,,,,,,,,,8.78,-,,,,,,,,,,,,,,,,,,,,,,,,,-,-,,,,,,,,,,,,,,,,,,,,,,,,,
,04-22-2015,07:50:03, Lane 1 ,Fwd,FF,,1063,2,28,,2,9.07,,,,,,,,,,,,,,,,,,,,,,,,9.07,-,,,,,,,,,,,,,,,,,,,,,,,,,-,-,,,,,,,,,,,,,,,,,,,,,,,,,
,04-22-2015,07:50:06, Lane 1 ,Fwd,FF,,1064,2,28,,2,9.12,,,,,,,,,,,,,,,,,,,,,,,,9.12,-,,,,,,,,,,,,,,,,,,,,,,,,,-,-,,,,,,,,,,,,,,,,,,,,,,,,,
,04-22-2015,07:50:10, Lane 1 ,Fwd,FF,,1065,2,25,,2,9.49,,,,,,,,,,,,,,,,,,,,,,,,9.49,-,,,,,,,,,,,,,,,,,,,,,,,,,-,-,,,,,,,,,,,,,,,,,,,,,,,,,
,04-22-2015,07:50:12, Lane 1 ,Fwd,FF,,1066,2,25,,2,8.89,,,,,,,,,,,,,,,,,,,,,,,,8.89,-,,,,,,,,,,,,,,,,,,,,,,,,,-,-,,,,,,,,,,,,,,,,,,,,,,,,,
,04-22-2015,07:50:14, Lane 1 ,Fwd,FF,,1067,2,27,,2,9.24,,,,,,,,,,,,,,,,,,,,,,,,9.24,-,,,,,,,,,,,,,,,,,,,,,,,,,-,-,,,,,,,,,,,,,,,,,,,,,,,,,
,04-22-2015,07:50:16, Lane 1 ,Fwd,FF,,1068,2,27,,2,9.10,,,,,,,,,,,,,,,,,,,,,,,,9.10,-,,,,,,,,,,,,,,,,,,,,,,,,,-,-,,,,,,,,,,,,,,,,,,,,,,,,,
,04-22-2015,07:50:21, Lane 1 ,Fwd,FF,,1069,2,25,,2,8.44,,,,,,,,,,,,,,,,,,,,,,,,8.44,-,,,,,,,,,,,,,,,,,,,,,,,,,-,-,,,,,,,,,,,,,,,,,,,,,,,,,
,04-22-2015,07:50:27, Lane 1 ,Fwd,FF,,1070,2,28,,4,9.48,41.73,11.37,,,,,,,,,,,,,,,,,,,,,,62.58,-,,,,,,,,,,,,,,,,,,,,,,,,,-,-,,,,,,,,,,,,,,,,,,,,,,,,,
,04-22-2015,07:50:30, Lane 1 ,Fwd,FF,,1071,2,26,,2,8.94,,,,,,,,,,,,,,,,,,,,,,,,8.94,-,,,,,,,,,,,,,,,,,,,,,,,,,-,-,,,,,,,,,,,,,,,,,,,,,,,,,
,04-22-2015,07:50:33, Lane 1 ,Fwd,FF,,1072,3,25,,2,10.32,,,,,,,,,,,,,,,,,,,,,,,,10.32,-,,,,,,,,,,,,,,,,,,,,,,,,,-,-,,,,,,,,,,,,,,,,,,,,,,,,,
,04-22-2015,07:50:36, Lane 1 ,Fwd,FF,,1073,2,25,,2,8.96,,,,,,,,,,,,,,,,,,,,,,,,8.96,-,,,,,,,,,,,,,,,,,,,,,,,,,-,-,,,,,,,,,,,,,,,,,,,,,,,,,
,04-22-2015,07:50:38, Lane 1 ,Fwd,FF,,1074,3,24,,2,11.82,,,,,,,,,,,,,,,,,,,,,,,,11.82,-,,,,,,,,,,,,,,,,,,,,,,,,,-,-,,,,,,,,,,,,,,,,,,,,,,,,,
,04-22-2015,07:50:41, Lane 1 ,Fwd,FF,,1075,3,27,,2,12.11,,,,,,,,,,,,,,,,,,,,,,,,12.11,-,,,,,,,,,,,,,,,,,,,,,,,,,-,-,,,,,,,,,,,,,,,,,,,,,,,,,
,04-22-2015,07:50:46, Lane 1 ,Fwd,FF,,1076,2,21,,2,9.43,,,,,,,,,,,,,,,,,,,,,,,,9.43,-,,,,,,,,,,,,,,,,,,,,,,,,,-,-,,,,,,,,,,,,,,,,,,,,,,,,,
,04-22-2015,07:50:52, Lane 1 ,Fwd,FF,,1077,2,27,,3,2.48,8.10,,,,,,,,,,,,,,,,,,,,,,,10.58,-,,,,,,,,,,,,,,,,,,,,,,,,,-,-,,,,,,,,,,,,,,,,,,,,,,,,,
,04-22-2015,07:50:55, Lane 1 ,Fwd,FF,,1078,2,22,,2,8.72,,,,,,,,,,,,,,,,,,,,,,,,8.72,-,,,,,,,,,,,,,,,,,,,,,,,,,-,-,,,,,,,,,,,,,,,,,,,,,,,,,
,04-22-2015,07:50:58, Lane 1 ,Fwd,FF,,1079,2,22,,2,9.65,,,,,,,,,,,,,,,,,,,,,,,,9.65,-,,,,,,,,,,,,,,,,,,,,,,,,,-,-,,,,,,,,,,,,,,,,,,,,,,,,,
,04-22-2015,07:51:02, Lane 1 ,Fwd,FF,,1080,1,19,,2,5.18,,,,,,,,,,,,,,,,,,,,,,,,5.18,-,,,,,,,,,,,,,,,,,,,,,,,,,-,-,,,,,,,,,,,,,,,,,,,,,,,,,
,04-22-2015,07:51:06, Lane 1 ,Fwd,FF,,1081,2,19,,2,8.89,,,,,,,,,,,,,,,,,,,,,,,,8.89,-,,,,,,,,,,,,,,,,,,,,,,,,,-,-,,,,,,,,,,,,,,,,,,,,,,,,,
,04-22-2015,07:51:09, Lane 1 ,Fwd,FF,,1082,2,19,,2,8.70,,,,,,,,,,,,,,,,,,,,,,,,8.70,-,,,,,,,,,,,,,,,,,,,,,,,,,-,-,,,,,,,,,,,,,,,,,,,,,,,,,
,04-22-2015,07:51:12, Lane 1 ,Fwd,FF,,1083,2,19,,2,9.16,,,,,,,,,,,,,,,,,,,,,,,,9.16,-,,,,,,,,,,,,,,,,,,,,,,,,,-,-,,,,,,,,,,,,,,,,,,,,,,,,,
,04-22-2015,07:51:14, Lane 1 ,Fwd,FF,,1084,2,27,,3,2.52,9.52,,,,,,,,,,,,,,,,,,,,,,,12.04,-,,,,,,,,,,,,,,,,,,,,,,,,,-,-,,,,,,,,,,,,,,,,,,,,,,,,,
,04-22-2015,07:51:18, Lane 1 ,Fwd,FF,,1085,3,27,,2,11.05,,,,,,,,,,,,,,,,,,,,,,,,11.05,-,,,,,,,,,,,,,,,,,,,,,,,,,-,-,,,,,,,,,,,,,,,,,,,,,,,,,
,04-22-2015,07:51:20, Lane 1 ,Fwd,FF,,1086,2,20,,2,9.64,,,,,,,,,,,,,,,,,,,,,,,,9.64,-,,,,,,,,,,,,,,,,,,,,,,,,,-,-,,,,,,,,,,,,,,,,,,,,,,,,,
,04-22-2015,07:51:22, Lane 1 ,Fwd,FF,,1087,2,21,,2,8.74,,,,,,,,,,,,,,,,,,,,,,,,8.74,-,,,,,,,,,,,,,,,,,,,,,,,,,-,-,,,,,,,,,,,,,,,,,,,,,,,,,
,04-22-2015,07:51:24, Lane 1 ,Fwd,FF,,1088,2,20,,2,8.84,,,,,,,,,,,,,,,,,,,,,,,,8.84,-,,,,,,,,,,,,,,,,,,,,,,,,,-,-,,,,,,,,,,,,,,,,,,,,,,,,,
,04-22-2015,07:51:26, Lane 1 ,Fwd,FF,,1089,9,20,,5,8.94,1.85,34.99,8.37,,,,,,,,,,,,,,,,,,,,,54.15,-,,,,,,,,,,,,,,,,,,,,,,,,,-,-,,,,,,,,,,,,,,,,,,,,,,,,,
,04-22-2015,07:51:30, Lane 1 ,Fwd,FF,,1090,2,20,,2,8.84,,,,,,,,,,,,,,,,,,,,,,,,8.84,-,,,,,,,,,,,,,,,,,,,,,,,,,-,-,,,,,,,,,,,,,,,,,,,,,,,,,
,04-22-2015,07:51:33, Lane 1 ,Fwd,FF,,1091,5,27,,2,15.46,,,,,,,,,,,,,,,,,,,,,,,,15.46,-,,,,,,,,,,,,,,,,,,,,,,,,,-,-,,,,,,,,,,,,,,,,,,,,,,,,,
,04-22-2015,07:51:36, Lane 1 ,Fwd,FF,,1092,2,18,,2,8.55,,,,,,,,,,,,,,,,,,,,,,,,8.55,-,,,,,,,,,,,,,,,,,,,,,,,,,-,-,,,,,,,,,,,,,,,,,,,,,,,,,
,04-22-2015,07:51:38, Lane 1 ,Fwd,FF,,1093,3,21,,2,11.02,,,,,,,,,,,,,,,,,,,,,,,,11.02,-,,,,,,,,,,,,,,,,,,,,,,,,,-,-,,,,,,,,,,,,,,,,,,,,,,,,,
,04-22-2015,07:51:41, Lane 1 ,Fwd,FF,,1094,2,22,,2,9.67,,,,,,,,,,,,,,,,,,,,,,,,9.67,-,,,,,,,,,,,,,,,,,,,,,,,,,-,-,,,,,,,,,,,,,,,,,,,,,,,,,
,04-22-2015,07:51:43, Lane 1 ,Fwd,FF,,1095,2,20,,2,9.13,,,,,,,,,,,,,,,,,,,,,,,,9.13,-,,,,,,,,,,,,,,,,,,,,,,,,,-,-,,,,,,,,,,,,,,,,,,,,,,,,,
,04-22-2015,07:51:47, Lane 1 ,Fwd,FF,,1096,2,18,,2,8.60,,,,,,,,,,,,,,,,,,,,,,,,8.60,-,,,,,,,,,,,,,,,,,,,,,,,,,-,-,,,,,,,,,,,,,,,,,,,,,,,,,
,04-22-2015,07:51:51, Lane 1 ,Fwd,FF,,1097,6,17,,3,9.69,1.63,,,,,,,,,,,,,,,,,,,,,,,11.32,-,,,,,,,,,,,,,,,,,,,,,,,,,-,-,,,,,,,,,,,,,,,,,,,,,,,,,
,04-22-2015,07:51:53, Lane 1 ,Fwd,FF,,1098,2,19,,2,9.15,,,,,,,,,,,,,,,,,,,,,,,,9.15,-,,,,,,,,,,,,,,,,,,,,,,,,,-,-,,,,,,,,,,,,,,,,,,,,,,,,,
,04-22-2015,07:51:57, Lane 1 ,Fwd,FF,,1099,2,20,,2,8.29,,,,,,,,,,,,,,,,,,,,,,,,8.29,-,,,,,,,,,,,,,,,,,,,,,,,,,-,-,,,,,,,,,,,,,,,,,,,,,,,,,
,04-22-2015,07:51:59, Lane 1 ,Fwd,FF,,1100,2,19,,2,8.96,,,,,,,,,,,,,,,,,,,,,,,,8.96,-,,,,,,,,,,,,,,,,,,,,,,,,,-,-,,,,,,,,,,,,,,,,,,,,,,,,,
,04-22-2015,07:52:01, Lane 1 ,Fwd,FF,,1101,2,19,,2,8.59,,,,,,,,,,,,,,,,,,,,,,,,8.59,-,,,,,,,,,,,,,,,,,,,,,,,,,-,-,,,,,,,,,,,,,,,,,,,,,,,,,
,04-22-2015,07:52:03, Lane 1 ,Fwd,FF,,1102,2,20,,2,9.18,,,,,,,,,,,,,,,,,,,,,,,,9.18,-,,,,,,,,,,,,,,,,,,,,,,,,,-,-,,,,,,,,,,,,,,,,,,,,,,,,,
,04-22-2015,07:52:07, Lane 1 ,Fwd,FF,,1103,2,22,,2,8.70,,,,,,,,,,,,,,,,,,,,,,,,8.70,-,,,,,,,,,,,,,,,,,,,,,,,,,-,-,,,,,,,,,,,,,,,,,,,,,,,,,
,04-22-2015,07:52:10, Lane 1 ,Fwd,FF,,1104,2,24,,2,8.47,,,,,,,,,,,,,,,,,,,,,,,,8.47,-,,,,,,,,,,,,,,,,,,,,,,,,,-,-,,,,,,,,,,,,,,,,,,,,,,,,,
,04-22-2015,07:52:12, Lane 1 ,Fwd,FF,,1105,2,24,,2,9.02,,,,,,,,,,,,,,,,,,,,,,,,9.02,-,,,,,,,,,,,,,,,,,,,,,,,,,-,-,,,,,,,,,,,,,,,,,,,,,,,,,
,04-22-2015,07:52:14, Lane 1 ,Fwd,FF,,1106,2,24,,2,8.42,,,,,,,,,,,,,,,,,,,,,,,,8.42,-,,,,,,,,,,,,,,,,,,,,,,,,,-,-,,,,,,,,,,,,,,,,,,,,,,,,,
,04-22-2015,07:52:17, Lane 1 ,Fwd,FF,,1107,2,21,,4,8.44,30.97,9.69,,,,,,,,,,,,,,,,,,,,,,49.10,-,,,,,,,,,,,,,,,,,,,,,,,,,-,-,,,,,,,,,,,,,,,,,,,,,,,,,
,04-22-2015,07:52:22, Lane 1 ,Fwd,FF,,1108,2,18,,3,1.64,6.82,,,,,,,,,,,,,,,,,,,,,,,8.46,-,,,,,,,,,,,,,,,,,,,,,,,,,-,-,,,,,,,,,,,,,,,,,,,,,,,,,
,04-22-2015,07:52:24, Lane 1 ,Fwd,FF,,1109,2,18,,2,8.72,,,,,,,,,,,,,,,,,,,,,,,,8.72,-,,,,,,,,,,,,,,,,,,,,,,,,,-,-,,,,,,,,,,,,,,,,,,,,,,,,,
,04-22-2015,07:52:28, Lane 1 ,Fwd,FF,,1110,2,20,,2,10.18,,,,,,,,,,,,,,,,,,,,,,,,10.18,-,,,,,,,,,,,,,,,,,,,,,,,,,-,-,,,,,,,,,,,,,,,,,,,,,,,,,
,04-22-2015,07:52:30, Lane 1 ,Fwd,FF,,1111,5,20,,2,17.58,,,,,,,,,,,,,,,,,,,,,,,,17.58,-,,,,,,,,,,,,,,,,,,,,,,,,,-,-,,,,,,,,,,,,,,,,,,,,,,,,,
,04-22-2015,07:52:34, Lane 1 ,Fwd,FF,,1112,4,20,,3,21.46,3.22,,,,,,,,,,,,,,,,,,,,,,,24.68,-,,,,,,,,,,,,,,,,,,,,,,,,,-,-,,,,,,,,,,,,,,,,,,,,,,,,,
,04-22-2015,07:52:38, Lane 1 ,Fwd,FF,,1113,2,20,,2,8.80,,,,,,,,,,,,,,,,,,,,,,,,8.80,-,,,,,,,,,,,,,,,,,,,,,,,,,-,-,,,,,,,,,,,,,,,,,,,,,,,,,
,04-22-2015,07:52:54, Lane 1 ,Fwd,FF,,1114,1,20,,2,4.30,,,,,,,,,,,,,,,,,,,,,,,,4.30,-,,,,,,,,,,,,,,,,,,,,,,,,,-,-,,,,,,,,,,,,,,,,,,,,,,,,,
,04-22-2015,07:52:58, Lane 1 ,Rev,FF,,1115,2,20,,3,1.37,2.99,,,,,,,,,,,,,,,,,,,,,,,4.36,-,,,,,,,,,,,,,,,,,,,,,,,,,-,-,,,,,,,,,,,,,,,,,,,,,,,,,
,04-22-2015,07:52:58, Lane 1 ,Fwd,FF,,1116,1,20,,2,2.12,,,,,,,,,,,,,,,,,,,,,,,,2.12,-,,,,,,,,,,,,,,,,,,,,,,,,,-,-,,,,,,,,,,,,,,,,,,,,,,,,,
,04-22-2015,07:53:03, Lane 1 ,Rev,FF,,1117,2,20,,3,1.28,1.76,,,,,,,,,,,,,,,,,,,,,,,3.04,-,,,,,,,,,,,,,,,,,,,,,,,,,-,-,,,,,,,,,,,,,,,,,,,,,,,,,
,04-22-2015,07:53:04, Lane 1 ,Fwd,FF,,1118,4,20,,3,23.19,3.13,,,,,,,,,,,,,,,,,,,,,,,26.32,-,,,,,,,,,,,,,,,,,,,,,,,,,-,-,,,,,,,,,,,,,,,,,,,,,,,,,
,04-22-2015,07:53:08, Lane 1 ,Fwd,FF,,1119,2,20,,3,3.19,19.40,,,,,,,,,,,,,,,,,,,,,,,22.59,-,,,,,,,,,,,,,,,,,,,,,,,,,-,-,,,,,,,,,,,,,,,,,,,,,,,,,
,04-22-2015,07:53:14, Lane 1 ,Fwd,FF,,1120,10,11,,6,0.94,15.19,16.77,0.89,1.59,,,,,,,,,,,,,,,,,,,,35.38,-,,,,,,,,,,,,,,,,,,,,,,,,,-,-,,,,,,,,,,,,,,,,,,,,,,,,,
,04-22-2015,07:53:21, Lane 1 ,Fwd,FF,,1121,2,17,,4,1.54,8.38,1.56,,,,,,,,,,,,,,,,,,,,,,11.48,-,,,,,,,,,,,,,,,,,,,,,,,,,-,-,,,,,,,,,,,,,,,,,,,,,,,,,
,04-22-2015,07:53:23, Lane 1 ,Fwd,FF,,1122,3,20,,2,10.32,,,,,,,,,,,,,,,,,,,,,,,,10.32,-,,,,,,,,,,,,,,,,,,,,,,,,,-,-,,,,,,,,,,,,,,,,,,,,,,,,,
,04-22-2015,07:53:26, Lane 1 ,Fwd,FF,,1123,2,20,,2,10.18,,,,,,,,,,,,,,,,,,,,,,,,10.18,-,,,,,,,,,,,,,,,,,,,,,,,,,-,-,,,,,,,,,,,,,,,,,,,,,,,,,
,04-22-2015,07:53:29, Lane 1 ,Fwd,FF,,1124,2,20,,4,1.55,11.16,1.58,,,,,,,,,,,,,,,,,,,,,,14.29,-,,,,,,,,,,,,,,,,,,,,,,,,,-,-,,,,,,,,,,,,,,,,,,,,,,,,,
,04-22-2015,07:53:32, Lane 1 ,Fwd,FF,,1125,15,20,,10,16.20,9.97,1.28,67.44,12.44,49.51,13.13,68.31,12.36,,,,,,,,,,,,,,,,250.64,-,,,,,,,,,,,,,,,,,,,,,,,,,-,-,,,,,,,,,,,,,,,,,,,,,,,,,
,04-22-2015,07:53:42, Lane 1 ,Fwd,FF,,1126,2,14,,4,1.29,7.96,1.35,,,,,,,,,,,,,,,,,,,,,,10.60,-,,,,,,,,,,,,,,,,,,,,,,,,,-,-,,,,,,,,,,,,,,,,,,,,,,,,,
,04-22-2015,07:53:46, Lane 1 ,Fwd,FF,,1127,2,15,,2,9.23,,,,,,,,,,,,,,,,,,,,,,,,9.23,-,,,,,,,,,,,,,,,,,,,,,,,,,-,-,,,,,,,,,,,,,,,,,,,,,,,,,
,04-22-2015,07:53:49, Lane 1 ,Fwd,FF,,1128,3,20,,2,11.58,,,,,,,,,,,,,,,,,,,,,,,,11.58,-,,,,,,,,,,,,,,,,,,,,,,,,,-,-,,,,,,,,,,,,,,,,,,,,,,,,,
,04-22-2015,07:53:52, Lane 1 ,Fwd,FF,,1129,3,20,,2,11.52,,,,,,,,,,,,,,,,,,,,,,,,11.52,-,,,,,,,,,,,,,,,,,,,,,,,,,-,-,,,,,,,,,,,,,,,,,,,,,,,,,
,04-22-2015,07:53:56, Lane 1 ,Fwd,FF,,1130,2,20,,4,12.83,60.94,22.65,,,,,,,,,,,,,,,,,,,,,,96.42,-,,,,,,,,,,,,,,,,,,,,,,,,,-,-,,,,,,,,,,,,,,,,,,,,,,,,,
,04-22-2015,07:53:59, Lane 1 ,Fwd,FF,,1131,2,20,,3,1.61,1.82,,,,,,,,,,,,,,,,,,,,,,,3.43,-,,,,,,,,,,,,,,,,,,,,,,,,,-,-,,,,,,,,,,,,,,,,,,,,,,,,,
,04-22-2015,07:54:02, Lane 1 ,Rev,FF,,1132,1,20,,2,4.39,,,,,,,,,,,,,,,,,,,,,,,,4.39,-,,,,,,,,,,,,,,,,,,,,,,,,,-,-,,,,,,,,,,,,,,,,,,,,,,,,,
,04-22-2015,07:54:02, Lane 1 ,Fwd,FF,,1133,2,20,,3,2.83,56.07,,,,,,,,,,,,,,,,,,,,,,,58.90,-,,,,,,,,,,,,,,,,,,,,,,,,,-,-,,,,,,,,,,,,,,,,,,,,,,,,,
,04-22-2015,07:54:26, Lane 1 ,Rev,FF,,1134,9,20,,5,1.52,8.65,47.72,3.67,,,,,,,,,,,,,,,,,,,,,61.56,-,,,,,,,,,,,,,,,,,,,,,,,,,-,-,,,,,,,,,,,,,,,,,,,,,,,,,
,04-22-2015,07:54:28, Lane 1 ,Fwd,FF,,1135,15,20,,>Range,,,,,,,,,,,,,,,,,,,,,,,,,0.00,-,,,,,,,,,,,,,,,,,,,,,,,,,-,-,,,,,,,,,,,,,,,,,,,,,,,,,0.000
,04-22-2015,07:54:41, Lane 1 ,Fwd,FF,,1136,2,9,,4,1.00,2.18,1.46,,,,,,,,,,,,,,,,,,,,,,4.64,-,,,,,,,,,,,,,,,,,,,,,,,,,-,-,,,,,,,,,,,,,,,,,,,,,,,,,
,04-22-2015,07:54:44, Lane 1 ,Fwd,FF,,1137,10,20,,6,16.59,2.03,64.85,17.94,2.00,,,,,,,,,,,,,,,,,,,,103.41,-,,,,,,,,,,,,,,,,,,,,,,,,,-,-,,,,,,,,,,,,,,,,,,,,,,,,,
,04-22-2015,07:54:50, Lane 1 ,Fwd,FF,,1138,10,20,,6,19.64,68.88,12.65,60.97,13.07,,,,,,,,,,,,,,,,,,,,175.21,-,,,,,,,,,,,,,,,,,,,,,,,,,-,-,,,,,,,,,,,,,,,,,,,,,,,,,
,04-22-2015,07:54:59, Lane 1 ,Fwd,FF,,1139,3,16,,2,10.46,,,,,,,,,,,,,,,,,,,,,,,,10.46,-,,,,,,,,,,,,,,,,,,,,,,,,,-,-,,,,,,,,,,,,,,,,,,,,,,,,,
,04-22-2015,07:55:05, Lane 1 ,Fwd,FF,,1140,2,16,,4,1.47,7.89,1.47,,,,,,,,,,,,,,,,,,,,,,10.83,-,,,,,,,,,,,,,,,,,,,,,,,,,-,-,,,,,,,,,,,,,,,,,,,,,,,,,
,04-22-2015,07:55:09, Lane 1 ,Fwd,FF,,1141,2,18,,2,9.02,,,,,,,,,,,,,,,,,,,,,,,,9.02,-,,,,,,,,,,,,,,,,,,,,,,,,,-,-,,,,,,,,,,,,,,,,,,,,,,,,,
,04-22-2015,07:55:14, Lane 1 ,Fwd,FF,,1142,2,18,,2,8.73,,,,,,,,,,,,,,,,,,,,,,,,8.73,-,,,,,,,,,,,,,,,,,,,,,,,,,-,-,,,,,,,,,,,,,,,,,,,,,,,,,
,04-22-2015,07:55:18, Lane 1 ,Fwd,FF,,1143,2,17,,2,8.72,,,,,,,,,,,,,,,,,,,,,,,,8.72,-,,,,,,,,,,,,,,,,,,,,,,,,,-,-,,,,,,,,,,,,,,,,,,,,,,,,,
,04-22-2015,07:55:20, Lane 1 ,Fwd,FF,,1144,2,18,,2,8.74,,,,,,,,,,,,,,,,,,,,,,,,8.74,-,,,,,,,,,,,,,,,,,,,,,,,,,-,-,,,,,,,,,,,,,,,,,,,,,,,,,
,04-22-2015,07:55:22, Lane 1 ,Fwd,FF,,1145,6,20,,3,9.46,1.14,,,,,,,,,,,,,,,,,,,,,,,10.60,-,,,,,,,,,,,,,,,,,,,,,,,,,-,-,,,,,,,,,,,,,,,,,,,,,,,,,
,04-22-2015,07:55:25, Lane 1 ,Fwd,FF,,1146,2,20,,2,8.71,,,,,,,,,,,,,,,,,,,,,,,,8.71,-,,,,,,,,,,,,,,,,,,,,,,,,,-,-,,,,,,,,,,,,,,,,,,,,,,,,,
,04-22-2015,07:55:29, Lane 1 ,Fwd,FF,,1147,2,21,,2,8.83,,,,,,,,,,,,,,,,,,,,,,,,8.83,-,,,,,,,,,,,,,,,,,,,,,,,,,-,-,,,,,,,,,,,,,,,,,,,,,,,,,
,04-22-2015,07:55:32, Lane 1 ,Fwd,FF,,1148,3,21,,2,10.78,,,,,,,,,,,,,,,,,,,,,,,,10.78,-,,,,,,,,,,,,,,,,,,,,,,,,,-,-,,,,,,,,,,,,,,,,,,,,,,,,,
,04-22-2015,07:55:35, Lane 1 ,Fwd,FF,,1149,2,20,,4,8.77,32.57,9.54,,,,,,,,,,,,,,,,,,,,,,50.88,-,,,,,,,,,,,,,,,,,,,,,,,,,-,-,,,,,,,,,,,,,,,,,,,,,,,,,
,04-22-2015,07:55:40, Lane 1 ,Fwd,FF,,1150,2,21,,2,8.64,,,,,,,,,,,,,,,,,,,,,,,,8.64,-,,,,,,,,,,,,,,,,,,,,,,,,,-,-,,,,,,,,,,,,,,,,,,,,,,,,,
,04-22-2015,07:55:43, Lane 1 ,Fwd,FF,,1151,2,21,,2,9.29,,,,,,,,,,,,,,,,,,,,,,,,9.29,-,,,,,,,,,,,,,,,,,,,,,,,,,-,-,,,,,,,,,,,,,,,,,,,,,,,,,
,04-22-2015,07:55:49, Lane 1 ,Fwd,FF,,1152,2,21,,4,8.73,37.03,9.45,,,,,,,,,,,,,,,,,,,,,,55.21,-,,,,,,,,,,,,,,,,,,,,,,,,,-,-,,,,,,,,,,,,,,,,,,,,,,,,,
,04-22-2015,07:55:54, Lane 1 ,Fwd,FF,,1153,2,23,,2,10.01,,,,,,,,,,,,,,,,,,,,,,,,10.01,-,,,,,,,,,,,,,,,,,,,,,,,,,-,-,,,,,,,,,,,,,,,,,,,,,,,,,
,04-22-2015,07:55:57, Lane 1 ,Fwd,FF,,1154,2,24,,2,8.69,,,,,,,,,,,,,,,,,,,,,,,,8.69,-,,,,,,,,,,,,,,,,,,,,,,,,,-,-,,,,,,,,,,,,,,,,,,,,,,,,,
,04-22-2015,07:55:59, Lane 1 ,Fwd,FF,,1155,2,24,,2,8.49,,,,,,,,,,,,,,,,,,,,,,,,8.49,-,,,,,,,,,,,,,,,,,,,,,,,,,-,-,,,,,,,,,,,,,,,,,,,,,,,,,
,04-22-2015,07:56:04, Lane 1 ,Fwd,FF,,1156,2,23,,2,9.77,,,,,,,,,,,,,,,,,,,,,,,,9.77,-,,,,,,,,,,,,,,,,,,,,,,,,,-,-,,,,,,,,,,,,,,,,,,,,,,,,,
,04-22-2015,07:56:06, Lane 1 ,Fwd,FF,,1157,2,23,,2,8.95,,,,,,,,,,,,,,,,,,,,,,,,8.95,-,,,,,,,,,,,,,,,,,,,,,,,,,-,-,,,,,,,,,,,,,,,,,,,,,,,,,
,04-22-2015,07:56:11, Lane 1 ,Fwd,FF,,1158,2,21,,2,7.88,,,,,,,,,,,,,,,,,,,,,,,,7.88,-,,,,,,,,,,,,,,,,,,,,,,,,,-,-,,,,,,,,,,,,,,,,,,,,,,,,,
,04-22-2015,07:56:14, Lane 1 ,Fwd,FF,,1159,2,21,,2,8.29,,,,,,,,,,,,,,,,,,,,,,,,8.29,-,,,,,,,,,,,,,,,,,,,,,,,,,-,-,,,,,,,,,,,,,,,,,,,,,,,,,
,04-22-2015,07:56:16, Lane 1 ,Fwd,FF,,1160,2,22,,2,8.53,,,,,,,,,,,,,,,,,,,,,,,,8.53,-,,,,,,,,,,,,,,,,,,,,,,,,,-,-,,,,,,,,,,,,,,,,,,,,,,,,,
,04-22-2015,07:56:19, Lane 1 ,Fwd,FF,,1161,2,21,,2,8.95,,,,,,,,,,,,,,,,,,,,,,,,8.95,-,,,,,,,,,,,,,,,,,,,,,,,,,-,-,,,,,,,,,,,,,,,,,,,,,,,,,
,04-22-2015,07:56:21, Lane 1 ,Fwd,FF,,1162,2,23,,2,8.73,,,,,,,,,,,,,,,,,,,,,,,,8.73,-,,,,,,,,,,,,,,,,,,,,,,,,,-,-,,,,,,,,,,,,,,,,,,,,,,,,,
,04-22-2015,07:56:25, Lane 1 ,Fwd,FF,,1163,2,22,,2,8.89,,,,,,,,,,,,,,,,,,,,,,,,8.89,-,,,,,,,,,,,,,,,,,,,,,,,,,-,-,,,,,,,,,,,,,,,,,,,,,,,,,
,04-22-2015,07:56:27, Lane 1 ,Fwd,FF,,1164,2,24,,2,8.76,,,,,,,,,,,,,,,,,,,,,,,,8.76,-,,,,,,,,,,,,,,,,,,,,,,,,,-,-,,,,,,,,,,,,,,,,,,,,,,,,,
,04-22-2015,07:56:30, Lane 1 ,Fwd,FF,,1165,2,27,,2,8.76,,,,,,,,,,,,,,,,,,,,,,,,8.76,-,,,,,,,,,,,,,,,,,,,,,,,,,-,-,,,,,,,,,,,,,,,,,,,,,,,,,
,04-22-2015,07:56:32, Lane 1 ,Fwd,FF,,1166,2,26,,2,9.77,,,,,,,,,,,,,,,,,,,,,,,,9.77,-,,,,,,,,,,,,,,,,,,,,,,,,,-,-,,,,,,,,,,,,,,,,,,,,,,,,,
,04-22-2015,07:56:34, Lane 1 ,Fwd,FF,,1167,2,27,,2,8.84,,,,,,,,,,,,,,,,,,,,,,,,8.84,-,,,,,,,,,,,,,,,,,,,,,,,,,-,-,,,,,,,,,,,,,,,,,,,,,,,,,
,04-22-2015,07:56:41, Lane 1 ,Fwd,FF,,1168,5,26,,2,17.27,,,,,,,,,,,,,,,,,,,,,,,,17.27,-,,,,,,,,,,,,,,,,,,,,,,,,,-,-,,,,,,,,,,,,,,,,,,,,,,,,,
,04-22-2015,07:56:43, Lane 1 ,Fwd,FF,,1169,2,27,,2,8.87,,,,,,,,,,,,,,,,,,,,,,,,8.87,-,,,,,,,,,,,,,,,,,,,,,,,,,-,-,,,,,,,,,,,,,,,,,,,,,,,,,
,04-22-2015,07:56:45, Lane 1 ,Fwd,FF,,1170,2,27,,2,9.17,,,,,,,,,,,,,,,,,,,,,,,,9.17,-,,,,,,,,,,,,,,,,,,,,,,,,,-,-,,,,,,,,,,,,,,,,,,,,,,,,,
,04-22-2015,07:56:50, Lane 1 ,Fwd,FF,,1171,2,26,,2,9.17,,,,,,,,,,,,,,,,,,,,,,,,9.17,-,,,,,,,,,,,,,,,,,,,,,,,,,-,-,,,,,,,,,,,,,,,,,,,,,,,,,
,04-22-2015,07:56:53, Lane 1 ,Fwd,FF,,1172,2,29,,2,8.44,,,,,,,,,,,,,,,,,,,,,,,,8.44,-,,,,,,,,,,,,,,,,,,,,,,,,,-,-,,,,,,,,,,,,,,,,,,,,,,,,,
,04-22-2015,07:56:55, Lane 1 ,Fwd,FF,,1173,2,29,,2,8.75,,,,,,,,,,,,,,,,,,,,,,,,8.75,-,,,,,,,,,,,,,,,,,,,,,,,,,-,-,,,,,,,,,,,,,,,,,,,,,,,,,
,04-22-2015,07:56:57, Lane 1 ,Fwd,FF,,1174,2,30,,2,8.92,,,,,,,,,,,,,,,,,,,,,,,,8.92,-,,,,,,,,,,,,,,,,,,,,,,,,,-,-,,,,,,,,,,,,,,,,,,,,,,,,,
,04-22-2015,07:57:01, Lane 1 ,Fwd,FF,,1175,2,30,,2,8.53,,,,,,,,,,,,,,,,,,,,,,,,8.53,-,,,,,,,,,,,,,,,,,,,,,,,,,-,-,,,,,,,,,,,,,,,,,,,,,,,,,
,04-22-2015,07:57:07, Lane 1 ,Fwd,FF,,1176,8,28,,4,12.08,23.50,3.94,,,,,,,,,,,,,,,,,,,,,,39.52,-,,,,,,,,,,,,,,,,,,,,,,,,,-,-,,,,,,,,,,,,,,,,,,,,,,,,,
,04-22-2015,07:57:11, Lane 1 ,Fwd,FF,,1177,2,31,,2,8.82,,,,,,,,,,,,,,,,,,,,,,,,8.82,-,,,,,,,,,,,,,,,,,,,,,,,,,-,-,,,,,,,,,,,,,,,,,,,,,,,,,
,04-22-2015,07:57:13, Lane 1 ,Fwd,FF,,1178,2,29,,2,8.55,,,,,,,,,,,,,,,,,,,,,,,,8.55,-,,,,,,,,,,,,,,,,,,,,,,,,,-,-,,,,,,,,,,,,,,,,,,,,,,,,,
,04-22-2015,07:57:17, Lane 1 ,Fwd,FF,,1179,3,33,,4,12.58,14.80,2.94,,,,,,,,,,,,,,,,,,,,,,30.32,-,,,,,,,,,,,,,,,,,,,,,,,,,-,-,,,,,,,,,,,,,,,,,,,,,,,,,
,04-22-2015,07:57:19, Lane 1 ,Fwd,FF,,1180,3,34,,2,11.80,,,,,,,,,,,,,,,,,,,,,,,,11.80,-,,,,,,,,,,,,,,,,,,,,,,,,,-,-,,,,,,,,,,,,,,,,,,,,,,,,,
,04-22-2015,07:57:21, Lane 1 ,Fwd,FF,,1181,2,35,,2,8.54,,,,,,,,,,,,,,,,,,,,,,,,8.54,-,,,,,,,,,,,,,,,,,,,,,,,,,-,-,,,,,,,,,,,,,,,,,,,,,,,,,
,04-22-2015,07:57:23, Lane 1 ,Fwd,FF,,1182,2,36,,2,8.91,,,,,,,,,,,,,,,,,,,,,,,,8.91,-,,,,,,,,,,,,,,,,,,,,,,,,,-,-,,,,,,,,,,,,,,,,,,,,,,,,,
,04-22-2015,07:57:29, Lane 1 ,Fwd,FF,,1183,2,29,,2,8.23,,,,,,,,,,,,,,,,,,,,,,,,8.23,-,,,,,,,,,,,,,,,,,,,,,,,,,-,-,,,,,,,,,,,,,,,,,,,,,,,,,
,04-22-2015,07:57:31, Lane 1 ,Fwd,FF,,1184,2,28,,2,8.72,,,,,,,,,,,,,,,,,,,,,,,,8.72,-,,,,,,,,,,,,,,,,,,,,,,,,,-,-,,,,,,,,,,,,,,,,,,,,,,,,,
,04-22-2015,07:57:33, Lane 1 ,Fwd,FF,,1185,2,27,,2,9.16,,,,,,,,,,,,,,,,,,,,,,,,9.16,-,,,,,,,,,,,,,,,,,,,,,,,,,-,-,,,,,,,,,,,,,,,,,,,,,,,,,
,04-22-2015,07:57:34, Lane 1 ,Fwd,FF,,1186,2,26,,2,9.90,,,,,,,,,,,,,,,,,,,,,,,,9.90,-,,,,,,,,,,,,,,,,,,,,,,,,,-,-,,,,,,,,,,,,,,,,,,,,,,,,,
,04-22-2015,07:57:36, Lane 1 ,Fwd,FF,,1187,2,28,,2,8.56,,,,,,,,,,,,,,,,,,,,,,,,8.56,-,,,,,,,,,,,,,,,,,,,,,,,,,-,-,,,,,,,,,,,,,,,,,,,,,,,,,
,04-22-2015,07:57:38, Lane 1 ,Fwd,FF,,1188,2,31,,2,9.19,,,,,,,,,,,,,,,,,,,,,,,,9.19,-,,,,,,,,,,,,,,,,,,,,,,,,,-,-,,,,,,,,,,,,,,,,,,,,,,,,,
,04-22-2015,07:57:40, Lane 1 ,Fwd,FF,,1189,2,32,,2,8.55,,,,,,,,,,,,,,,,,,,,,,,,8.55,-,,,,,,,,,,,,,,,,,,,,,,,,,-,-,,,,,,,,,,,,,,,,,,,,,,,,,
,04-22-2015,07:57:42, Lane 1 ,Fwd,FF,,1190,2,31,,2,8.78,,,,,,,,,,,,,,,,,,,,,,,,8.78,-,,,,,,,,,,,,,,,,,,,,,,,,,-,-,,,,,,,,,,,,,,,,,,,,,,,,,
,04-22-2015,07:57:44, Lane 1 ,Fwd,FF,,1191,6,31,,3,17.55,4.39,,,,,,,,,,,,,,,,,,,,,,,21.94,-,,,,,,,,,,,,,,,,,,,,,,,,,-,-,,,,,,,,,,,,,,,,,,,,,,,,,
,04-22-2015,07:57:46, Lane 1 ,Fwd,FF,,1192,3,32,,2,11.77,,,,,,,,,,,,,,,,,,,,,,,,11.77,-,,,,,,,,,,,,,,,,,,,,,,,,,-,-,,,,,,,,,,,,,,,,,,,,,,,,,
,04-22-2015,07:57:47, Lane 1 ,Fwd,FF,,1193,2,32,,2,9.43,,,,,,,,,,,,,,,,,,,,,,,,9.43,-,,,,,,,,,,,,,,,,,,,,,,,,,-,-,,,,,,,,,,,,,,,,,,,,,,,,,
,04-22-2015,07:57:50, Lane 1 ,Fwd,FF,,1194,2,33,,2,8.57,,,,,,,,,,,,,,,,,,,,,,,,8.57,-,,,,,,,,,,,,,,,,,,,,,,,,,-,-,,,,,,,,,,,,,,,,,,,,,,,,,
,04-22-2015,07:57:52, Lane 1 ,Fwd,FF,,1195,2,32,,2,8.70,,,,,,,,,,,,,,,,,,,,,,,,8.70,-,,,,,,,,,,,,,,,,,,,,,,,,,-,-,,,,,,,,,,,,,,,,,,,,,,,,,
,04-22-2015,07:57:53, Lane 1 ,Fwd,FF,,1196,3,31,,2,10.31,,,,,,,,,,,,,,,,,,,,,,,,10.31,-,,,,,,,,,,,,,,,,,,,,,,,,,-,-,,,,,,,,,,,,,,,,,,,,,,,,,
,04-22-2015,07:57:55, Lane 1 ,Fwd,FF,,1197,2,31,,2,10.04,,,,,,,,,,,,,,,,,,,,,,,,10.04,-,,,,,,,,,,,,,,,,,,,,,,,,,-,-,,,,,,,,,,,,,,,,,,,,,,,,,
,04-22-2015,07:57:56, Lane 1 ,Fwd,FF,,1198,2,30,,2,9.65,,,,,,,,,,,,,,,,,,,,,,,,9.65,-,,,,,,,,,,,,,,,,,,,,,,,,,-,-,,,,,,,,,,,,,,,,,,,,,,,,,
,04-22-2015,07:58:00, Lane 1 ,Fwd,FF,,1199,2,35,,2,9.01,,,,,,,,,,,,,,,,,,,,,,,,9.01,-,,,,,,,,,,,,,,,,,,,,,,,,,-,-,,,,,,,,,,,,,,,,,,,,,,,,,
,04-22-2015,07:58:03, Lane 1 ,Fwd,FF,,1200,2,34,,2,8.77,,,,,,,,,,,,,,,,,,,,,,,,8.77,-,,,,,,,,,,,,,,,,,,,,,,,,,-,-,,,,,,,,,,,,,,,,,,,,,,,,,
,04-22-2015,07:58:05, Lane 1 ,Fwd,FF,,1201,2,34,,2,8.64,,,,,,,,,,,,,,,,,,,,,,,,8.64,-,,,,,,,,,,,,,,,,,,,,,,,,,-,-,,,,,,,,,,,,,,,,,,,,,,,,,
,04-22-2015,07:58:08, Lane 1 ,Fwd,FF,,1202,2,35,,2,9.51,,,,,,,,,,,,,,,,,,,,,,,,9.51,-,,,,,,,,,,,,,,,,,,,,,,,,,-,-,,,,,,,,,,,,,,,,,,,,,,,,,
,04-22-2015,07:58:10, Lane 1 ,Fwd,FF,,1203,3,35,,2,11.07,,,,,,,,,,,,,,,,,,,,,,,,11.07,-,,,,,,,,,,,,,,,,,,,,,,,,,-,-,,,,,,,,,,,,,,,,,,,,,,,,,
,04-22-2015,07:58:12, Lane 1 ,Fwd,FF,,1204,2,36,,2,8.18,,,,,,,,,,,,,,,,,,,,,,,,8.18,-,,,,,,,,,,,,,,,,,,,,,,,,,-,-,,,,,,,,,,,,,,,,,,,,,,,,,
,04-22-2015,07:58:14, Lane 1 ,Fwd,FF,,1205,2,36,,2,9.24,,,,,,,,,,,,,,,,,,,,,,,,9.24,-,,,,,,,,,,,,,,,,,,,,,,,,,-,-,,,,,,,,,,,,,,,,,,,,,,,,,
,04-22-2015,07:58:16, Lane 1 ,Fwd,FF,,1206,3,36,,2,11.90,,,,,,,,,,,,,,,,,,,,,,,,11.90,-,,,,,,,,,,,,,,,,,,,,,,,,,-,-,,,,,,,,,,,,,,,,,,,,,,,,,
,04-22-2015,07:58:18, Lane 1 ,Fwd,FF,,1207,3,37,,2,11.09,,,,,,,,,,,,,,,,,,,,,,,,11.09,-,,,,,,,,,,,,,,,,,,,,,,,,,-,-,,,,,,,,,,,,,,,,,,,,,,,,,
,04-22-2015,07:58:20, Lane 1 ,Fwd,FF,,1208,2,38,,2,8.73,,,,,,,,,,,,,,,,,,,,,,,,8.73,-,,,,,,,,,,,,,,,,,,,,,,,,,-,-,,,,,,,,,,,,,,,,,,,,,,,,,
,04-22-2015,07:58:22, Lane 1 ,Fwd,FF,,1209,2,39,,2,9.91,,,,,,,,,,,,,,,,,,,,,,,,9.91,-,,,,,,,,,,,,,,,,,,,,,,,,,-,-,,,,,,,,,,,,,,,,,,,,,,,,,
,04-22-2015,07:58:25, Lane 1 ,Fwd,FF,,1210,2,37,,2,8.77,,,,,,,,,,,,,,,,,,,,,,,,8.77,-,,,,,,,,,,,,,,,,,,,,,,,,,-,-,,,,,,,,,,,,,,,,,,,,,,,,,
,04-22-2015,07:58:31, Lane 1 ,Fwd,FF,,1211,2,38,,2,8.21,,,,,,,,,,,,,,,,,,,,,,,,8.21,-,,,,,,,,,,,,,,,,,,,,,,,,,-,-,,,,,,,,,,,,,,,,,,,,,,,,,
,04-22-2015,07:58:33, Lane 1 ,Fwd,FF,,1212,2,37,,2,8.56,,,,,,,,,,,,,,,,,,,,,,,,8.56,-,,,,,,,,,,,,,,,,,,,,,,,,,-,-,,,,,,,,,,,,,,,,,,,,,,,,,
,04-22-2015,07:58:37, Lane 1 ,Fwd,FF,,1213,2,33,,2,8.45,,,,,,,,,,,,,,,,,,,,,,,,8.45,-,,,,,,,,,,,,,,,,,,,,,,,,,-,-,,,,,,,,,,,,,,,,,,,,,,,,,
,04-22-2015,07:58:38, Lane 1 ,Fwd,FF,,1214,2,32,,2,8.08,,,,,,,,,,,,,,,,,,,,,,,,8.08,-,,,,,,,,,,,,,,,,,,,,,,,,,-,-,,,,,,,,,,,,,,,,,,,,,,,,,
,04-22-2015,07:58:40, Lane 1 ,Fwd,FF,,1215,2,33,,2,8.73,,,,,,,,,,,,,,,,,,,,,,,,8.73,-,,,,,,,,,,,,,,,,,,,,,,,,,-,-,,,,,,,,,,,,,,,,,,,,,,,,,
,04-22-2015,07:58:42, Lane 1 ,Fwd,FF,,1216,2,33,,2,8.70,,,,,,,,,,,,,,,,,,,,,,,,8.70,-,,,,,,,,,,,,,,,,,,,,,,,,,-,-,,,,,,,,,,,,,,,,,,,,,,,,,
,04-22-2015,07:58:44, Lane 1 ,Fwd,FF,,1217,2,32,,2,8.84,,,,,,,,,,,,,,,,,,,,,,,,8.84,-,,,,,,,,,,,,,,,,,,,,,,,,,-,-,,,,,,,,,,,,,,,,,,,,,,,,,
,04-22-2015,07:58:55, Lane 1 ,Fwd,FF,,1218,9,44,,5,16.77,4.13,33.81,3.94,,,,,,,,,,,,,,,,,,,,,58.65,-,,,,,,,,,,,,,,,,,,,,,,,,,-,-,,,,,,,,,,,,,,,,,,,,,,,,,
,04-22-2015,07:58:58, Lane 1 ,Fwd,FF,,1219,2,44,,2,8.37,,,,,,,,,,,,,,,,,,,,,,,,8.37,-,,,,,,,,,,,,,,,,,,,,,,,,,-,-,,,,,,,,,,,,,,,,,,,,,,,,,
,04-22-2015,07:59:00, Lane 1 ,Fwd,FF,,1220,2,45,,2,8.75,,,,,,,,,,,,,,,,,,,,,,,,8.75,-,,,,,,,,,,,,,,,,,,,,,,,,,-,-,,,,,,,,,,,,,,,,,,,,,,,,,
,04-22-2015,07:59:01, Lane 1 ,Fwd,FF,,1221,2,46,,2,9.45,,,,,,,,,,,,,,,,,,,,,,,,9.45,-,,,,,,,,,,,,,,,,,,,,,,,,,-,-,,,,,,,,,,,,,,,,,,,,,,,,,
,04-22-2015,07:59:05, Lane 1 ,Fwd,FF,,1222,3,47,,2,11.52,,,,,,,,,,,,,,,,,,,,,,,,11.52,-,,,,,,,,,,,,,,,,,,,,,,,,,-,-,,,,,,,,,,,,,,,,,,,,,,,,,
,04-22-2015,07:59:07, Lane 1 ,Fwd,FF,,1223,2,47,,2,9.17,,,,,,,,,,,,,,,,,,,,,,,,9.17,-,,,,,,,,,,,,,,,,,,,,,,,,,-,-,,,,,,,,,,,,,,,,,,,,,,,,,
,04-22-2015,07:59:11, Lane 1 ,Fwd,FF,,1224,2,46,,2,9.05,,,,,,,,,,,,,,,,,,,,,,,,9.05,-,,,,,,,,,,,,,,,,,,,,,,,,,-,-,,,,,,,,,,,,,,,,,,,,,,,,,
,04-22-2015,07:59:14, Lane 1 ,Fwd,FF,,1225,3,45,,2,11.74,,,,,,,,,,,,,,,,,,,,,,,,11.74,-,,,,,,,,,,,,,,,,,,,,,,,,,-,-,,,,,,,,,,,,,,,,,,,,,,,,,
,04-22-2015,07:59:16, Lane 1 ,Fwd,FF,,1226,2,45,,2,9.70,,,,,,,,,,,,,,,,,,,,,,,,9.70,-,,,,,,,,,,,,,,,,,,,,,,,,,-,-,,,,,,,,,,,,,,,,,,,,,,,,,
,04-22-2015,07:59:17, Lane 1 ,Fwd,FF,,1227,2,46,,2,8.88,,,,,,,,,,,,,,,,,,,,,,,,8.88,-,,,,,,,,,,,,,,,,,,,,,,,,,-,-,,,,,,,,,,,,,,,,,,,,,,,,,
,04-22-2015,07:59:20, Lane 1 ,Fwd,FF,,1228,2,48,,2,8.42,,,,,,,,,,,,,,,,,,,,,,,,8.42,-,,,,,,,,,,,,,,,,,,,,,,,,,-,-,,,,,,,,,,,,,,,,,,,,,,,,,
,04-22-2015,07:59:22, Lane 1 ,Fwd,FF,,1229,2,49,,2,8.77,,,,,,,,,,,,,,,,,,,,,,,,8.77,-,,,,,,,,,,,,,,,,,,,,,,,,,-,-,,,,,,,,,,,,,,,,,,,,,,,,,
,04-22-2015,07:59:24, Lane 1 ,Fwd,FF,,1230,2,48,,2,8.73,,,,,,,,,,,,,,,,,,,,,,,,8.73,-,,,,,,,,,,,,,,,,,,,,,,,,,-,-,,,,,,,,,,,,,,,,,,,,,,,,,
,04-22-2015,07:59:29, Lane 1 ,Fwd,FF,,1231,2,49,,2,9.06,,,,,,,,,,,,,,,,,,,,,,,,9.06,-,,,,,,,,,,,,,,,,,,,,,,,,,-,-,,,,,,,,,,,,,,,,,,,,,,,,,
,04-22-2015,07:59:32, Lane 1 ,Fwd,FF,,1232,2,48,,2,8.95,,,,,,,,,,,,,,,,,,,,,,,,8.95,-,,,,,,,,,,,,,,,,,,,,,,,,,-,-,,,,,,,,,,,,,,,,,,,,,,,,,
,04-22-2015,07:59:34, Lane 1 ,Fwd,FF,,1233,2,49,,2,8.69,,,,,,,,,,,,,,,,,,,,,,,,8.69,-,,,,,,,,,,,,,,,,,,,,,,,,,-,-,,,,,,,,,,,,,,,,,,,,,,,,,
,04-22-2015,07:59:40, Lane 1 ,Fwd,FF,,1234,2,46,,2,8.80,,,,,,,,,,,,,,,,,,,,,,,,8.80,-,,,,,,,,,,,,,,,,,,,,,,,,,-,-,,,,,,,,,,,,,,,,,,,,,,,,,
,04-22-2015,07:59:41, Lane 1 ,Fwd,FF,,1235,2,45,,2,9.48,,,,,,,,,,,,,,,,,,,,,,,,9.48,-,,,,,,,,,,,,,,,,,,,,,,,,,-,-,,,,,,,,,,,,,,,,,,,,,,,,,
,04-22-2015,07:59:45, Lane 1 ,Fwd,FF,,1236,2,48,,2,8.89,,,,,,,,,,,,,,,,,,,,,,,,8.89,-,,,,,,,,,,,,,,,,,,,,,,,,,-,-,,,,,,,,,,,,,,,,,,,,,,,,,
,04-22-2015,07:59:47, Lane 1 ,Fwd,FF,,1237,2,47,,2,8.81,,,,,,,,,,,,,,,,,,,,,,,,8.81,-,,,,,,,,,,,,,,,,,,,,,,,,,-,-,,,,,,,,,,,,,,,,,,,,,,,,,
,04-22-2015,07:59:49, Lane 1 ,Fwd,FF,,1238,2,45,,2,8.74,,,,,,,,,,,,,,,,,,,,,,,,8.74,-,,,,,,,,,,,,,,,,,,,,,,,,,-,-,,,,,,,,,,,,,,,,,,,,,,,,,
,04-22-2015,07:59:50, Lane 1 ,Fwd,FF,,1239,3,46,,2,11.80,,,,,,,,,,,,,,,,,,,,,,,,11.80,-,,,,,,,,,,,,,,,,,,,,,,,,,-,-,,,,,,,,,,,,,,,,,,,,,,,,,
,04-22-2015,07:59:53, Lane 1 ,Fwd,FF,,1240,3,42,,2,11.57,,,,,,,,,,,,,,,,,,,,,,,,11.57,-,,,,,,,,,,,,,,,,,,,,,,,,,-,-,,,,,,,,,,,,,,,,,,,,,,,,,
,04-22-2015,07:59:58, Lane 1 ,Fwd,FF,,1241,2,40,,2,7.83,,,,,,,,,,,,,,,,,,,,,,,,7.83,-,,,,,,,,,,,,,,,,,,,,,,,,,-,-,,,,,,,,,,,,,,,,,,,,,,,,,
,04-22-2015,08:00:07, Lane 1 ,Fwd,FF,,1,10,49,,6,15.88,4.24,11.28,5.46,3.88,,,,,,,,,,,,,,,,,,,,40.74,-,,,,,,,,,,,,,,,,,,,,,,,,,-,-,,,,,,,,,,,,,,,,,,,,,,,,,
,04-22-2015,08:00:09, Lane 1 ,Fwd,FF,,2,2,52,,2,8.94,,,,,,,,,,,,,,,,,,,,,,,,8.94,-,,,,,,,,,,,,,,,,,,,,,,,,,-,-,,,,,,,,,,,,,,,,,,,,,,,,,
,04-22-2015,08:00:11, Lane 1 ,Fwd,FF,,3,2,50,,2,8.93,,,,,,,,,,,,,,,,,,,,,,,,8.93,-,,,,,,,,,,,,,,,,,,,,,,,,,-,-,,,,,,,,,,,,,,,,,,,,,,,,,
,04-22-2015,08:00:12, Lane 1 ,Fwd,FF,,4,2,53,,2,8.46,,,,,,,,,,,,,,,,,,,,,,,,8.46,-,,,,,,,,,,,,,,,,,,,,,,,,,-,-,,,,,,,,,,,,,,,,,,,,,,,,,
,04-22-2015,08:00:14, Lane 1 ,Fwd,FF,,5,2,53,,2,8.52,,,,,,,,,,,,,,,,,,,,,,,,8.52,-,,,,,,,,,,,,,,,,,,,,,,,,,-,-,,,,,,,,,,,,,,,,,,,,,,,,,
,04-22-2015,08:00:18, Lane 1 ,Fwd,FF,,6,3,53,,2,11.00,,,,,,,,,,,,,,,,,,,,,,,,11.00,-,,,,,,,,,,,,,,,,,,,,,,,,,-,-,,,,,,,,,,,,,,,,,,,,,,,,,
,04-22-2015,08:00:21, Lane 1 ,Fwd,FF,,7,2,53,,2,9.39,,,,,,,,,,,,,,,,,,,,,,,,9.39,-,,,,,,,,,,,,,,,,,,,,,,,,,-,-,,,,,,,,,,,,,,,,,,,,,,,,,
,04-22-2015,08:00:23, Lane 1 ,Fwd,FF,,8,2,49,,2,9.71,,,,,,,,,,,,,,,,,,,,,,,,9.71,-,,,,,,,,,,,,,,,,,,,,,,,,,-,-,,,,,,,,,,,,,,,,,,,,,,,,,
,04-22-2015,08:00:25, Lane 1 ,Fwd,FF,,9,2,51,,2,8.93,,,,,,,,,,,,,,,,,,,,,,,,8.93,-,,,,,,,,,,,,,,,,,,,,,,,,,-,-,,,,,,,,,,,,,,,,,,,,,,,,,
,04-22-2015,08:00:29, Lane 1 ,Fwd,FF,,10,2,50,,2,9.09,,,,,,,,,,,,,,,,,,,,,,,,9.09,-,,,,,,,,,,,,,,,,,,,,,,,,,-,-,,,,,,,,,,,,,,,,,,,,,,,,,
,04-22-2015,08:00:34, Lane 1 ,Fwd,FF,,11,2,48,,2,8.44,,,,,,,,,,,,,,,,,,,,,,,,8.44,-,,,,,,,,,,,,,,,,,,,,,,,,,-,-,,,,,,,,,,,,,,,,,,,,,,,,,
,04-22-2015,08:00:36, Lane 1 ,Fwd,FF,,12,2,47,,2,8.86,,,,,,,,,,,,,,,,,,,,,,,,8.86,-,,,,,,,,,,,,,,,,,,,,,,,,,-,-,,,,,,,,,,,,,,,,,,,,,,,,,
,04-22-2015,08:00:39, Lane 1 ,Fwd,FF,,13,3,49,,2,10.48,,,,,,,,,,,,,,,,,,,,,,,,10.48,-,,,,,,,,,,,,,,,,,,,,,,,,,-,-,,,,,,,,,,,,,,,,,,,,,,,,,
,04-22-2015,08:00:42, Lane 1 ,Fwd,FF,,14,2,50,,2,8.49,,,,,,,,,,,,,,,,,,,,,,,,8.49,-,,,,,,,,,,,,,,,,,,,,,,,,,-,-,,,,,,,,,,,,,,,,,,,,,,,,,
,04-22-2015,08:00:44, Lane 1 ,Fwd,FF,,15,3,51,,2,11.48,,,,,,,,,,,,,,,,,,,,,,,,11.48,-,,,,,,,,,,,,,,,,,,,,,,,,,-,-,,,,,,,,,,,,,,,,,,,,,,,,,
,04-22-2015,08:00:46, Lane 1 ,Fwd,FF,,16,2,51,,2,9.56,,,,,,,,,,,,,,,,,,,,,,,,9.56,-,,,,,,,,,,,,,,,,,,,,,,,,,-,-,,,,,,,,,,,,,,,,,,,,,,,,,
,04-22-2015,08:00:48, Lane 1 ,Fwd,FF,,17,2,47,,2,9.05,,,,,,,,,,,,,,,,,,,,,,,,9.05,-,,,,,,,,,,,,,,,,,,,,,,,,,-,-,,,,,,,,,,,,,,,,,,,,,,,,,
,04-22-2015,08:00:51, Lane 1 ,Fwd,FF,,18,2,48,,2,8.58,,,,,,,,,,,,,,,,,,,,,,,,8.58,-,,,,,,,,,,,,,,,,,,,,,,,,,-,-,,,,,,,,,,,,,,,,,,,,,,,,,
,04-22-2015,08:00:55, Lane 1 ,Fwd,FF,,19,2,41,,2,8.43,,,,,,,,,,,,,,,,,,,,,,,,8.43,-,,,,,,,,,,,,,,,,,,,,,,,,,-,-,,,,,,,,,,,,,,,,,,,,,,,,,
,04-22-2015,08:00:59, Lane 1 ,Fwd,FF,,20,2,42,,2,8.76,,,,,,,,,,,,,,,,,,,,,,,,8.76,-,,,,,,,,,,,,,,,,,,,,,,,,,-,-,,,,,,,,,,,,,,,,,,,,,,,,,
,04-22-2015,08:01:00, Lane 1 ,Fwd,FF,,21,2,40,,2,8.66,,,,,,,,,,,,,,,,,,,,,,,,8.66,-,,,,,,,,,,,,,,,,,,,,,,,,,-,-,,,,,,,,,,,,,,,,,,,,,,,,,
,04-22-2015,08:01:03, Lane 1 ,Fwd,FF,,22,3,40,,2,11.82,,,,,,,,,,,,,,,,,,,,,,,,11.82,-,,,,,,,,,,,,,,,,,,,,,,,,,-,-,,,,,,,,,,,,,,,,,,,,,,,,,
,04-22-2015,08:01:04, Lane 1 ,Fwd,FF,,23,2,42,,2,9.18,,,,,,,,,,,,,,,,,,,,,,,,9.18,-,,,,,,,,,,,,,,,,,,,,,,,,,-,-,,,,,,,,,,,,,,,,,,,,,,,,,
,04-22-2015,08:01:06, Lane 1 ,Fwd,FF,,24,2,41,,2,8.91,,,,,,,,,,,,,,,,,,,,,,,,8.91,-,,,,,,,,,,,,,,,,,,,,,,,,,-,-,,,,,,,,,,,,,,,,,,,,,,,,,
,04-22-2015,08:01:10, Lane 1 ,Fwd,FF,,25,2,42,,2,8.86,,,,,,,,,,,,,,,,,,,,,,,,8.86,-,,,,,,,,,,,,,,,,,,,,,,,,,-,-,,,,,,,,,,,,,,,,,,,,,,,,,
,04-22-2015,08:01:15, Lane 1 ,Fwd,FF,,26,2,38,,2,8.67,,,,,,,,,,,,,,,,,,,,,,,,8.67,-,,,,,,,,,,,,,,,,,,,,,,,,,-,-,,,,,,,,,,,,,,,,,,,,,,,,,
,04-22-2015,08:01:19, Lane 1 ,Fwd,FF,,27,2,43,,2,8.94,,,,,,,,,,,,,,,,,,,,,,,,8.94,-,,,,,,,,,,,,,,,,,,,,,,,,,-,-,,,,,,,,,,,,,,,,,,,,,,,,,
,04-22-2015,08:01:22, Lane 1 ,Fwd,FF,,28,2,45,,2,8.87,,,,,,,,,,,,,,,,,,,,,,,,8.87,-,,,,,,,,,,,,,,,,,,,,,,,,,-,-,,,,,,,,,,,,,,,,,,,,,,,,,
,04-22-2015,08:01:24, Lane 1 ,Fwd,FF,,29,2,46,,2,9.29,,,,,,,,,,,,,,,,,,,,,,,,9.29,-,,,,,,,,,,,,,,,,,,,,,,,,,-,-,,,,,,,,,,,,,,,,,,,,,,,,,
,04-22-2015,08:01:25, Lane 1 ,Fwd,FF,,30,2,49,,2,9.00,,,,,,,,,,,,,,,,,,,,,,,,9.00,-,,,,,,,,,,,,,,,,,,,,,,,,,-,-,,,,,,,,,,,,,,,,,,,,,,,,,
,04-22-2015,08:01:28, Lane 1 ,Fwd,FF,,31,2,41,,2,9.23,,,,,,,,,,,,,,,,,,,,,,,,9.23,-,,,,,,,,,,,,,,,,,,,,,,,,,-,-,,,,,,,,,,,,,,,,,,,,,,,,,
,04-22-2015,08:01:30, Lane 1 ,Fwd,FF,,32,3,41,,2,12.90,,,,,,,,,,,,,,,,,,,,,,,,12.90,-,,,,,,,,,,,,,,,,,,,,,,,,,-,-,,,,,,,,,,,,,,,,,,,,,,,,,
,04-22-2015,08:01:33, Lane 1 ,Fwd,FF,,33,2,38,,2,8.51,,,,,,,,,,,,,,,,,,,,,,,,8.51,-,,,,,,,,,,,,,,,,,,,,,,,,,-,-,,,,,,,,,,,,,,,,,,,,,,,,,
,04-22-2015,08:01:35, Lane 1 ,Fwd,FF,,34,2,41,,2,9.79,,,,,,,,,,,,,,,,,,,,,,,,9.79,-,,,,,,,,,,,,,,,,,,,,,,,,,-,-,,,,,,,,,,,,,,,,,,,,,,,,,
,04-22-2015,08:01:39, Lane 1 ,Fwd,FF,,35,2,41,,2,9.66,,,,,,,,,,,,,,,,,,,,,,,,9.66,-,,,,,,,,,,,,,,,,,,,,,,,,,-,-,,,,,,,,,,,,,,,,,,,,,,,,,
,04-22-2015,08:01:42, Lane 1 ,Fwd,FF,,36,2,39,,2,8.97,,,,,,,,,,,,,,,,,,,,,,,,8.97,-,,,,,,,,,,,,,,,,,,,,,,,,,-,-,,,,,,,,,,,,,,,,,,,,,,,,,
,04-22-2015,08:01:45, Lane 1 ,Fwd,FF,,37,3,40,,2,11.89,,,,,,,,,,,,,,,,,,,,,,,,11.89,-,,,,,,,,,,,,,,,,,,,,,,,,,-,-,,,,,,,,,,,,,,,,,,,,,,,,,
,04-22-2015,08:01:48, Lane 1 ,Fwd,FF,,38,9,38,,5,12.06,4.23,29.19,9.80,,,,,,,,,,,,,,,,,,,,,55.28,-,,,,,,,,,,,,,,,,,,,,,,,,,-,-,,,,,,,,,,,,,,,,,,,,,,,,,
,04-22-2015,08:01:50, Lane 1 ,Fwd,FF,,39,2,37,,2,9.67,,,,,,,,,,,,,,,,,,,,,,,,9.67,-,,,,,,,,,,,,,,,,,,,,,,,,,-,-,,,,,,,,,,,,,,,,,,,,,,,,,
,04-22-2015,08:01:56, Lane 1 ,Fwd,FF,,40,2,44,,2,8.75,,,,,,,,,,,,,,,,,,,,,,,,8.75,-,,,,,,,,,,,,,,,,,,,,,,,,,-,-,,,,,,,,,,,,,,,,,,,,,,,,,
,04-22-2015,08:01:59, Lane 1 ,Fwd,FF,,41,2,41,,2,7.80,,,,,,,,,,,,,,,,,,,,,,,,7.80,-,,,,,,,,,,,,,,,,,,,,,,,,,-,-,,,,,,,,,,,,,,,,,,,,,,,,,
,04-22-2015,08:02:00, Lane 1 ,Fwd,FF,,42,2,42,,2,9.45,,,,,,,,,,,,,,,,,,,,,,,,9.45,-,,,,,,,,,,,,,,,,,,,,,,,,,-,-,,,,,,,,,,,,,,,,,,,,,,,,,
,04-22-2015,08:02:04, Lane 1 ,Fwd,FF,,43,2,46,,2,9.33,,,,,,,,,,,,,,,,,,,,,,,,9.33,-,,,,,,,,,,,,,,,,,,,,,,,,,-,-,,,,,,,,,,,,,,,,,,,,,,,,,
,04-22-2015,08:02:08, Lane 1 ,Fwd,FF,,44,2,44,,2,8.69,,,,,,,,,,,,,,,,,,,,,,,,8.69,-,,,,,,,,,,,,,,,,,,,,,,,,,-,-,,,,,,,,,,,,,,,,,,,,,,,,,
,04-22-2015,08:02:10, Lane 1 ,Fwd,FF,,45,2,42,,2,9.02,,,,,,,,,,,,,,,,,,,,,,,,9.02,-,,,,,,,,,,,,,,,,,,,,,,,,,-,-,,,,,,,,,,,,,,,,,,,,,,,,,
,04-22-2015,08:02:12, Lane 1 ,Fwd,FF,,46,2,42,,2,8.80,,,,,,,,,,,,,,,,,,,,,,,,8.80,-,,,,,,,,,,,,,,,,,,,,,,,,,-,-,,,,,,,,,,,,,,,,,,,,,,,,,
,04-22-2015,08:02:13, Lane 1 ,Fwd,FF,,47,2,40,,2,8.75,,,,,,,,,,,,,,,,,,,,,,,,8.75,-,,,,,,,,,,,,,,,,,,,,,,,,,-,-,,,,,,,,,,,,,,,,,,,,,,,,,
,04-22-2015,08:02:15, Lane 1 ,Fwd,FF,,48,2,39,,2,9.33,,,,,,,,,,,,,,,,,,,,,,,,9.33,-,,,,,,,,,,,,,,,,,,,,,,,,,-,-,,,,,,,,,,,,,,,,,,,,,,,,,
,04-22-2015,08:02:16, Lane 1 ,Fwd,FF,,49,2,39,,2,9.07,,,,,,,,,,,,,,,,,,,,,,,,9.07,-,,,,,,,,,,,,,,,,,,,,,,,,,-,-,,,,,,,,,,,,,,,,,,,,,,,,,
,04-22-2015,08:02:18, Lane 1 ,Fwd,FF,,50,2,37,,2,9.10,,,,,,,,,,,,,,,,,,,,,,,,9.10,-,,,,,,,,,,,,,,,,,,,,,,,,,-,-,,,,,,,,,,,,,,,,,,,,,,,,,
,04-22-2015,08:02:20, Lane 1 ,Fwd,FF,,51,2,39,,2,8.77,,,,,,,,,,,,,,,,,,,,,,,,8.77,-,,,,,,,,,,,,,,,,,,,,,,,,,-,-,,,,,,,,,,,,,,,,,,,,,,,,,
,04-22-2015,08:02:22, Lane 1 ,Fwd,FF,,52,2,40,,2,10.09,,,,,,,,,,,,,,,,,,,,,,,,10.09,-,,,,,,,,,,,,,,,,,,,,,,,,,-,-,,,,,,,,,,,,,,,,,,,,,,,,,
,04-22-2015,08:02:24, Lane 1 ,Fwd,FF,,53,2,41,,2,8.84,,,,,,,,,,,,,,,,,,,,,,,,8.84,-,,,,,,,,,,,,,,,,,,,,,,,,,-,-,,,,,,,,,,,,,,,,,,,,,,,,,
,04-22-2015,08:02:28, Lane 1 ,Fwd,FF,,54,2,42,,2,8.69,,,,,,,,,,,,,,,,,,,,,,,,8.69,-,,,,,,,,,,,,,,,,,,,,,,,,,-,-,,,,,,,,,,,,,,,,,,,,,,,,,
,04-22-2015,08:02:32, Lane 1 ,Fwd,FF,,55,2,42,,2,8.89,,,,,,,,,,,,,,,,,,,,,,,,8.89,-,,,,,,,,,,,,,,,,,,,,,,,,,-,-,,,,,,,,,,,,,,,,,,,,,,,,,
,04-22-2015,08:02:36, Lane 1 ,Fwd,FF,,56,2,42,,2,9.32,,,,,,,,,,,,,,,,,,,,,,,,9.32,-,,,,,,,,,,,,,,,,,,,,,,,,,-,-,,,,,,,,,,,,,,,,,,,,,,,,,
,04-22-2015,08:02:40, Lane 1 ,Fwd,FF,,57,2,42,,2,8.82,,,,,,,,,,,,,,,,,,,,,,,,8.82,-,,,,,,,,,,,,,,,,,,,,,,,,,-,-,,,,,,,,,,,,,,,,,,,,,,,,,
,04-22-2015,08:02:45, Lane 1 ,Fwd,FF,,58,3,39,,2,10.47,,,,,,,,,,,,,,,,,,,,,,,,10.47,-,,,,,,,,,,,,,,,,,,,,,,,,,-,-,,,,,,,,,,,,,,,,,,,,,,,,,
,04-22-2015,08:02:46, Lane 1 ,Fwd,FF,,59,2,38,,2,8.73,,,,,,,,,,,,,,,,,,,,,,,,8.73,-,,,,,,,,,,,,,,,,,,,,,,,,,-,-,,,,,,,,,,,,,,,,,,,,,,,,,
,04-22-2015,08:02:48, Lane 1 ,Fwd,FF,,60,3,39,,2,10.33,,,,,,,,,,,,,,,,,,,,,,,,10.33,-,,,,,,,,,,,,,,,,,,,,,,,,,-,-,,,,,,,,,,,,,,,,,,,,,,,,,
,04-22-2015,08:02:50, Lane 1 ,Fwd,FF,,61,2,40,,2,8.52,,,,,,,,,,,,,,,,,,,,,,,,8.52,-,,,,,,,,,,,,,,,,,,,,,,,,,-,-,,,,,,,,,,,,,,,,,,,,,,,,,
,04-22-2015,08:02:52, Lane 1 ,Fwd,FF,,62,2,38,,2,9.86,,,,,,,,,,,,,,,,,,,,,,,,9.86,-,,,,,,,,,,,,,,,,,,,,,,,,,-,-,,,,,,,,,,,,,,,,,,,,,,,,,
,04-22-2015,08:02:54, Lane 1 ,Fwd,FF,,63,3,38,,2,11.45,,,,,,,,,,,,,,,,,,,,,,,,11.45,-,,,,,,,,,,,,,,,,,,,,,,,,,-,-,,,,,,,,,,,,,,,,,,,,,,,,,
,04-22-2015,08:02:56, Lane 1 ,Fwd,FF,,64,2,40,,2,8.45,,,,,,,,,,,,,,,,,,,,,,,,8.45,-,,,,,,,,,,,,,,,,,,,,,,,,,-,-,,,,,,,,,,,,,,,,,,,,,,,,,
,04-22-2015,08:02:57, Lane 1 ,Fwd,FF,,65,2,39,,2,9.51,,,,,,,,,,,,,,,,,,,,,,,,9.51,-,,,,,,,,,,,,,,,,,,,,,,,,,-,-,,,,,,,,,,,,,,,,,,,,,,,,,
,04-22-2015,08:02:58, Lane 1 ,Fwd,FF,,66,3,41,,2,11.04,,,,,,,,,,,,,,,,,,,,,,,,11.04,-,,,,,,,,,,,,,,,,,,,,,,,,,-,-,,,,,,,,,,,,,,,,,,,,,,,,,
,04-22-2015,08:03:02, Lane 1 ,Fwd,FF,,67,2,47,,2,9.21,,,,,,,,,,,,,,,,,,,,,,,,9.21,-,,,,,,,,,,,,,,,,,,,,,,,,,-,-,,,,,,,,,,,,,,,,,,,,,,,,,
,04-22-2015,08:03:04, Lane 1 ,Fwd,FF,,68,3,44,,2,10.40,,,,,,,,,,,,,,,,,,,,,,,,10.40,-,,,,,,,,,,,,,,,,,,,,,,,,,-,-,,,,,,,,,,,,,,,,,,,,,,,,,
,04-22-2015,08:03:05, Lane 1 ,Fwd,FF,,69,2,45,,2,8.98,,,,,,,,,,,,,,,,,,,,,,,,8.98,-,,,,,,,,,,,,,,,,,,,,,,,,,-,-,,,,,,,,,,,,,,,,,,,,,,,,,
,04-22-2015,08:03:07, Lane 1 ,Fwd,FF,,70,2,43,,2,7.75,,,,,,,,,,,,,,,,,,,,,,,,7.75,-,,,,,,,,,,,,,,,,,,,,,,,,,-,-,,,,,,,,,,,,,,,,,,,,,,,,,
,04-22-2015,08:03:09, Lane 1 ,Fwd,FF,,71,2,44,,2,8.24,,,,,,,,,,,,,,,,,,,,,,,,8.24,-,,,,,,,,,,,,,,,,,,,,,,,,,-,-,,,,,,,,,,,,,,,,,,,,,,,,,
,04-22-2015,08:03:12, Lane 1 ,Fwd,FF,,72,2,47,,2,9.00,,,,,,,,,,,,,,,,,,,,,,,,9.00,-,,,,,,,,,,,,,,,,,,,,,,,,,-,-,,,,,,,,,,,,,,,,,,,,,,,,,
,04-22-2015,08:03:14, Lane 1 ,Fwd,FF,,73,2,45,,2,8.92,,,,,,,,,,,,,,,,,,,,,,,,8.92,-,,,,,,,,,,,,,,,,,,,,,,,,,-,-,,,,,,,,,,,,,,,,,,,,,,,,,
,04-22-2015,08:03:17, Lane 1 ,Fwd,FF,,74,2,42,,2,8.27,,,,,,,,,,,,,,,,,,,,,,,,8.27,-,,,,,,,,,,,,,,,,,,,,,,,,,-,-,,,,,,,,,,,,,,,,,,,,,,,,,
,04-22-2015,08:03:22, Lane 1 ,Fwd,FF,,75,2,44,,2,9.13,,,,,,,,,,,,,,,,,,,,,,,,9.13,-,,,,,,,,,,,,,,,,,,,,,,,,,-,-,,,,,,,,,,,,,,,,,,,,,,,,,
,04-22-2015,08:03:24, Lane 1 ,Fwd,FF,,76,2,42,,2,8.76,,,,,,,,,,,,,,,,,,,,,,,,8.76,-,,,,,,,,,,,,,,,,,,,,,,,,,-,-,,,,,,,,,,,,,,,,,,,,,,,,,
,04-22-2015,08:03:27, Lane 1 ,Fwd,FF,,77,2,42,,2,9.32,,,,,,,,,,,,,,,,,,,,,,,,9.32,-,,,,,,,,,,,,,,,,,,,,,,,,,-,-,,,,,,,,,,,,,,,,,,,,,,,,,
,04-22-2015,08:03:29, Lane 1 ,Fwd,FF,,78,2,41,,2,9.24,,,,,,,,,,,,,,,,,,,,,,,,9.24,-,,,,,,,,,,,,,,,,,,,,,,,,,-,-,,,,,,,,,,,,,,,,,,,,,,,,,
,04-22-2015,08:03:30, Lane 1 ,Fwd,FF,,79,2,38,,2,9.25,,,,,,,,,,,,,,,,,,,,,,,,9.25,-,,,,,,,,,,,,,,,,,,,,,,,,,-,-,,,,,,,,,,,,,,,,,,,,,,,,,
,04-22-2015,08:03:32, Lane 1 ,Fwd,FF,,80,2,39,,2,8.74,,,,,,,,,,,,,,,,,,,,,,,,8.74,-,,,,,,,,,,,,,,,,,,,,,,,,,-,-,,,,,,,,,,,,,,,,,,,,,,,,,
,04-22-2015,08:03:34, Lane 1 ,Fwd,FF,,81,2,41,,2,8.91,,,,,,,,,,,,,,,,,,,,,,,,8.91,-,,,,,,,,,,,,,,,,,,,,,,,,,-,-,,,,,,,,,,,,,,,,,,,,,,,,,
,04-22-2015,08:03:37, Lane 1 ,Fwd,FF,,82,9,41,,5,12.12,4.24,30.85,3.94,,,,,,,,,,,,,,,,,,,,,51.15,-,,,,,,,,,,,,,,,,,,,,,,,,,-,-,,,,,,,,,,,,,,,,,,,,,,,,,
,04-22-2015,08:03:39, Lane 1 ,Fwd,FF,,83,3,42,,2,12.00,,,,,,,,,,,,,,,,,,,,,,,,12.00,-,,,,,,,,,,,,,,,,,,,,,,,,,-,-,,,,,,,,,,,,,,,,,,,,,,,,,
,04-22-2015,08:03:45, Lane 1 ,Fwd,FF,,84,2,39,,4,9.34,36.06,8.38,,,,,,,,,,,,,,,,,,,,,,53.78,-,,,,,,,,,,,,,,,,,,,,,,,,,-,-,,,,,,,,,,,,,,,,,,,,,,,,,
,04-22-2015,08:03:48, Lane 1 ,Fwd,FF,,85,2,38,,2,8.87,,,,,,,,,,,,,,,,,,,,,,,,8.87,-,,,,,,,,,,,,,,,,,,,,,,,,,-,-,,,,,,,,,,,,,,,,,,,,,,,,,
,04-22-2015,08:03:51, Lane 1 ,Fwd,FF,,86,2,34,,2,8.59,,,,,,,,,,,,,,,,,,,,,,,,8.59,-,,,,,,,,,,,,,,,,,,,,,,,,,-,-,,,,,,,,,,,,,,,,,,,,,,,,,
,04-22-2015,08:03:53, Lane 1 ,Fwd,FF,,87,2,36,,2,8.85,,,,,,,,,,,,,,,,,,,,,,,,8.85,-,,,,,,,,,,,,,,,,,,,,,,,,,-,-,,,,,,,,,,,,,,,,,,,,,,,,,
,04-22-2015,08:03:54, Lane 1 ,Fwd,FF,,88,2,35,,2,8.70,,,,,,,,,,,,,,,,,,,,,,,,8.70,-,,,,,,,,,,,,,,,,,,,,,,,,,-,-,,,,,,,,,,,,,,,,,,,,,,,,,
,04-22-2015,08:03:55, Lane 1 ,Fwd,FF,,89,2,34,,2,9.34,,,,,,,,,,,,,,,,,,,,,,,,9.34,-,,,,,,,,,,,,,,,,,,,,,,,,,-,-,,,,,,,,,,,,,,,,,,,,,,,,,
,04-22-2015,08:03:57, Lane 1 ,Fwd,FF,,90,2,33,,2,8.98,,,,,,,,,,,,,,,,,,,,,,,,8.98,-,,,,,,,,,,,,,,,,,,,,,,,,,-,-,,,,,,,,,,,,,,,,,,,,,,,,,
,04-22-2015,08:04:00, Lane 1 ,Fwd,FF,,91,2,33,,2,8.67,,,,,,,,,,,,,,,,,,,,,,,,8.67,-,,,,,,,,,,,,,,,,,,,,,,,,,-,-,,,,,,,,,,,,,,,,,,,,,,,,,
,04-22-2015,08:04:02, Lane 1 ,Fwd,FF,,92,2,34,,2,8.61,,,,,,,,,,,,,,,,,,,,,,,,8.61,-,,,,,,,,,,,,,,,,,,,,,,,,,-,-,,,,,,,,,,,,,,,,,,,,,,,,,
,04-22-2015,08:04:05, Lane 1 ,Fwd,FF,,93,2,33,,2,8.67,,,,,,,,,,,,,,,,,,,,,,,,8.67,-,,,,,,,,,,,,,,,,,,,,,,,,,-,-,,,,,,,,,,,,,,,,,,,,,,,,,
,04-22-2015,08:04:07, Lane 1 ,Fwd,FF,,94,3,33,,2,10.88,,,,,,,,,,,,,,,,,,,,,,,,10.88,-,,,,,,,,,,,,,,,,,,,,,,,,,-,-,,,,,,,,,,,,,,,,,,,,,,,,,
,04-22-2015,08:04:09, Lane 1 ,Fwd,FF,,95,2,29,,2,8.93,,,,,,,,,,,,,,,,,,,,,,,,8.93,-,,,,,,,,,,,,,,,,,,,,,,,,,-,-,,,,,,,,,,,,,,,,,,,,,,,,,
,04-22-2015,08:04:13, Lane 1 ,Fwd,FF,,96,2,27,,2,9.00,,,,,,,,,,,,,,,,,,,,,,,,9.00,-,,,,,,,,,,,,,,,,,,,,,,,,,-,-,,,,,,,,,,,,,,,,,,,,,,,,,
,04-22-2015,08:04:16, Lane 1 ,Fwd,FF,,97,2,28,,2,9.72,,,,,,,,,,,,,,,,,,,,,,,,9.72,-,,,,,,,,,,,,,,,,,,,,,,,,,-,-,,,,,,,,,,,,,,,,,,,,,,,,,
,04-22-2015,08:04:20, Lane 1 ,Fwd,FF,,98,2,30,,2,8.93,,,,,,,,,,,,,,,,,,,,,,,,8.93,-,,,,,,,,,,,,,,,,,,,,,,,,,-,-,,,,,,,,,,,,,,,,,,,,,,,,,
,04-22-2015,08:04:24, Lane 1 ,Fwd,FF,,99,2,35,,2,8.60,,,,,,,,,,,,,,,,,,,,,,,,8.60,-,,,,,,,,,,,,,,,,,,,,,,,,,-,-,,,,,,,,,,,,,,,,,,,,,,,,,
,04-22-2015,08:04:27, Lane 1 ,Fwd,FF,,100,2,32,,2,9.73,,,,,,,,,,,,,,,,,,,,,,,,9.73,-,,,,,,,,,,,,,,,,,,,,,,,,,-,-,,,,,,,,,,,,,,,,,,,,,,,,,
,04-22-2015,08:04:30, Lane 1 ,Fwd,FF,,101,6,29,,3,14.61,4.27,,,,,,,,,,,,,,,,,,,,,,,18.88,-,,,,,,,,,,,,,,,,,,,,,,,,,-,-,,,,,,,,,,,,,,,,,,,,,,,,,
,04-22-2015,08:04:33, Lane 1 ,Fwd,FF,,102,2,28,,2,8.75,,,,,,,,,,,,,,,,,,,,,,,,8.75,-,,,,,,,,,,,,,,,,,,,,,,,,,-,-,,,,,,,,,,,,,,,,,,,,,,,,,
,04-22-2015,08:04:35, Lane 1 ,Fwd,FF,,103,2,26,,2,8.72,,,,,,,,,,,,,,,,,,,,,,,,8.72,-,,,,,,,,,,,,,,,,,,,,,,,,,-,-,,,,,,,,,,,,,,,,,,,,,,,,,
,04-22-2015,08:04:39, Lane 1 ,Fwd,FF,,104,2,31,,2,8.36,,,,,,,,,,,,,,,,,,,,,,,,8.36,-,,,,,,,,,,,,,,,,,,,,,,,,,-,-,,,,,,,,,,,,,,,,,,,,,,,,,
,04-22-2015,08:04:41, Lane 1 ,Fwd,FF,,105,2,29,,2,8.46,,,,,,,,,,,,,,,,,,,,,,,,8.46,-,,,,,,,,,,,,,,,,,,,,,,,,,-,-,,,,,,,,,,,,,,,,,,,,,,,,,
,04-22-2015,08:04:43, Lane 1 ,Fwd,FF,,106,2,29,,2,9.06,,,,,,,,,,,,,,,,,,,,,,,,9.06,-,,,,,,,,,,,,,,,,,,,,,,,,,-,-,,,,,,,,,,,,,,,,,,,,,,,,,
,04-22-2015,08:04:45, Lane 1 ,Fwd,FF,,107,3,30,,2,10.24,,,,,,,,,,,,,,,,,,,,,,,,10.24,-,,,,,,,,,,,,,,,,,,,,,,,,,-,-,,,,,,,,,,,,,,,,,,,,,,,,,
,04-22-2015,08:04:48, Lane 1 ,Fwd,FF,,108,2,28,,2,8.74,,,,,,,,,,,,,,,,,,,,,,,,8.74,-,,,,,,,,,,,,,,,,,,,,,,,,,-,-,,,,,,,,,,,,,,,,,,,,,,,,,
,04-22-2015,08:04:51, Lane 1 ,Fwd,FF,,109,2,27,,2,8.97,,,,,,,,,,,,,,,,,,,,,,,,8.97,-,,,,,,,,,,,,,,,,,,,,,,,,,-,-,,,,,,,,,,,,,,,,,,,,,,,,,
,04-22-2015,08:04:59, Lane 1 ,Fwd,FF,,110,2,42,,4,36.74,55.85,7.30,,,,,,,,,,,,,,,,,,,,,,99.89,-,,,,,,,,,,,,,,,,,,,,,,,,,-,-,,,,,,,,,,,,,,,,,,,,,,,,,
,04-22-2015,08:05:03, Lane 1 ,Fwd,FF,,111,15,42,,12,3.83,20.01,3.77,60.16,3.95,26.64,3.83,88.64,4.26,57.55,6.39,,,,,,,,,,,,,,279.03,-,,,,,,,,,,,,,,,,,,,,,,,,,-,-,,,,,,,,,,,,,,,,,,,,,,,,,
,04-22-2015,08:05:10, Lane 1 ,Fwd,FF,,112,9,42,,5,3.16,6.81,108.22,13.38,,,,,,,,,,,,,,,,,,,,,131.57,-,,,,,,,,,,,,,,,,,,,,,,,,,-,-,,,,,,,,,,,,,,,,,,,,,,,,,
,04-22-2015,08:05:26, Lane 1 ,Rev,FF,,113,9,42,,5,3.23,20.20,106.46,9.19,,,,,,,,,,,,,,,,,,,,,139.08,-,,,,,,,,,,,,,,,,,,,,,,,,,-,-,,,,,,,,,,,,,,,,,,,,,,,,,
,04-22-2015,08:05:27, Lane 1 ,Fwd,FF,,114,2,42,,2,6.63,,,,,,,,,,,,,,,,,,,,,,,,6.63,-,,,,,,,,,,,,,,,,,,,,,,,,,-,-,,,,,,,,,,,,,,,,,,,,,,,,,
,04-22-2015,08:05:31, Lane 1 ,Rev,FF,,115,2,42,,2,6.57,,,,,,,,,,,,,,,,,,,,,,,,6.57,-,,,,,,,,,,,,,,,,,,,,,,,,,-,-,,,,,,,,,,,,,,,,,,,,,,,,,
,04-22-2015,08:05:32, Lane 1 ,Fwd,FF,,116,2,42,,3,42.77,6.51,,,,,,,,,,,,,,,,,,,,,,,49.28,-,,,,,,,,,,,,,,,,,,,,,,,,,-,-,,,,,,,,,,,,,,,,,,,,,,,,,
,04-22-2015,08:05:32, Lane 1 ,Fwd,FF,,117,2,42,,4,3.89,27.74,3.89,,,,,,,,,,,,,,,,,,,,,,35.52,-,,,,,,,,,,,,,,,,,,,,,,,,,-,-,,,,,,,,,,,,,,,,,,,,,,,,,
,04-22-2015,08:05:40, Lane 1 ,Fwd,FF,,118,10,14,,6,1.24,6.78,1.24,31.64,10.86,,,,,,,,,,,,,,,,,,,,51.76,-,,,,,,,,,,,,,,,,,,,,,,,,,-,-,,,,,,,,,,,,,,,,,,,,,,,,,
,04-22-2015,08:05:46, Lane 1 ,Fwd,FF,,119,2,30,,3,2.71,14.83,,,,,,,,,,,,,,,,,,,,,,,17.54,-,,,,,,,,,,,,,,,,,,,,,,,,,-,-,,,,,,,,,,,,,,,,,,,,,,,,,
,04-22-2015,08:05:50, Lane 1 ,Fwd,FF,,120,10,30,,6,18.60,69.25,18.02,78.39,16.74,,,,,,,,,,,,,,,,,,,,201.00,-,,,,,,,,,,,,,,,,,,,,,,,,,-,-,,,,,,,,,,,,,,,,,,,,,,,,,
,04-22-2015,08:05:57, Lane 1 ,Fwd,FF,,121,5,30,,2,15.49,,,,,,,,,,,,,,,,,,,,,,,,15.49,-,,,,,,,,,,,,,,,,,,,,,,,,,-,-,,,,,,,,,,,,,,,,,,,,,,,,,
,04-22-2015,08:06:00, Lane 1 ,Fwd,FF,,122,2,22,,2,8.88,,,,,,,,,,,,,,,,,,,,,,,,8.88,-,,,,,,,,,,,,,,,,,,,,,,,,,-,-,,,,,,,,,,,,,,,,,,,,,,,,,
,04-22-2015,08:06:02, Lane 1 ,Fwd,FF,,123,6,30,,3,12.25,2.84,,,,,,,,,,,,,,,,,,,,,,,15.09,-,,,,,,,,,,,,,,,,,,,,,,,,,-,-,,,,,,,,,,,,,,,,,,,,,,,,,
,04-22-2015,08:06:05, Lane 1 ,Fwd,FF,,124,2,20,,2,8.19,,,,,,,,,,,,,,,,,,,,,,,,8.19,-,,,,,,,,,,,,,,,,,,,,,,,,,-,-,,,,,,,,,,,,,,,,,,,,,,,,,
,04-22-2015,08:06:07, Lane 1 ,Fwd,FF,,125,2,22,,2,8.95,,,,,,,,,,,,,,,,,,,,,,,,8.95,-,,,,,,,,,,,,,,,,,,,,,,,,,-,-,,,,,,,,,,,,,,,,,,,,,,,,,
,04-22-2015,08:06:13, Lane 1 ,Fwd,FF,,126,3,19,,2,11.45,,,,,,,,,,,,,,,,,,,,,,,,11.45,-,,,,,,,,,,,,,,,,,,,,,,,,,-,-,,,,,,,,,,,,,,,,,,,,,,,,,
,04-22-2015,08:06:16, Lane 1 ,Fwd,FF,,127,3,19,,2,10.85,,,,,,,,,,,,,,,,,,,,,,,,10.85,-,,,,,,,,,,,,,,,,,,,,,,,,,-,-,,,,,,,,,,,,,,,,,,,,,,,,,
,04-22-2015,08:06:19, Lane 1 ,Fwd,FF,,128,2,21,,2,8.96,,,,,,,,,,,,,,,,,,,,,,,,8.96,-,,,,,,,,,,,,,,,,,,,,,,,,,-,-,,,,,,,,,,,,,,,,,,,,,,,,,
,04-22-2015,08:06:21, Lane 1 ,Fwd,FF,,129,2,21,,4,2.02,7.03,1.96,,,,,,,,,,,,,,,,,,,,,,11.01,-,,,,,,,,,,,,,,,,,,,,,,,,,-,-,,,,,,,,,,,,,,,,,,,,,,,,,
,04-22-2015,08:06:28, Lane 1 ,Fwd,FF,,130,2,21,,2,8.90,,,,,,,,,,,,,,,,,,,,,,,,8.90,-,,,,,,,,,,,,,,,,,,,,,,,,,-,-,,,,,,,,,,,,,,,,,,,,,,,,,
,04-22-2015,08:06:31, Lane 1 ,Fwd,FF,,131,3,17,,2,11.77,,,,,,,,,,,,,,,,,,,,,,,,11.77,-,,,,,,,,,,,,,,,,,,,,,,,,,-,-,,,,,,,,,,,,,,,,,,,,,,,,,
,04-22-2015,08:06:34, Lane 1 ,Fwd,FF,,132,2,17,,2,9.76,,,,,,,,,,,,,,,,,,,,,,,,9.76,-,,,,,,,,,,,,,,,,,,,,,,,,,-,-,,,,,,,,,,,,,,,,,,,,,,,,,
,04-22-2015,08:06:37, Lane 1 ,Fwd,FF,,133,5,30,,2,15.09,,,,,,,,,,,,,,,,,,,,,,,,15.09,-,,,,,,,,,,,,,,,,,,,,,,,,,-,-,,,,,,,,,,,,,,,,,,,,,,,,,
,04-22-2015,08:06:40, Lane 1 ,Fwd,FF,,134,2,16,,2,8.89,,,,,,,,,,,,,,,,,,,,,,,,8.89,-,,,,,,,,,,,,,,,,,,,,,,,,,-,-,,,,,,,,,,,,,,,,,,,,,,,,,
,04-22-2015,08:06:45, Lane 1 ,Fwd,FF,,135,10,30,,6,22.73,99.92,4.75,28.45,4.79,,,,,,,,,,,,,,,,,,,,160.64,-,,,,,,,,,,,,,,,,,,,,,,,,,-,-,,,,,,,,,,,,,,,,,,,,,,,,,
,04-22-2015,08:06:52, Lane 1 ,Rev,FF,,136,9,30,,5,2.26,2.53,31.16,4.75,,,,,,,,,,,,,,,,,,,,,40.70,-,,,,,,,,,,,,,,,,,,,,,,,,,-,-,,,,,,,,,,,,,,,,,,,,,,,,,
,04-22-2015,08:06:54, Lane 1 ,Fwd,FF,,137,15,30,,>Range,,,,,,,,,,,,,,,,,,,,,,,,,0.00,-,,,,,,,,,,,,,,,,,,,,,,,,,-,-,,,,,,,,,,,,,,,,,,,,,,,,,0.000
,04-22-2015,08:07:12, Lane 1 ,Rev,FF,,138,5,30,,2,17.05,,,,,,,,,,,,,,,,,,,,,,,,17.05,-,,,,,,,,,,,,,,,,,,,,,,,,,-,-,,,,,,,,,,,,,,,,,,,,,,,,,
,04-22-2015,08:07:13, Lane 1 ,Fwd,FF,,139,2,55,,1,,,,,,,,,,,,,,,,,,,,,,,,,0.00,-,,,,,,,,,,,,,,,,,,,,,,,,,-,-,,,,,,,,,,,,,,,,,,,,,,,,,
,04-22-2015,08:07:16, Lane 1 ,Rev,FF,,140,2,4,,1,,,,,,,,,,,,,,,,,,,,,,,,,0.00,-,,,,,,,,,,,,,,,,,,,,,,,,,-,-,,,,,,,,,,,,,,,,,,,,,,,,,
,04-22-2015,08:07:16, Lane 1 ,Fwd,FF,,141,5,30,,2,15.76,,,,,,,,,,,,,,,,,,,,,,,,15.76,-,,,,,,,,,,,,,,,,,,,,,,,,,-,-,,,,,,,,,,,,,,,,,,,,,,,,,
,04-22-2015,08:07:19, Lane 1 ,Fwd,FF,,142,2,16,,2,9.31,,,,,,,,,,,,,,,,,,,,,,,,9.31,-,,,,,,,,,,,,,,,,,,,,,,,,,-,-,,,,,,,,,,,,,,,,,,,,,,,,,
,04-22-2015,08:07:24, Lane 1 ,Fwd,FF,,143,4,30,,2,20.20,,,,,,,,,,,,,,,,,,,,,,,,20.20,-,,,,,,,,,,,,,,,,,,,,,,,,,-,-,,,,,,,,,,,,,,,,,,,,,,,,,
,04-22-2015,08:07:26, Lane 1 ,Fwd,FF,,144,2,20,,2,8.79,,,,,,,,,,,,,,,,,,,,,,,,8.79,-,,,,,,,,,,,,,,,,,,,,,,,,,-,-,,,,,,,,,,,,,,,,,,,,,,,,,
,04-22-2015,08:07:30, Lane 1 ,Fwd,FF,,145,2,17,,2,7.51,,,,,,,,,,,,,,,,,,,,,,,,7.51,-,,,,,,,,,,,,,,,,,,,,,,,,,-,-,,,,,,,,,,,,,,,,,,,,,,,,,
,04-22-2015,08:07:32, Lane 1 ,Fwd,FF,,146,2,19,,2,8.89,,,,,,,,,,,,,,,,,,,,,,,,8.89,-,,,,,,,,,,,,,,,,,,,,,,,,,-,-,,,,,,,,,,,,,,,,,,,,,,,,,
,04-22-2015,08:07:35, Lane 1 ,Fwd,FF,,147,2,20,,2,9.21,,,,,,,,,,,,,,,,,,,,,,,,9.21,-,,,,,,,,,,,,,,,,,,,,,,,,,-,-,,,,,,,,,,,,,,,,,,,,,,,,,
,04-22-2015,08:07:38, Lane 1 ,Fwd,FF,,148,2,22,,2,8.95,,,,,,,,,,,,,,,,,,,,,,,,8.95,-,,,,,,,,,,,,,,,,,,,,,,,,,-,-,,,,,,,,,,,,,,,,,,,,,,,,,
,04-22-2015,08:07:40, Lane 1 ,Fwd,FF,,149,2,22,,2,9.43,,,,,,,,,,,,,,,,,,,,,,,,9.43,-,,,,,,,,,,,,,,,,,,,,,,,,,-,-,,,,,,,,,,,,,,,,,,,,,,,,,
,04-22-2015,08:07:45, Lane 1 ,Fwd,FF,,150,5,30,,2,15.45,,,,,,,,,,,,,,,,,,,,,,,,15.45,-,,,,,,,,,,,,,,,,,,,,,,,,,-,-,,,,,,,,,,,,,,,,,,,,,,,,,
,04-22-2015,08:07:48, Lane 1 ,Fwd,FF,,151,6,30,,3,14.69,2.84,,,,,,,,,,,,,,,,,,,,,,,17.53,-,,,,,,,,,,,,,,,,,,,,,,,,,-,-,,,,,,,,,,,,,,,,,,,,,,,,,
,04-22-2015,08:07:51, Lane 1 ,Fwd,FF,,152,2,17,,2,9.49,,,,,,,,,,,,,,,,,,,,,,,,9.49,-,,,,,,,,,,,,,,,,,,,,,,,,,-,-,,,,,,,,,,,,,,,,,,,,,,,,,
,04-22-2015,08:07:53, Lane 1 ,Fwd,FF,,153,2,18,,2,8.80,,,,,,,,,,,,,,,,,,,,,,,,8.80,-,,,,,,,,,,,,,,,,,,,,,,,,,-,-,,,,,,,,,,,,,,,,,,,,,,,,,
,04-22-2015,08:07:56, Lane 1 ,Fwd,FF,,154,6,30,,3,14.91,1.69,,,,,,,,,,,,,,,,,,,,,,,16.60,-,,,,,,,,,,,,,,,,,,,,,,,,,-,-,,,,,,,,,,,,,,,,,,,,,,,,,
,04-22-2015,08:07:58, Lane 1 ,Fwd,FF,,155,2,22,,2,9.48,,,,,,,,,,,,,,,,,,,,,,,,9.48,-,,,,,,,,,,,,,,,,,,,,,,,,,-,-,,,,,,,,,,,,,,,,,,,,,,,,,
,04-22-2015,08:08:00, Lane 1 ,Fwd,FF,,156,2,20,,2,8.84,,,,,,,,,,,,,,,,,,,,,,,,8.84,-,,,,,,,,,,,,,,,,,,,,,,,,,-,-,,,,,,,,,,,,,,,,,,,,,,,,,
,04-22-2015,08:08:09, Lane 1 ,Fwd,FF,,157,9,30,,5,18.65,67.87,21.00,2.80,,,,,,,,,,,,,,,,,,,,,110.32,-,,,,,,,,,,,,,,,,,,,,,,,,,-,-,,,,,,,,,,,,,,,,,,,,,,,,,
,04-22-2015,08:08:13, Lane 1 ,Fwd,FF,,158,3,13,,2,11.26,,,,,,,,,,,,,,,,,,,,,,,,11.26,-,,,,,,,,,,,,,,,,,,,,,,,,,-,-,,,,,,,,,,,,,,,,,,,,,,,,,
,04-22-2015,08:08:16, Lane 1 ,Fwd,FF,,159,5,20,,2,14.60,,,,,,,,,,,,,,,,,,,,,,,,14.60,-,,,,,,,,,,,,,,,,,,,,,,,,,-,-,,,,,,,,,,,,,,,,,,,,,,,,,
,04-22-2015,08:08:20, Lane 1 ,Fwd,FF,,160,9,12,,5,1.10,12.96,21.18,3.05,,,,,,,,,,,,,,,,,,,,,38.29,-,,,,,,,,,,,,,,,,,,,,,,,,,-,-,,,,,,,,,,,,,,,,,,,,,,,,,
,04-22-2015,08:08:25, Lane 1 ,Fwd,FF,,161,15,20,,8,14.75,1.70,38.40,16.13,37.84,14.90,1.88,,,,,,,,,,,,,,,,,,125.60,-,,,,,,,,,,,,,,,,,,,,,,,,,-,-,,,,,,,,,,,,,,,,,,,,,,,,,
,04-22-2015,08:08:31, Lane 1 ,Fwd,FF,,162,9,20,,5,13.69,54.50,1.82,10.73,,,,,,,,,,,,,,,,,,,,,80.74,-,,,,,,,,,,,,,,,,,,,,,,,,,-,-,,,,,,,,,,,,,,,,,,,,,,,,,
,04-22-2015,08:08:38, Lane 1 ,Fwd,FF,,163,3,20,,2,11.96,,,,,,,,,,,,,,,,,,,,,,,,11.96,-,,,,,,,,,,,,,,,,,,,,,,,,,-,-,,,,,,,,,,,,,,,,,,,,,,,,,
,04-22-2015,08:08:41, Lane 1 ,Fwd,FF,,164,5,20,,2,17.98,,,,,,,,,,,,,,,,,,,,,,,,17.98,-,,,,,,,,,,,,,,,,,,,,,,,,,-,-,,,,,,,,,,,,,,,,,,,,,,,,,
,04-22-2015,08:08:45, Lane 1 ,Fwd,FF,,165,4,20,,3,20.89,3.08,,,,,,,,,,,,,,,,,,,,,,,23.97,-,,,,,,,,,,,,,,,,,,,,,,,,,-,-,,,,,,,,,,,,,,,,,,,,,,,,,
,04-22-2015,08:08:51, Lane 1 ,Fwd,FF,,166,2,20,,3,42.99,4.23,,,,,,,,,,,,,,,,,,,,,,,47.22,-,,,,,,,,,,,,,,,,,,,,,,,,,-,-,,,,,,,,,,,,,,,,,,,,,,,,,
,04-22-2015,08:08:56, Lane 1 ,Rev,FF,,167,15,20,,>Range,,,,,,,,,,,,,,,,,,,,,,,,,0.00,-,,,,,,,,,,,,,,,,,,,,,,,,,-,-,,,,,,,,,,,,,,,,,,,,,,,,,0.000
,04-22-2015,08:09:10, Lane 1 ,Rev,FF,,168,15,20,,>Range,,,,,,,,,,,,,,,,,,,,,,,,,0.00,-,,,,,,,,,,,,,,,,,,,,,,,,,-,-,,,,,,,,,,,,,,,,,,,,,,,,,0.000
,04-22-2015,08:09:28, Lane 1 ,Fwd,FF,,169,2,23,,2,8.57,,,,,,,,,,,,,,,,,,,,,,,,8.57,-,,,,,,,,,,,,,,,,,,,,,,,,,-,-,,,,,,,,,,,,,,,,,,,,,,,,,
,04-22-2015,08:09:30, Lane 1 ,Fwd,FF,,170,2,23,,2,8.49,,,,,,,,,,,,,,,,,,,,,,,,8.49,-,,,,,,,,,,,,,,,,,,,,,,,,,-,-,,,,,,,,,,,,,,,,,,,,,,,,,
,04-22-2015,08:09:35, Lane 1 ,Fwd,FF,,171,2,19,,2,8.78,,,,,,,,,,,,,,,,,,,,,,,,8.78,-,,,,,,,,,,,,,,,,,,,,,,,,,-,-,,,,,,,,,,,,,,,,,,,,,,,,,
,04-22-2015,08:09:37, Lane 1 ,Fwd,FF,,172,2,20,,2,9.66,,,,,,,,,,,,,,,,,,,,,,,,9.66,-,,,,,,,,,,,,,,,,,,,,,,,,,-,-,,,,,,,,,,,,,,,,,,,,,,,,,
,04-22-2015,08:09:39, Lane 1 ,Fwd,FF,,173,2,22,,2,8.54,,,,,,,,,,,,,,,,,,,,,,,,8.54,-,,,,,,,,,,,,,,,,,,,,,,,,,-,-,,,,,,,,,,,,,,,,,,,,,,,,,
,04-22-2015,08:09:43, Lane 1 ,Fwd,FF,,174,2,25,,4,9.78,38.73,8.40,,,,,,,,,,,,,,,,,,,,,,56.91,-,,,,,,,,,,,,,,,,,,,,,,,,,-,-,,,,,,,,,,,,,,,,,,,,,,,,,
,04-22-2015,08:09:47, Lane 1 ,Fwd,FF,,175,2,27,,2,9.11,,,,,,,,,,,,,,,,,,,,,,,,9.11,-,,,,,,,,,,,,,,,,,,,,,,,,,-,-,,,,,,,,,,,,,,,,,,,,,,,,,
,04-22-2015,08:09:49, Lane 1 ,Fwd,FF,,176,2,26,,2,9.27,,,,,,,,,,,,,,,,,,,,,,,,9.27,-,,,,,,,,,,,,,,,,,,,,,,,,,-,-,,,,,,,,,,,,,,,,,,,,,,,,,
,04-22-2015,08:09:56, Lane 1 ,Fwd,FF,,177,2,32,,2,8.54,,,,,,,,,,,,,,,,,,,,,,,,8.54,-,,,,,,,,,,,,,,,,,,,,,,,,,-,-,,,,,,,,,,,,,,,,,,,,,,,,,
,04-22-2015,08:09:58, Lane 1 ,Fwd,FF,,178,2,32,,2,8.73,,,,,,,,,,,,,,,,,,,,,,,,8.73,-,,,,,,,,,,,,,,,,,,,,,,,,,-,-,,,,,,,,,,,,,,,,,,,,,,,,,
,04-22-2015,08:10:00, Lane 1 ,Fwd,FF,,179,2,31,,2,8.38,,,,,,,,,,,,,,,,,,,,,,,,8.38,-,,,,,,,,,,,,,,,,,,,,,,,,,-,-,,,,,,,,,,,,,,,,,,,,,,,,,
,04-22-2015,08:10:04, Lane 1 ,Fwd,FF,,180,2,29,,2,8.78,,,,,,,,,,,,,,,,,,,,,,,,8.78,-,,,,,,,,,,,,,,,,,,,,,,,,,-,-,,,,,,,,,,,,,,,,,,,,,,,,,
,04-22-2015,08:10:06, Lane 1 ,Fwd,FF,,181,2,31,,2,9.05,,,,,,,,,,,,,,,,,,,,,,,,9.05,-,,,,,,,,,,,,,,,,,,,,,,,,,-,-,,,,,,,,,,,,,,,,,,,,,,,,,
,04-22-2015,08:10:08, Lane 1 ,Fwd,FF,,182,2,28,,2,8.97,,,,,,,,,,,,,,,,,,,,,,,,8.97,-,,,,,,,,,,,,,,,,,,,,,,,,,-,-,,,,,,,,,,,,,,,,,,,,,,,,,
,04-22-2015,08:10:11, Lane 1 ,Fwd,FF,,183,2,28,,2,9.04,,,,,,,,,,,,,,,,,,,,,,,,9.04,-,,,,,,,,,,,,,,,,,,,,,,,,,-,-,,,,,,,,,,,,,,,,,,,,,,,,,
,04-22-2015,08:10:14, Lane 1 ,Fwd,FF,,184,2,27,,2,8.49,,,,,,,,,,,,,,,,,,,,,,,,8.49,-,,,,,,,,,,,,,,,,,,,,,,,,,-,-,,,,,,,,,,,,,,,,,,,,,,,,,
,04-22-2015,08:10:18, Lane 1 ,Fwd,FF,,185,2,27,,2,8.88,,,,,,,,,,,,,,,,,,,,,,,,8.88,-,,,,,,,,,,,,,,,,,,,,,,,,,-,-,,,,,,,,,,,,,,,,,,,,,,,,,
,04-22-2015,08:10:20, Lane 1 ,Fwd,FF,,186,2,22,,2,8.83,,,,,,,,,,,,,,,,,,,,,,,,8.83,-,,,,,,,,,,,,,,,,,,,,,,,,,-,-,,,,,,,,,,,,,,,,,,,,,,,,,
,04-22-2015,08:10:23, Lane 1 ,Fwd,FF,,187,2,21,,2,9.73,,,,,,,,,,,,,,,,,,,,,,,,9.73,-,,,,,,,,,,,,,,,,,,,,,,,,,-,-,,,,,,,,,,,,,,,,,,,,,,,,,
,04-22-2015,08:10:27, Lane 1 ,Fwd,FF,,188,2,20,,2,9.43,,,,,,,,,,,,,,,,,,,,,,,,9.43,-,,,,,,,,,,,,,,,,,,,,,,,,,-,-,,,,,,,,,,,,,,,,,,,,,,,,,
,04-22-2015,08:10:29, Lane 1 ,Fwd,FF,,189,2,23,,2,9.15,,,,,,,,,,,,,,,,,,,,,,,,9.15,-,,,,,,,,,,,,,,,,,,,,,,,,,-,-,,,,,,,,,,,,,,,,,,,,,,,,,
,04-22-2015,08:10:32, Lane 1 ,Fwd,FF,,190,2,22,,2,10.08,,,,,,,,,,,,,,,,,,,,,,,,10.08,-,,,,,,,,,,,,,,,,,,,,,,,,,-,-,,,,,,,,,,,,,,,,,,,,,,,,,
,04-22-2015,08:10:36, Lane 1 ,Fwd,FF,,191,2,23,,2,8.65,,,,,,,,,,,,,,,,,,,,,,,,8.65,-,,,,,,,,,,,,,,,,,,,,,,,,,-,-,,,,,,,,,,,,,,,,,,,,,,,,,
,04-22-2015,08:10:38, Lane 1 ,Fwd,FF,,192,2,21,,2,8.96,,,,,,,,,,,,,,,,,,,,,,,,8.96,-,,,,,,,,,,,,,,,,,,,,,,,,,-,-,,,,,,,,,,,,,,,,,,,,,,,,,
,04-22-2015,08:10:40, Lane 1 ,Fwd,FF,,193,3,20,,2,11.94,,,,,,,,,,,,,,,,,,,,,,,,11.94,-,,,,,,,,,,,,,,,,,,,,,,,,,-,-,,,,,,,,,,,,,,,,,,,,,,,,,
,04-22-2015,08:10:46, Lane 1 ,Fwd,FF,,194,2,19,,2,8.96,,,,,,,,,,,,,,,,,,,,,,,,8.96,-,,,,,,,,,,,,,,,,,,,,,,,,,-,-,,,,,,,,,,,,,,,,,,,,,,,,,
,04-22-2015,08:10:50, Lane 1 ,Fwd,FF,,195,9,25,,5,11.49,1.33,51.65,12.02,,,,,,,,,,,,,,,,,,,,,76.49,-,,,,,,,,,,,,,,,,,,,,,,,,,-,-,,,,,,,,,,,,,,,,,,,,,,,,,
,04-22-2015,08:10:53, Lane 1 ,Rev,FF,,196,15,25,,8,11.95,94.59,11.38,49.14,14.65,98.00,14.36,,,,,,,,,,,,,,,,,,294.07,-,,,,,,,,,,,,,,,,,,,,,,,,,-,-,,,,,,,,,,,,,,,,,,,,,,,,,
,04-22-2015,08:11:05, Lane 1 ,Fwd,FF,,197,2,20,,4,9.07,37.84,9.70,,,,,,,,,,,,,,,,,,,,,,56.61,-,,,,,,,,,,,,,,,,,,,,,,,,,-,-,,,,,,,,,,,,,,,,,,,,,,,,,
,04-22-2015,08:11:10, Lane 1 ,Fwd,FF,,198,2,23,,2,9.09,,,,,,,,,,,,,,,,,,,,,,,,9.09,-,,,,,,,,,,,,,,,,,,,,,,,,,-,-,,,,,,,,,,,,,,,,,,,,,,,,,
,04-22-2015,08:11:13, Lane 1 ,Fwd,FF,,199,2,21,,2,8.97,,,,,,,,,,,,,,,,,,,,,,,,8.97,-,,,,,,,,,,,,,,,,,,,,,,,,,-,-,,,,,,,,,,,,,,,,,,,,,,,,,
,04-22-2015,08:11:15, Lane 1 ,Fwd,FF,,200,3,23,,2,11.64,,,,,,,,,,,,,,,,,,,,,,,,11.64,-,,,,,,,,,,,,,,,,,,,,,,,,,-,-,,,,,,,,,,,,,,,,,,,,,,,,,
,04-22-2015,08:11:17, Lane 1 ,Fwd,FF,,201,2,25,,2,8.73,,,,,,,,,,,,,,,,,,,,,,,,8.73,-,,,,,,,,,,,,,,,,,,,,,,,,,-,-,,,,,,,,,,,,,,,,,,,,,,,,,
,04-22-2015,08:11:19, Lane 1 ,Fwd,FF,,202,2,25,,2,8.90,,,,,,,,,,,,,,,,,,,,,,,,8.90,-,,,,,,,,,,,,,,,,,,,,,,,,,-,-,,,,,,,,,,,,,,,,,,,,,,,,,
,04-22-2015,08:11:21, Lane 1 ,Fwd,FF,,203,2,25,,2,9.19,,,,,,,,,,,,,,,,,,,,,,,,9.19,-,,,,,,,,,,,,,,,,,,,,,,,,,-,-,,,,,,,,,,,,,,,,,,,,,,,,,
,04-22-2015,08:11:24, Lane 1 ,Fwd,FF,,204,6,23,,3,8.77,2.14,,,,,,,,,,,,,,,,,,,,,,,10.91,-,,,,,,,,,,,,,,,,,,,,,,,,,-,-,,,,,,,,,,,,,,,,,,,,,,,,,
,04-22-2015,08:11:26, Lane 1 ,Fwd,FF,,205,2,25,,2,8.55,,,,,,,,,,,,,,,,,,,,,,,,8.55,-,,,,,,,,,,,,,,,,,,,,,,,,,-,-,,,,,,,,,,,,,,,,,,,,,,,,,
,04-22-2015,08:11:29, Lane 1 ,Fwd,FF,,206,2,26,,2,9.75,,,,,,,,,,,,,,,,,,,,,,,,9.75,-,,,,,,,,,,,,,,,,,,,,,,,,,-,-,,,,,,,,,,,,,,,,,,,,,,,,,
,04-22-2015,08:11:32, Lane 1 ,Fwd,FF,,207,2,25,,4,8.25,37.37,8.21,,,,,,,,,,,,,,,,,,,,,,53.83,-,,,,,,,,,,,,,,,,,,,,,,,,,-,-,,,,,,,,,,,,,,,,,,,,,,,,,
,04-22-2015,08:11:35, Lane 1 ,Fwd,FF,,208,2,24,,2,8.81,,,,,,,,,,,,,,,,,,,,,,,,8.81,-,,,,,,,,,,,,,,,,,,,,,,,,,-,-,,,,,,,,,,,,,,,,,,,,,,,,,
,04-22-2015,08:11:37, Lane 1 ,Fwd,FF,,209,2,23,,2,8.16,,,,,,,,,,,,,,,,,,,,,,,,8.16,-,,,,,,,,,,,,,,,,,,,,,,,,,-,-,,,,,,,,,,,,,,,,,,,,,,,,,
,04-22-2015,08:11:39, Lane 1 ,Fwd,FF,,210,2,24,,2,8.80,,,,,,,,,,,,,,,,,,,,,,,,8.80,-,,,,,,,,,,,,,,,,,,,,,,,,,-,-,,,,,,,,,,,,,,,,,,,,,,,,,
,04-22-2015,08:11:41, Lane 1 ,Fwd,FF,,211,2,25,,2,9.43,,,,,,,,,,,,,,,,,,,,,,,,9.43,-,,,,,,,,,,,,,,,,,,,,,,,,,-,-,,,,,,,,,,,,,,,,,,,,,,,,,
,04-22-2015,08:11:43, Lane 1 ,Fwd,FF,,212,2,25,,2,8.64,,,,,,,,,,,,,,,,,,,,,,,,8.64,-,,,,,,,,,,,,,,,,,,,,,,,,,-,-,,,,,,,,,,,,,,,,,,,,,,,,,
,04-22-2015,08:11:48, Lane 1 ,Fwd,FF,,213,2,25,,2,7.61,,,,,,,,,,,,,,,,,,,,,,,,7.61,-,,,,,,,,,,,,,,,,,,,,,,,,,-,-,,,,,,,,,,,,,,,,,,,,,,,,,
,04-22-2015,08:11:50, Lane 1 ,Fwd,FF,,214,2,29,,2,8.73,,,,,,,,,,,,,,,,,,,,,,,,8.73,-,,,,,,,,,,,,,,,,,,,,,,,,,-,-,,,,,,,,,,,,,,,,,,,,,,,,,
,04-22-2015,08:11:51, Lane 1 ,Fwd,FF,,215,2,28,,2,8.67,,,,,,,,,,,,,,,,,,,,,,,,8.67,-,,,,,,,,,,,,,,,,,,,,,,,,,-,-,,,,,,,,,,,,,,,,,,,,,,,,,
,04-22-2015,08:11:53, Lane 1 ,Fwd,FF,,216,2,27,,4,8.64,38.74,8.24,,,,,,,,,,,,,,,,,,,,,,55.62,-,,,,,,,,,,,,,,,,,,,,,,,,,-,-,,,,,,,,,,,,,,,,,,,,,,,,,
,04-22-2015,08:11:56, Lane 1 ,Fwd,FF,,217,2,30,,2,8.92,,,,,,,,,,,,,,,,,,,,,,,,8.92,-,,,,,,,,,,,,,,,,,,,,,,,,,-,-,,,,,,,,,,,,,,,,,,,,,,,,,
,04-22-2015,08:11:59, Lane 1 ,Fwd,FF,,218,2,29,,2,8.51,,,,,,,,,,,,,,,,,,,,,,,,8.51,-,,,,,,,,,,,,,,,,,,,,,,,,,-,-,,,,,,,,,,,,,,,,,,,,,,,,,
,04-22-2015,08:12:03, Lane 1 ,Fwd,FF,,219,2,30,,2,9.67,,,,,,,,,,,,,,,,,,,,,,,,9.67,-,,,,,,,,,,,,,,,,,,,,,,,,,-,-,,,,,,,,,,,,,,,,,,,,,,,,,
,04-22-2015,08:12:05, Lane 1 ,Fwd,FF,,220,2,25,,2,8.65,,,,,,,,,,,,,,,,,,,,,,,,8.65,-,,,,,,,,,,,,,,,,,,,,,,,,,-,-,,,,,,,,,,,,,,,,,,,,,,,,,
,04-22-2015,08:12:07, Lane 1 ,Fwd,FF,,221,2,27,,2,8.67,,,,,,,,,,,,,,,,,,,,,,,,8.67,-,,,,,,,,,,,,,,,,,,,,,,,,,-,-,,,,,,,,,,,,,,,,,,,,,,,,,
,04-22-2015,08:12:09, Lane 1 ,Fwd,FF,,222,2,29,,2,8.65,,,,,,,,,,,,,,,,,,,,,,,,8.65,-,,,,,,,,,,,,,,,,,,,,,,,,,-,-,,,,,,,,,,,,,,,,,,,,,,,,,
,04-22-2015,08:12:11, Lane 1 ,Fwd,FF,,223,2,29,,2,8.94,,,,,,,,,,,,,,,,,,,,,,,,8.94,-,,,,,,,,,,,,,,,,,,,,,,,,,-,-,,,,,,,,,,,,,,,,,,,,,,,,,
,04-22-2015,08:12:14, Lane 1 ,Fwd,FF,,224,3,29,,2,11.40,,,,,,,,,,,,,,,,,,,,,,,,11.40,-,,,,,,,,,,,,,,,,,,,,,,,,,-,-,,,,,,,,,,,,,,,,,,,,,,,,,
,04-22-2015,08:12:16, Lane 1 ,Fwd,FF,,225,2,29,,2,8.97,,,,,,,,,,,,,,,,,,,,,,,,8.97,-,,,,,,,,,,,,,,,,,,,,,,,,,-,-,,,,,,,,,,,,,,,,,,,,,,,,,
,04-22-2015,08:12:18, Lane 1 ,Fwd,FF,,226,2,26,,2,8.23,,,,,,,,,,,,,,,,,,,,,,,,8.23,-,,,,,,,,,,,,,,,,,,,,,,,,,-,-,,,,,,,,,,,,,,,,,,,,,,,,,
,04-22-2015,08:12:21, Lane 1 ,Fwd,FF,,227,3,25,,2,11.49,,,,,,,,,,,,,,,,,,,,,,,,11.49,-,,,,,,,,,,,,,,,,,,,,,,,,,-,-,,,,,,,,,,,,,,,,,,,,,,,,,
,04-22-2015,08:12:24, Lane 1 ,Fwd,FF,,228,2,28,,2,9.94,,,,,,,,,,,,,,,,,,,,,,,,9.94,-,,,,,,,,,,,,,,,,,,,,,,,,,-,-,,,,,,,,,,,,,,,,,,,,,,,,,
,04-22-2015,08:12:26, Lane 1 ,Fwd,FF,,229,2,29,,2,9.00,,,,,,,,,,,,,,,,,,,,,,,,9.00,-,,,,,,,,,,,,,,,,,,,,,,,,,-,-,,,,,,,,,,,,,,,,,,,,,,,,,
,04-22-2015,08:12:28, Lane 1 ,Fwd,FF,,230,2,29,,2,10.07,,,,,,,,,,,,,,,,,,,,,,,,10.07,-,,,,,,,,,,,,,,,,,,,,,,,,,-,-,,,,,,,,,,,,,,,,,,,,,,,,,
,04-22-2015,08:12:29, Lane 1 ,Fwd,FF,,231,2,29,,2,8.76,,,,,,,,,,,,,,,,,,,,,,,,8.76,-,,,,,,,,,,,,,,,,,,,,,,,,,-,-,,,,,,,,,,,,,,,,,,,,,,,,,
,04-22-2015,08:12:31, Lane 1 ,Fwd,FF,,232,2,28,,2,9.13,,,,,,,,,,,,,,,,,,,,,,,,9.13,-,,,,,,,,,,,,,,,,,,,,,,,,,-,-,,,,,,,,,,,,,,,,,,,,,,,,,
,04-22-2015,08:12:33, Lane 1 ,Fwd,FF,,233,2,28,,2,8.96,,,,,,,,,,,,,,,,,,,,,,,,8.96,-,,,,,,,,,,,,,,,,,,,,,,,,,-,-,,,,,,,,,,,,,,,,,,,,,,,,,
,04-22-2015,08:12:35, Lane 1 ,Fwd,FF,,234,2,29,,2,9.19,,,,,,,,,,,,,,,,,,,,,,,,9.19,-,,,,,,,,,,,,,,,,,,,,,,,,,-,-,,,,,,,,,,,,,,,,,,,,,,,,,
,04-22-2015,08:12:40, Lane 1 ,Fwd,FF,,235,2,26,,2,9.38,,,,,,,,,,,,,,,,,,,,,,,,9.38,-,,,,,,,,,,,,,,,,,,,,,,,,,-,-,,,,,,,,,,,,,,,,,,,,,,,,,
,04-22-2015,08:12:42, Lane 1 ,Fwd,FF,,236,2,26,,2,9.45,,,,,,,,,,,,,,,,,,,,,,,,9.45,-,,,,,,,,,,,,,,,,,,,,,,,,,-,-,,,,,,,,,,,,,,,,,,,,,,,,,
,04-22-2015,08:12:44, Lane 1 ,Fwd,FF,,237,2,27,,2,9.05,,,,,,,,,,,,,,,,,,,,,,,,9.05,-,,,,,,,,,,,,,,,,,,,,,,,,,-,-,,,,,,,,,,,,,,,,,,,,,,,,,
,04-22-2015,08:12:47, Lane 1 ,Fwd,FF,,238,2,27,,2,8.67,,,,,,,,,,,,,,,,,,,,,,,,8.67,-,,,,,,,,,,,,,,,,,,,,,,,,,-,-,,,,,,,,,,,,,,,,,,,,,,,,,
,04-22-2015,08:12:50, Lane 1 ,Fwd,FF,,239,2,23,,2,9.26,,,,,,,,,,,,,,,,,,,,,,,,9.26,-,,,,,,,,,,,,,,,,,,,,,,,,,-,-,,,,,,,,,,,,,,,,,,,,,,,,,
,04-22-2015,08:12:53, Lane 1 ,Fwd,FF,,240,2,24,,2,8.94,,,,,,,,,,,,,,,,,,,,,,,,8.94,-,,,,,,,,,,,,,,,,,,,,,,,,,-,-,,,,,,,,,,,,,,,,,,,,,,,,,
,04-22-2015,08:12:56, Lane 1 ,Fwd,FF,,241,2,23,,2,8.53,,,,,,,,,,,,,,,,,,,,,,,,8.53,-,,,,,,,,,,,,,,,,,,,,,,,,,-,-,,,,,,,,,,,,,,,,,,,,,,,,,
,04-22-2015,08:12:59, Lane 1 ,Fwd,FF,,242,3,21,,2,10.37,,,,,,,,,,,,,,,,,,,,,,,,10.37,-,,,,,,,,,,,,,,,,,,,,,,,,,-,-,,,,,,,,,,,,,,,,,,,,,,,,,
,04-22-2015,08:13:03, Lane 1 ,Fwd,FF,,243,8,22,,3,9.38,21.70,,,,,,,,,,,,,,,,,,,,,,,31.08,-,,,,,,,,,,,,,,,,,,,,,,,,,-,-,,,,,,,,,,,,,,,,,,,,,,,,,
,04-22-2015,08:13:07, Lane 1 ,Fwd,FF,,244,2,25,,4,10.35,47.40,12.72,,,,,,,,,,,,,,,,,,,,,,70.47,-,,,,,,,,,,,,,,,,,,,,,,,,,-,-,,,,,,,,,,,,,,,,,,,,,,,,,
,04-22-2015,08:13:12, Lane 1 ,Fwd,FF,,245,3,25,,2,12.83,,,,,,,,,,,,,,,,,,,,,,,,12.83,-,,,,,,,,,,,,,,,,,,,,,,,,,-,-,,,,,,,,,,,,,,,,,,,,,,,,,
,04-22-2015,08:13:16, Lane 1 ,Fwd,FF,,246,5,25,,2,19.72,,,,,,,,,,,,,,,,,,,,,,,,19.72,-,,,,,,,,,,,,,,,,,,,,,,,,,-,-,,,,,,,,,,,,,,,,,,,,,,,,,
,04-22-2015,08:13:18, Lane 1 ,Fwd,FF,,247,2,25,,2,93.12,,,,,,,,,,,,,,,,,,,,,,,,93.12,-,,,,,,,,,,,,,,,,,,,,,,,,,-,-,,,,,,,,,,,,,,,,,,,,,,,,,
,04-22-2015,08:13:32, Lane 1 ,Rev,FF,,248,9,25,,5,1.50,10.61,63.26,5.73,,,,,,,,,,,,,,,,,,,,,81.10,-,,,,,,,,,,,,,,,,,,,,,,,,,-,-,,,,,,,,,,,,,,,,,,,,,,,,,
,04-22-2015,08:13:33, Lane 1 ,Fwd,FF,,249,15,25,,>Range,,,,,,,,,,,,,,,,,,,,,,,,,0.00,-,,,,,,,,,,,,,,,,,,,,,,,,,-,-,,,,,,,,,,,,,,,,,,,,,,,,,0.000
,04-22-2015,08:13:45, Lane 1 ,Fwd,FF,,250,2,74,,1,,,,,,,,,,,,,,,,,,,,,,,,,0.00,-,,,,,,,,,,,,,,,,,,,,,,,,,-,-,,,,,,,,,,,,,,,,,,,,,,,,,
,04-22-2015,08:13:49, Lane 1 ,Rev,FF,,251,2,2,,1,,,,,,,,,,,,,,,,,,,,,,,,,0.00,-,,,,,,,,,,,,,,,,,,,,,,,,,-,-,,,,,,,,,,,,,,,,,,,,,,,,,
,04-22-2015,08:13:50, Lane 1 ,Fwd,FF,,252,2,92,,1,,,,,,,,,,,,,,,,,,,,,,,,,0.00,-,,,,,,,,,,,,,,,,,,,,,,,,,-,-,,,,,,,,,,,,,,,,,,,,,,,,,
,04-22-2015,08:13:51, Lane 1 ,Rev,FF,,253,10,30,,6,14.93,101.75,12.76,110.19,15.06,,,,,,,,,,,,,,,,,,,,254.69,-,,,,,,,,,,,,,,,,,,,,,,,,,-,-,,,,,,,,,,,,,,,,,,,,,,,,,
,04-22-2015,08:13:51, Lane 1 ,Rev,FF,,254,5,30,,2,13.78,,,,,,,,,,,,,,,,,,,,,,,,13.78,-,,,,,,,,,,,,,,,,,,,,,,,,,-,-,,,,,,,,,,,,,,,,,,,,,,,,,
,04-22-2015,08:14:04, Lane 1 ,Fwd,FF,,255,2,20,,2,8.88,,,,,,,,,,,,,,,,,,,,,,,,8.88,-,,,,,,,,,,,,,,,,,,,,,,,,,-,-,,,,,,,,,,,,,,,,,,,,,,,,,
,04-22-2015,08:14:09, Lane 1 ,Fwd,FF,,256,2,20,,2,8.85,,,,,,,,,,,,,,,,,,,,,,,,8.85,-,,,,,,,,,,,,,,,,,,,,,,,,,-,-,,,,,,,,,,,,,,,,,,,,,,,,,
,04-22-2015,08:14:13, Lane 1 ,Fwd,FF,,257,2,20,,2,9.08,,,,,,,,,,,,,,,,,,,,,,,,9.08,-,,,,,,,,,,,,,,,,,,,,,,,,,-,-,,,,,,,,,,,,,,,,,,,,,,,,,
,04-22-2015,08:14:18, Lane 1 ,Fwd,FF,,258,2,17,,2,9.48,,,,,,,,,,,,,,,,,,,,,,,,9.48,-,,,,,,,,,,,,,,,,,,,,,,,,,-,-,,,,,,,,,,,,,,,,,,,,,,,,,
,04-22-2015,08:14:22, Lane 1 ,Fwd,FF,,259,3,21,,4,12.75,16.43,2.53,,,,,,,,,,,,,,,,,,,,,,31.71,-,,,,,,,,,,,,,,,,,,,,,,,,,-,-,,,,,,,,,,,,,,,,,,,,,,,,,
,04-22-2015,08:14:26, Lane 1 ,Fwd,FF,,260,2,22,,2,9.26,,,,,,,,,,,,,,,,,,,,,,,,9.26,-,,,,,,,,,,,,,,,,,,,,,,,,,-,-,,,,,,,,,,,,,,,,,,,,,,,,,
,04-22-2015,08:14:28, Lane 1 ,Fwd,FF,,261,2,20,,2,9.29,,,,,,,,,,,,,,,,,,,,,,,,9.29,-,,,,,,,,,,,,,,,,,,,,,,,,,-,-,,,,,,,,,,,,,,,,,,,,,,,,,
,04-22-2015,08:14:32, Lane 1 ,Fwd,FF,,262,2,21,,2,8.72,,,,,,,,,,,,,,,,,,,,,,,,8.72,-,,,,,,,,,,,,,,,,,,,,,,,,,-,-,,,,,,,,,,,,,,,,,,,,,,,,,
,04-22-2015,08:14:35, Lane 1 ,Fwd,FF,,263,2,25,,2,8.55,,,,,,,,,,,,,,,,,,,,,,,,8.55,-,,,,,,,,,,,,,,,,,,,,,,,,,-,-,,,,,,,,,,,,,,,,,,,,,,,,,
,04-22-2015,08:14:39, Lane 1 ,Fwd,FF,,264,2,27,,2,9.00,,,,,,,,,,,,,,,,,,,,,,,,9.00,-,,,,,,,,,,,,,,,,,,,,,,,,,-,-,,,,,,,,,,,,,,,,,,,,,,,,,
,04-22-2015,08:14:42, Lane 1 ,Fwd,FF,,265,8,22,,4,13.62,15.28,2.40,,,,,,,,,,,,,,,,,,,,,,31.30,-,,,,,,,,,,,,,,,,,,,,,,,,,-,-,,,,,,,,,,,,,,,,,,,,,,,,,
,04-22-2015,08:14:45, Lane 1 ,Fwd,FF,,266,2,26,,2,9.24,,,,,,,,,,,,,,,,,,,,,,,,9.24,-,,,,,,,,,,,,,,,,,,,,,,,,,-,-,,,,,,,,,,,,,,,,,,,,,,,,,
,04-22-2015,08:14:47, Lane 1 ,Fwd,FF,,267,2,23,,2,8.96,,,,,,,,,,,,,,,,,,,,,,,,8.96,-,,,,,,,,,,,,,,,,,,,,,,,,,-,-,,,,,,,,,,,,,,,,,,,,,,,,,
,04-22-2015,08:14:50, Lane 1 ,Fwd,FF,,268,2,30,,3,2.78,15.06,,,,,,,,,,,,,,,,,,,,,,,17.84,-,,,,,,,,,,,,,,,,,,,,,,,,,-,-,,,,,,,,,,,,,,,,,,,,,,,,,
,04-22-2015,08:14:52, Lane 1 ,Fwd,FF,,269,2,21,,2,8.34,,,,,,,,,,,,,,,,,,,,,,,,8.34,-,,,,,,,,,,,,,,,,,,,,,,,,,-,-,,,,,,,,,,,,,,,,,,,,,,,,,
,04-22-2015,08:14:54, Lane 1 ,Fwd,FF,,270,2,21,,2,8.90,,,,,,,,,,,,,,,,,,,,,,,,8.90,-,,,,,,,,,,,,,,,,,,,,,,,,,-,-,,,,,,,,,,,,,,,,,,,,,,,,,
,04-22-2015,08:14:56, Lane 1 ,Fwd,FF,,271,2,19,,2,8.52,,,,,,,,,,,,,,,,,,,,,,,,8.52,-,,,,,,,,,,,,,,,,,,,,,,,,,-,-,,,,,,,,,,,,,,,,,,,,,,,,,
,04-22-2015,08:15:00, Lane 1 ,Fwd,FF,,272,2,19,,4,8.96,36.86,8.02,,,,,,,,,,,,,,,,,,,,,,53.84,-,,,,,,,,,,,,,,,,,,,,,,,,,-,-,,,,,,,,,,,,,,,,,,,,,,,,,
,04-22-2015,08:15:04, Lane 1 ,Fwd,FF,,273,2,20,,2,8.85,,,,,,,,,,,,,,,,,,,,,,,,8.85,-,,,,,,,,,,,,,,,,,,,,,,,,,-,-,,,,,,,,,,,,,,,,,,,,,,,,,
,04-22-2015,08:15:06, Lane 1 ,Fwd,FF,,274,2,20,,2,8.48,,,,,,,,,,,,,,,,,,,,,,,,8.48,-,,,,,,,,,,,,,,,,,,,,,,,,,-,-,,,,,,,,,,,,,,,,,,,,,,,,,
,04-22-2015,08:15:09, Lane 1 ,Fwd,FF,,275,2,16,,2,8.54,,,,,,,,,,,,,,,,,,,,,,,,8.54,-,,,,,,,,,,,,,,,,,,,,,,,,,-,-,,,,,,,,,,,,,,,,,,,,,,,,,
,04-22-2015,08:15:12, Lane 1 ,Fwd,FF,,276,2,15,,2,9.27,,,,,,,,,,,,,,,,,,,,,,,,9.27,-,,,,,,,,,,,,,,,,,,,,,,,,,-,-,,,,,,,,,,,,,,,,,,,,,,,,,
,04-22-2015,08:15:15, Lane 1 ,Fwd,FF,,277,6,8,,3,10.38,0.73,,,,,,,,,,,,,,,,,,,,,,,11.11,-,,,,,,,,,,,,,,,,,,,,,,,,,-,-,,,,,,,,,,,,,,,,,,,,,,,,,
,04-22-2015,08:15:19, Lane 1 ,Fwd,FF,,278,15,18,,8,1.71,9.09,32.05,1.71,7.97,29.16,9.89,,,,,,,,,,,,,,,,,,91.58,-,,,,,,,,,,,,,,,,,,,,,,,,,-,-,,,,,,,,,,,,,,,,,,,,,,,,,
,04-22-2015,08:15:26, Lane 1 ,Fwd,FF,,279,5,30,,2,16.43,,,,,,,,,,,,,,,,,,,,,,,,16.43,-,,,,,,,,,,,,,,,,,,,,,,,,,-,-,,,,,,,,,,,,,,,,,,,,,,,,,
,04-22-2015,08:15:29, Lane 1 ,Fwd,FF,,280,5,30,,2,18.95,,,,,,,,,,,,,,,,,,,,,,,,18.95,-,,,,,,,,,,,,,,,,,,,,,,,,,-,-,,,,,,,,,,,,,,,,,,,,,,,,,
,04-22-2015,08:15:32, Lane 1 ,Fwd,FF,,281,5,30,,2,17.58,,,,,,,,,,,,,,,,,,,,,,,,17.58,-,,,,,,,,,,,,,,,,,,,,,,,,,-,-,,,,,,,,,,,,,,,,,,,,,,,,,
,04-22-2015,08:15:35, Lane 1 ,Fwd,FF,,282,2,18,,2,8.97,,,,,,,,,,,,,,,,,,,,,,,,8.97,-,,,,,,,,,,,,,,,,,,,,,,,,,-,-,,,,,,,,,,,,,,,,,,,,,,,,,
,04-22-2015,08:15:38, Lane 1 ,Fwd,FF,,283,2,19,,2,9.05,,,,,,,,,,,,,,,,,,,,,,,,9.05,-,,,,,,,,,,,,,,,,,,,,,,,,,-,-,,,,,,,,,,,,,,,,,,,,,,,,,
,04-22-2015,08:15:40, Lane 1 ,Fwd,FF,,284,2,19,,2,9.31,,,,,,,,,,,,,,,,,,,,,,,,9.31,-,,,,,,,,,,,,,,,,,,,,,,,,,-,-,,,,,,,,,,,,,,,,,,,,,,,,,
,04-22-2015,08:15:44, Lane 1 ,Fwd,FF,,285,2,20,,2,9.11,,,,,,,,,,,,,,,,,,,,,,,,9.11,-,,,,,,,,,,,,,,,,,,,,,,,,,-,-,,,,,,,,,,,,,,,,,,,,,,,,,
,04-22-2015,08:15:47, Lane 1 ,Fwd,FF,,286,2,21,,2,8.81,,,,,,,,,,,,,,,,,,,,,,,,8.81,-,,,,,,,,,,,,,,,,,,,,,,,,,-,-,,,,,,,,,,,,,,,,,,,,,,,,,
,04-22-2015,08:15:50, Lane 1 ,Fwd,FF,,287,2,21,,2,8.74,,,,,,,,,,,,,,,,,,,,,,,,8.74,-,,,,,,,,,,,,,,,,,,,,,,,,,-,-,,,,,,,,,,,,,,,,,,,,,,,,,
,04-22-2015,08:15:53, Lane 1 ,Fwd,FF,,288,2,20,,2,8.99,,,,,,,,,,,,,,,,,,,,,,,,8.99,-,,,,,,,,,,,,,,,,,,,,,,,,,-,-,,,,,,,,,,,,,,,,,,,,,,,,,
,04-22-2015,08:15:55, Lane 1 ,Fwd,FF,,289,2,20,,2,9.30,,,,,,,,,,,,,,,,,,,,,,,,9.30,-,,,,,,,,,,,,,,,,,,,,,,,,,-,-,,,,,,,,,,,,,,,,,,,,,,,,,
,04-22-2015,08:15:58, Lane 1 ,Fwd,FF,,290,2,21,,2,8.87,,,,,,,,,,,,,,,,,,,,,,,,8.87,-,,,,,,,,,,,,,,,,,,,,,,,,,-,-,,,,,,,,,,,,,,,,,,,,,,,,,
,04-22-2015,08:15:59, Lane 1 ,Fwd,FF,,291,2,22,,2,9.03,,,,,,,,,,,,,,,,,,,,,,,,9.03,-,,,,,,,,,,,,,,,,,,,,,,,,,-,-,,,,,,,,,,,,,,,,,,,,,,,,,
,04-22-2015,08:16:02, Lane 1 ,Fwd,FF,,292,2,23,,4,8.85,31.46,8.62,,,,,,,,,,,,,,,,,,,,,,48.93,-,,,,,,,,,,,,,,,,,,,,,,,,,-,-,,,,,,,,,,,,,,,,,,,,,,,,,
,04-22-2015,08:16:06, Lane 1 ,Fwd,FF,,293,2,23,,2,9.67,,,,,,,,,,,,,,,,,,,,,,,,9.67,-,,,,,,,,,,,,,,,,,,,,,,,,,-,-,,,,,,,,,,,,,,,,,,,,,,,,,
,04-22-2015,08:16:08, Lane 1 ,Fwd,FF,,294,2,24,,2,8.47,,,,,,,,,,,,,,,,,,,,,,,,8.47,-,,,,,,,,,,,,,,,,,,,,,,,,,-,-,,,,,,,,,,,,,,,,,,,,,,,,,
,04-22-2015,08:16:10, Lane 1 ,Fwd,FF,,295,2,23,,2,9.70,,,,,,,,,,,,,,,,,,,,,,,,9.70,-,,,,,,,,,,,,,,,,,,,,,,,,,-,-,,,,,,,,,,,,,,,,,,,,,,,,,
,04-22-2015,08:16:12, Lane 1 ,Fwd,FF,,296,3,22,,2,11.32,,,,,,,,,,,,,,,,,,,,,,,,11.32,-,,,,,,,,,,,,,,,,,,,,,,,,,-,-,,,,,,,,,,,,,,,,,,,,,,,,,
,04-22-2015,08:16:15, Lane 1 ,Fwd,FF,,297,2,21,,2,9.72,,,,,,,,,,,,,,,,,,,,,,,,9.72,-,,,,,,,,,,,,,,,,,,,,,,,,,-,-,,,,,,,,,,,,,,,,,,,,,,,,,
,04-22-2015,08:16:19, Lane 1 ,Fwd,FF,,298,3,24,,2,11.76,,,,,,,,,,,,,,,,,,,,,,,,11.76,-,,,,,,,,,,,,,,,,,,,,,,,,,-,-,,,,,,,,,,,,,,,,,,,,,,,,,
,04-22-2015,08:16:21, Lane 1 ,Fwd,FF,,299,2,24,,4,8.80,38.29,9.05,,,,,,,,,,,,,,,,,,,,,,56.14,-,,,,,,,,,,,,,,,,,,,,,,,,,-,-,,,,,,,,,,,,,,,,,,,,,,,,,
,04-22-2015,08:16:25, Lane 1 ,Fwd,FF,,300,2,25,,2,9.17,,,,,,,,,,,,,,,,,,,,,,,,9.17,-,,,,,,,,,,,,,,,,,,,,,,,,,-,-,,,,,,,,,,,,,,,,,,,,,,,,,
,04-22-2015,08:16:27, Lane 1 ,Fwd,FF,,301,2,28,,2,8.62,,,,,,,,,,,,,,,,,,,,,,,,8.62,-,,,,,,,,,,,,,,,,,,,,,,,,,-,-,,,,,,,,,,,,,,,,,,,,,,,,,
,04-22-2015,08:16:29, Lane 1 ,Fwd,FF,,302,2,28,,2,8.60,,,,,,,,,,,,,,,,,,,,,,,,8.60,-,,,,,,,,,,,,,,,,,,,,,,,,,-,-,,,,,,,,,,,,,,,,,,,,,,,,,
,04-22-2015,08:16:32, Lane 1 ,Fwd,FF,,303,2,28,,2,8.70,,,,,,,,,,,,,,,,,,,,,,,,8.70,-,,,,,,,,,,,,,,,,,,,,,,,,,-,-,,,,,,,,,,,,,,,,,,,,,,,,,
,04-22-2015,08:16:34, Lane 1 ,Fwd,FF,,304,2,27,,2,8.97,,,,,,,,,,,,,,,,,,,,,,,,8.97,-,,,,,,,,,,,,,,,,,,,,,,,,,-,-,,,,,,,,,,,,,,,,,,,,,,,,,
,04-22-2015,08:16:38, Lane 1 ,Fwd,FF,,305,2,28,,2,8.68,,,,,,,,,,,,,,,,,,,,,,,,8.68,-,,,,,,,,,,,,,,,,,,,,,,,,,-,-,,,,,,,,,,,,,,,,,,,,,,,,,
,04-22-2015,08:16:41, Lane 1 ,Fwd,FF,,306,2,29,,2,8.74,,,,,,,,,,,,,,,,,,,,,,,,8.74,-,,,,,,,,,,,,,,,,,,,,,,,,,-,-,,,,,,,,,,,,,,,,,,,,,,,,,
,04-22-2015,08:16:43, Lane 1 ,Fwd,FF,,307,3,29,,2,12.55,,,,,,,,,,,,,,,,,,,,,,,,12.55,-,,,,,,,,,,,,,,,,,,,,,,,,,-,-,,,,,,,,,,,,,,,,,,,,,,,,,
,04-22-2015,08:16:46, Lane 1 ,Fwd,FF,,308,3,28,,2,11.51,,,,,,,,,,,,,,,,,,,,,,,,11.51,-,,,,,,,,,,,,,,,,,,,,,,,,,-,-,,,,,,,,,,,,,,,,,,,,,,,,,
,04-22-2015,08:16:48, Lane 1 ,Fwd,FF,,309,2,29,,2,8.46,,,,,,,,,,,,,,,,,,,,,,,,8.46,-,,,,,,,,,,,,,,,,,,,,,,,,,-,-,,,,,,,,,,,,,,,,,,,,,,,,,
,04-22-2015,08:16:49, Lane 1 ,Fwd,FF,,310,2,30,,2,9.09,,,,,,,,,,,,,,,,,,,,,,,,9.09,-,,,,,,,,,,,,,,,,,,,,,,,,,-,-,,,,,,,,,,,,,,,,,,,,,,,,,
,04-22-2015,08:16:53, Lane 1 ,Fwd,FF,,311,2,31,,2,8.98,,,,,,,,,,,,,,,,,,,,,,,,8.98,-,,,,,,,,,,,,,,,,,,,,,,,,,-,-,,,,,,,,,,,,,,,,,,,,,,,,,
,04-22-2015,08:16:57, Lane 1 ,Fwd,FF,,312,2,34,,2,8.57,,,,,,,,,,,,,,,,,,,,,,,,8.57,-,,,,,,,,,,,,,,,,,,,,,,,,,-,-,,,,,,,,,,,,,,,,,,,,,,,,,
,04-22-2015,08:16:59, Lane 1 ,Fwd,FF,,313,2,34,,2,8.54,,,,,,,,,,,,,,,,,,,,,,,,8.54,-,,,,,,,,,,,,,,,,,,,,,,,,,-,-,,,,,,,,,,,,,,,,,,,,,,,,,
,04-22-2015,08:17:03, Lane 1 ,Fwd,FF,,314,2,35,,2,8.51,,,,,,,,,,,,,,,,,,,,,,,,8.51,-,,,,,,,,,,,,,,,,,,,,,,,,,-,-,,,,,,,,,,,,,,,,,,,,,,,,,
,04-22-2015,08:17:05, Lane 1 ,Fwd,FF,,315,2,33,,2,8.67,,,,,,,,,,,,,,,,,,,,,,,,8.67,-,,,,,,,,,,,,,,,,,,,,,,,,,-,-,,,,,,,,,,,,,,,,,,,,,,,,,
,04-22-2015,08:17:07, Lane 1 ,Fwd,FF,,316,2,32,,2,8.66,,,,,,,,,,,,,,,,,,,,,,,,8.66,-,,,,,,,,,,,,,,,,,,,,,,,,,-,-,,,,,,,,,,,,,,,,,,,,,,,,,
,04-22-2015,08:17:09, Lane 1 ,Fwd,FF,,317,2,33,,2,9.76,,,,,,,,,,,,,,,,,,,,,,,,9.76,-,,,,,,,,,,,,,,,,,,,,,,,,,-,-,,,,,,,,,,,,,,,,,,,,,,,,,
,04-22-2015,08:17:13, Lane 1 ,Fwd,FF,,318,2,30,,2,8.38,,,,,,,,,,,,,,,,,,,,,,,,8.38,-,,,,,,,,,,,,,,,,,,,,,,,,,-,-,,,,,,,,,,,,,,,,,,,,,,,,,
,04-22-2015,08:17:15, Lane 1 ,Fwd,FF,,319,2,29,,4,9.12,37.64,8.52,,,,,,,,,,,,,,,,,,,,,,55.28,-,,,,,,,,,,,,,,,,,,,,,,,,,-,-,,,,,,,,,,,,,,,,,,,,,,,,,
,04-22-2015,08:17:18, Lane 1 ,Fwd,FF,,320,2,28,,2,8.43,,,,,,,,,,,,,,,,,,,,,,,,8.43,-,,,,,,,,,,,,,,,,,,,,,,,,,-,-,,,,,,,,,,,,,,,,,,,,,,,,,
,04-22-2015,08:17:21, Lane 1 ,Fwd,FF,,321,2,29,,2,8.73,,,,,,,,,,,,,,,,,,,,,,,,8.73,-,,,,,,,,,,,,,,,,,,,,,,,,,-,-,,,,,,,,,,,,,,,,,,,,,,,,,
,04-22-2015,08:17:23, Lane 1 ,Fwd,FF,,322,2,28,,2,9.69,,,,,,,,,,,,,,,,,,,,,,,,9.69,-,,,,,,,,,,,,,,,,,,,,,,,,,-,-,,,,,,,,,,,,,,,,,,,,,,,,,
,04-22-2015,08:17:25, Lane 1 ,Fwd,FF,,323,5,28,,2,13.44,,,,,,,,,,,,,,,,,,,,,,,,13.44,-,,,,,,,,,,,,,,,,,,,,,,,,,-,-,,,,,,,,,,,,,,,,,,,,,,,,,
,04-22-2015,08:17:27, Lane 1 ,Fwd,FF,,324,2,30,,2,8.73,,,,,,,,,,,,,,,,,,,,,,,,8.73,-,,,,,,,,,,,,,,,,,,,,,,,,,-,-,,,,,,,,,,,,,,,,,,,,,,,,,
,04-22-2015,08:17:31, Lane 1 ,Fwd,FF,,325,4,29,,2,20.80,,,,,,,,,,,,,,,,,,,,,,,,20.80,-,,,,,,,,,,,,,,,,,,,,,,,,,-,-,,,,,,,,,,,,,,,,,,,,,,,,,
,04-22-2015,08:17:33, Lane 1 ,Fwd,FF,,326,3,28,,4,12.91,16.77,2.70,,,,,,,,,,,,,,,,,,,,,,32.38,-,,,,,,,,,,,,,,,,,,,,,,,,,-,-,,,,,,,,,,,,,,,,,,,,,,,,,
,04-22-2015,08:17:35, Lane 1 ,Fwd,FF,,327,2,29,,2,9.07,,,,,,,,,,,,,,,,,,,,,,,,9.07,-,,,,,,,,,,,,,,,,,,,,,,,,,-,-,,,,,,,,,,,,,,,,,,,,,,,,,
,04-22-2015,08:17:37, Lane 1 ,Fwd,FF,,328,3,25,,2,11.04,,,,,,,,,,,,,,,,,,,,,,,,11.04,-,,,,,,,,,,,,,,,,,,,,,,,,,-,-,,,,,,,,,,,,,,,,,,,,,,,,,
,04-22-2015,08:17:40, Lane 1 ,Fwd,FF,,329,2,26,,2,8.40,,,,,,,,,,,,,,,,,,,,,,,,8.40,-,,,,,,,,,,,,,,,,,,,,,,,,,-,-,,,,,,,,,,,,,,,,,,,,,,,,,
,04-22-2015,08:17:42, Lane 1 ,Fwd,FF,,330,6,24,,3,9.44,2.28,,,,,,,,,,,,,,,,,,,,,,,11.72,-,,,,,,,,,,,,,,,,,,,,,,,,,-,-,,,,,,,,,,,,,,,,,,,,,,,,,
,04-22-2015,08:17:45, Lane 1 ,Fwd,FF,,331,9,20,,5,15.77,4.24,23.85,4.32,,,,,,,,,,,,,,,,,,,,,48.18,-,,,,,,,,,,,,,,,,,,,,,,,,,-,-,,,,,,,,,,,,,,,,,,,,,,,,,
,04-22-2015,08:17:51, Lane 1 ,Fwd,FF,,332,3,24,,2,12.18,,,,,,,,,,,,,,,,,,,,,,,,12.18,-,,,,,,,,,,,,,,,,,,,,,,,,,-,-,,,,,,,,,,,,,,,,,,,,,,,,,
,04-22-2015,08:17:53, Lane 1 ,Fwd,FF,,333,2,16,,4,9.92,14.85,1.12,,,,,,,,,,,,,,,,,,,,,,25.89,-,,,,,,,,,,,,,,,,,,,,,,,,,-,-,,,,,,,,,,,,,,,,,,,,,,,,,
,04-22-2015,08:17:56, Lane 1 ,Fwd,FF,,334,1,24,,2,3.83,,,,,,,,,,,,,,,,,,,,,,,,3.83,-,,,,,,,,,,,,,,,,,,,,,,,,,-,-,,,,,,,,,,,,,,,,,,,,,,,,,
,04-22-2015,08:18:21, Lane 1 ,Rev,FF,,335,2,24,,4,7.44,50.32,1.68,,,,,,,,,,,,,,,,,,,,,,59.44,-,,,,,,,,,,,,,,,,,,,,,,,,,-,-,,,,,,,,,,,,,,,,,,,,,,,,,
,04-22-2015,08:18:22, Lane 1 ,Fwd,FF,,336,1,24,,2,3.83,,,,,,,,,,,,,,,,,,,,,,,,3.83,-,,,,,,,,,,,,,,,,,,,,,,,,,-,-,,,,,,,,,,,,,,,,,,,,,,,,,
,04-22-2015,08:18:25, Lane 1 ,Rev,FF,,337,15,24,,>Range,,,,,,,,,,,,,,,,,,,,,,,,,0.00,-,,,,,,,,,,,,,,,,,,,,,,,,,-,-,,,,,,,,,,,,,,,,,,,,,,,,,0.000
,04-22-2015,08:18:37, Lane 1 ,Fwd,FF,,338,1,8,,2,4.95,,,,,,,,,,,,,,,,,,,,,,,,4.95,-,,,,,,,,,,,,,,,,,,,,,,,,,-,-,,,,,,,,,,,,,,,,,,,,,,,,,
,04-22-2015,08:18:42, Lane 1 ,Fwd,FF,,339,15,7,,13,1.19,8.64,1.18,38.44,0.60,0.61,8.26,1.20,34.60,1.17,7.73,1.17,,,,,,,,,,,,,104.79,-,,,,,,,,,,,,,,,,,,,,,,,,,-,-,,,,,,,,,,,,,,,,,,,,,,,,,
,04-22-2015,08:18:54, Lane 1 ,Fwd,FF,,340,15,27,,8,4.44,33.29,4.36,96.95,4.20,28.37,4.20,,,,,,,,,,,,,,,,,,175.81,-,,,,,,,,,,,,,,,,,,,,,,,,,-,-,,,,,,,,,,,,,,,,,,,,,,,,,
,04-22-2015,08:19:03, Lane 1 ,Fwd,FF,,341,2,27,,4,4.20,34.45,4.27,,,,,,,,,,,,,,,,,,,,,,42.92,-,,,,,,,,,,,,,,,,,,,,,,,,,-,-,,,,,,,,,,,,,,,,,,,,,,,,,
,04-22-2015,08:19:03, Lane 1 ,Fwd,FF,,342,9,27,,5,2.08,3.20,48.83,7.67,,,,,,,,,,,,,,,,,,,,,61.78,-,,,,,,,,,,,,,,,,,,,,,,,,,-,-,,,,,,,,,,,,,,,,,,,,,,,,,
,04-22-2015,08:19:16, Lane 1 ,Fwd,FF,,343,2,27,,4,8.63,65.33,6.87,,,,,,,,,,,,,,,,,,,,,,80.83,-,,,,,,,,,,,,,,,,,,,,,,,,,-,-,,,,,,,,,,,,,,,,,,,,,,,,,
,04-22-2015,08:19:20, Lane 1 ,Rev,FF,,344,1,27,,2,5.87,,,,,,,,,,,,,,,,,,,,,,,,5.87,-,,,,,,,,,,,,,,,,,,,,,,,,,-,-,,,,,,,,,,,,,,,,,,,,,,,,,
,04-22-2015,08:19:21, Lane 1 ,Fwd,FF,,345,9,27,,5,40.48,4.56,142.46,22.18,,,,,,,,,,,,,,,,,,,,,209.68,-,,,,,,,,,,,,,,,,,,,,,,,,,-,-,,,,,,,,,,,,,,,,,,,,,,,,,
,04-22-2015,08:19:21, Lane 1 ,Fwd,FF,,346,5,27,,2,15.91,,,,,,,,,,,,,,,,,,,,,,,,15.91,-,,,,,,,,,,,,,,,,,,,,,,,,,-,-,,,,,,,,,,,,,,,,,,,,,,,,,
,04-22-2015,08:19:35, Lane 1 ,Fwd,FF,,347,2,27,,4,12.39,50.95,11.87,,,,,,,,,,,,,,,,,,,,,,75.21,-,,,,,,,,,,,,,,,,,,,,,,,,,-,-,,,,,,,,,,,,,,,,,,,,,,,,,
,04-22-2015,08:19:39, Lane 1 ,Fwd,FF,,348,2,18,,2,8.89,,,,,,,,,,,,,,,,,,,,,,,,8.89,-,,,,,,,,,,,,,,,,,,,,,,,,,-,-,,,,,,,,,,,,,,,,,,,,,,,,,
,04-22-2015,08:19:41, Lane 1 ,Fwd,FF,,349,3,27,,2,12.31,,,,,,,,,,,,,,,,,,,,,,,,12.31,-,,,,,,,,,,,,,,,,,,,,,,,,,-,-,,,,,,,,,,,,,,,,,,,,,,,,,
,04-22-2015,08:19:44, Lane 1 ,Fwd,FF,,350,2,20,,2,8.79,,,,,,,,,,,,,,,,,,,,,,,,8.79,-,,,,,,,,,,,,,,,,,,,,,,,,,-,-,,,,,,,,,,,,,,,,,,,,,,,,,
,04-22-2015,08:19:46, Lane 1 ,Fwd,FF,,351,2,22,,2,9.75,,,,,,,,,,,,,,,,,,,,,,,,9.75,-,,,,,,,,,,,,,,,,,,,,,,,,,-,-,,,,,,,,,,,,,,,,,,,,,,,,,
,04-22-2015,08:19:50, Lane 1 ,Fwd,FF,,352,3,21,,2,11.32,,,,,,,,,,,,,,,,,,,,,,,,11.32,-,,,,,,,,,,,,,,,,,,,,,,,,,-,-,,,,,,,,,,,,,,,,,,,,,,,,,
,04-22-2015,08:19:54, Lane 1 ,Fwd,FF,,353,2,27,,4,1.44,10.87,1.44,,,,,,,,,,,,,,,,,,,,,,13.75,-,,,,,,,,,,,,,,,,,,,,,,,,,-,-,,,,,,,,,,,,,,,,,,,,,,,,,
,04-22-2015,08:19:57, Lane 1 ,Fwd,FF,,354,3,27,,2,12.35,,,,,,,,,,,,,,,,,,,,,,,,12.35,-,,,,,,,,,,,,,,,,,,,,,,,,,-,-,,,,,,,,,,,,,,,,,,,,,,,,,
,04-22-2015,08:20:00, Lane 1 ,Fwd,FF,,355,2,20,,2,8.94,,,,,,,,,,,,,,,,,,,,,,,,8.94,-,,,,,,,,,,,,,,,,,,,,,,,,,-,-,,,,,,,,,,,,,,,,,,,,,,,,,
,04-22-2015,08:20:03, Lane 1 ,Fwd,FF,,356,2,18,,2,8.83,,,,,,,,,,,,,,,,,,,,,,,,8.83,-,,,,,,,,,,,,,,,,,,,,,,,,,-,-,,,,,,,,,,,,,,,,,,,,,,,,,
,04-22-2015,08:20:07, Lane 1 ,Fwd,FF,,357,5,27,,2,14.79,,,,,,,,,,,,,,,,,,,,,,,,14.79,-,,,,,,,,,,,,,,,,,,,,,,,,,-,-,,,,,,,,,,,,,,,,,,,,,,,,,
,04-22-2015,08:20:09, Lane 1 ,Fwd,FF,,358,4,27,,2,31.61,,,,,,,,,,,,,,,,,,,,,,,,31.61,-,,,,,,,,,,,,,,,,,,,,,,,,,-,-,,,,,,,,,,,,,,,,,,,,,,,,,
,04-22-2015,08:20:14, Lane 1 ,Fwd,FF,,359,2,13,,4,1.20,7.75,1.18,,,,,,,,,,,,,,,,,,,,,,10.13,-,,,,,,,,,,,,,,,,,,,,,,,,,-,-,,,,,,,,,,,,,,,,,,,,,,,,,
,04-22-2015,08:20:17, Lane 1 ,Fwd,FF,,360,6,27,,3,19.66,2.48,,,,,,,,,,,,,,,,,,,,,,,22.14,-,,,,,,,,,,,,,,,,,,,,,,,,,-,-,,,,,,,,,,,,,,,,,,,,,,,,,
,04-22-2015,08:20:20, Lane 1 ,Fwd,FF,,361,9,27,,5,17.58,62.78,18.62,2.56,,,,,,,,,,,,,,,,,,,,,101.54,-,,,,,,,,,,,,,,,,,,,,,,,,,-,-,,,,,,,,,,,,,,,,,,,,,,,,,
,04-22-2015,08:20:25, Lane 1 ,Fwd,FF,,362,13,27,,7,22.38,33.21,6.59,6.67,68.61,22.14,,,,,,,,,,,,,,,,,,,159.60,-,,,,,,,,,,,,,,,,,,,,,,,,,-,-,,,,,,,,,,,,,,,,,,,,,,,,,
,04-22-2015,08:20:32, Lane 1 ,Fwd,FF,,363,10,27,,6,19.42,2.52,61.90,2.48,13.51,,,,,,,,,,,,,,,,,,,,99.83,-,,,,,,,,,,,,,,,,,,,,,,,,,-,-,,,,,,,,,,,,,,,,,,,,,,,,,
,04-22-2015,08:20:37, Lane 1 ,Fwd,FF,,364,13,14,,7,7.95,35.46,0.73,7.70,35.01,8.45,,,,,,,,,,,,,,,,,,,95.30,-,,,,,,,,,,,,,,,,,,,,,,,,,-,-,,,,,,,,,,,,,,,,,,,,,,,,,
,04-22-2015,08:20:45, Lane 1 ,Fwd,FF,,365,6,27,,3,19.18,2.08,,,,,,,,,,,,,,,,,,,,,,,21.26,-,,,,,,,,,,,,,,,,,,,,,,,,,-,-,,,,,,,,,,,,,,,,,,,,,,,,,
,04-22-2015,08:20:49, Lane 1 ,Fwd,FF,,366,2,16,,3,1.40,7.73,,,,,,,,,,,,,,,,,,,,,,,9.13,-,,,,,,,,,,,,,,,,,,,,,,,,,-,-,,,,,,,,,,,,,,,,,,,,,,,,,
,04-22-2015,08:20:51, Lane 1 ,Fwd,FF,,367,3,23,,2,11.36,,,,,,,,,,,,,,,,,,,,,,,,11.36,-,,,,,,,,,,,,,,,,,,,,,,,,,-,-,,,,,,,,,,,,,,,,,,,,,,,,,
,04-22-2015,08:20:53, Lane 1 ,Fwd,FF,,368,3,21,,2,10.73,,,,,,,,,,,,,,,,,,,,,,,,10.73,-,,,,,,,,,,,,,,,,,,,,,,,,,-,-,,,,,,,,,,,,,,,,,,,,,,,,,
,04-22-2015,08:20:56, Lane 1 ,Fwd,FF,,369,2,23,,2,8.69,,,,,,,,,,,,,,,,,,,,,,,,8.69,-,,,,,,,,,,,,,,,,,,,,,,,,,-,-,,,,,,,,,,,,,,,,,,,,,,,,,
,04-22-2015,08:20:58, Lane 1 ,Fwd,FF,,370,2,22,,2,8.50,,,,,,,,,,,,,,,,,,,,,,,,8.50,-,,,,,,,,,,,,,,,,,,,,,,,,,-,-,,,,,,,,,,,,,,,,,,,,,,,,,
,04-22-2015,08:21:01, Lane 1 ,Fwd,FF,,371,2,21,,4,8.46,31.84,8.49,,,,,,,,,,,,,,,,,,,,,,48.79,-,,,,,,,,,,,,,,,,,,,,,,,,,-,-,,,,,,,,,,,,,,,,,,,,,,,,,
,04-22-2015,08:21:05, Lane 1 ,Fwd,FF,,372,2,22,,2,8.66,,,,,,,,,,,,,,,,,,,,,,,,8.66,-,,,,,,,,,,,,,,,,,,,,,,,,,-,-,,,,,,,,,,,,,,,,,,,,,,,,,
,04-22-2015,08:21:07, Lane 1 ,Fwd,FF,,373,2,23,,2,8.78,,,,,,,,,,,,,,,,,,,,,,,,8.78,-,,,,,,,,,,,,,,,,,,,,,,,,,-,-,,,,,,,,,,,,,,,,,,,,,,,,,
,04-22-2015,08:21:08, Lane 1 ,Fwd,FF,,374,2,23,,4,10.49,27.87,8.94,,,,,,,,,,,,,,,,,,,,,,47.30,-,,,,,,,,,,,,,,,,,,,,,,,,,-,-,,,,,,,,,,,,,,,,,,,,,,,,,
,04-22-2015,08:21:17, Lane 1 ,Fwd,FF,,375,3,31,,2,11.46,,,,,,,,,,,,,,,,,,,,,,,,11.46,-,,,,,,,,,,,,,,,,,,,,,,,,,-,-,,,,,,,,,,,,,,,,,,,,,,,,,
,04-22-2015,08:21:19, Lane 1 ,Fwd,FF,,376,3,33,,2,11.91,,,,,,,,,,,,,,,,,,,,,,,,11.91,-,,,,,,,,,,,,,,,,,,,,,,,,,-,-,,,,,,,,,,,,,,,,,,,,,,,,,
,04-22-2015,08:21:25, Lane 1 ,Fwd,FF,,377,2,33,,2,8.41,,,,,,,,,,,,,,,,,,,,,,,,8.41,-,,,,,,,,,,,,,,,,,,,,,,,,,-,-,,,,,,,,,,,,,,,,,,,,,,,,,
,04-22-2015,08:21:30, Lane 1 ,Fwd,FF,,378,2,30,,2,8.72,,,,,,,,,,,,,,,,,,,,,,,,8.72,-,,,,,,,,,,,,,,,,,,,,,,,,,-,-,,,,,,,,,,,,,,,,,,,,,,,,,
,04-22-2015,08:21:32, Lane 1 ,Fwd,FF,,379,3,29,,2,10.56,,,,,,,,,,,,,,,,,,,,,,,,10.56,-,,,,,,,,,,,,,,,,,,,,,,,,,-,-,,,,,,,,,,,,,,,,,,,,,,,,,
,04-22-2015,08:21:34, Lane 1 ,Fwd,FF,,380,2,31,,2,8.96,,,,,,,,,,,,,,,,,,,,,,,,8.96,-,,,,,,,,,,,,,,,,,,,,,,,,,-,-,,,,,,,,,,,,,,,,,,,,,,,,,
,04-22-2015,08:21:39, Lane 1 ,Fwd,FF,,381,5,29,,2,13.64,,,,,,,,,,,,,,,,,,,,,,,,13.64,-,,,,,,,,,,,,,,,,,,,,,,,,,-,-,,,,,,,,,,,,,,,,,,,,,,,,,
,04-22-2015,08:21:41, Lane 1 ,Fwd,FF,,382,2,28,,2,8.40,,,,,,,,,,,,,,,,,,,,,,,,8.40,-,,,,,,,,,,,,,,,,,,,,,,,,,-,-,,,,,,,,,,,,,,,,,,,,,,,,,
,04-22-2015,08:21:44, Lane 1 ,Fwd,FF,,383,2,24,,2,9.67,,,,,,,,,,,,,,,,,,,,,,,,9.67,-,,,,,,,,,,,,,,,,,,,,,,,,,-,-,,,,,,,,,,,,,,,,,,,,,,,,,
,04-22-2015,08:21:47, Lane 1 ,Fwd,FF,,384,2,26,,2,8.76,,,,,,,,,,,,,,,,,,,,,,,,8.76,-,,,,,,,,,,,,,,,,,,,,,,,,,-,-,,,,,,,,,,,,,,,,,,,,,,,,,
,04-22-2015,08:21:49, Lane 1 ,Fwd,FF,,385,3,26,,2,11.85,,,,,,,,,,,,,,,,,,,,,,,,11.85,-,,,,,,,,,,,,,,,,,,,,,,,,,-,-,,,,,,,,,,,,,,,,,,,,,,,,,
,04-22-2015,08:21:51, Lane 1 ,Fwd,FF,,386,2,26,,3,9.44,12.81,,,,,,,,,,,,,,,,,,,,,,,22.25,-,,,,,,,,,,,,,,,,,,,,,,,,,-,-,,,,,,,,,,,,,,,,,,,,,,,,,
,04-22-2015,08:21:56, Lane 1 ,Fwd,FF,,387,2,27,,2,8.68,,,,,,,,,,,,,,,,,,,,,,,,8.68,-,,,,,,,,,,,,,,,,,,,,,,,,,-,-,,,,,,,,,,,,,,,,,,,,,,,,,
,04-22-2015,08:21:59, Lane 1 ,Fwd,FF,,388,2,28,,2,9.70,,,,,,,,,,,,,,,,,,,,,,,,9.70,-,,,,,,,,,,,,,,,,,,,,,,,,,-,-,,,,,,,,,,,,,,,,,,,,,,,,,
,04-22-2015,08:22:01, Lane 1 ,Fwd,FF,,389,2,27,,2,8.41,,,,,,,,,,,,,,,,,,,,,,,,8.41,-,,,,,,,,,,,,,,,,,,,,,,,,,-,-,,,,,,,,,,,,,,,,,,,,,,,,,
,04-22-2015,08:22:03, Lane 1 ,Fwd,FF,,390,2,29,,2,9.02,,,,,,,,,,,,,,,,,,,,,,,,9.02,-,,,,,,,,,,,,,,,,,,,,,,,,,-,-,,,,,,,,,,,,,,,,,,,,,,,,,
,04-22-2015,08:22:06, Lane 1 ,Fwd,FF,,391,3,31,,2,11.68,,,,,,,,,,,,,,,,,,,,,,,,11.68,-,,,,,,,,,,,,,,,,,,,,,,,,,-,-,,,,,,,,,,,,,,,,,,,,,,,,,
,04-22-2015,08:22:08, Lane 1 ,Fwd,FF,,392,2,31,,2,8.10,,,,,,,,,,,,,,,,,,,,,,,,8.10,-,,,,,,,,,,,,,,,,,,,,,,,,,-,-,,,,,,,,,,,,,,,,,,,,,,,,,
,04-22-2015,08:22:10, Lane 1 ,Fwd,FF,,393,2,30,,2,9.32,,,,,,,,,,,,,,,,,,,,,,,,9.32,-,,,,,,,,,,,,,,,,,,,,,,,,,-,-,,,,,,,,,,,,,,,,,,,,,,,,,
,04-22-2015,08:22:12, Lane 1 ,Fwd,FF,,394,2,33,,2,8.77,,,,,,,,,,,,,,,,,,,,,,,,8.77,-,,,,,,,,,,,,,,,,,,,,,,,,,-,-,,,,,,,,,,,,,,,,,,,,,,,,,
,04-22-2015,08:22:14, Lane 1 ,Fwd,FF,,395,2,35,,2,8.44,,,,,,,,,,,,,,,,,,,,,,,,8.44,-,,,,,,,,,,,,,,,,,,,,,,,,,-,-,,,,,,,,,,,,,,,,,,,,,,,,,
,04-22-2015,08:22:17, Lane 1 ,Fwd,FF,,396,2,32,,2,9.17,,,,,,,,,,,,,,,,,,,,,,,,9.17,-,,,,,,,,,,,,,,,,,,,,,,,,,-,-,,,,,,,,,,,,,,,,,,,,,,,,,
,04-22-2015,08:22:21, Lane 1 ,Fwd,FF,,397,2,32,,2,7.49,,,,,,,,,,,,,,,,,,,,,,,,7.49,-,,,,,,,,,,,,,,,,,,,,,,,,,-,-,,,,,,,,,,,,,,,,,,,,,,,,,
,04-22-2015,08:22:23, Lane 1 ,Fwd,FF,,398,2,32,,2,9.91,,,,,,,,,,,,,,,,,,,,,,,,9.91,-,,,,,,,,,,,,,,,,,,,,,,,,,-,-,,,,,,,,,,,,,,,,,,,,,,,,,
,04-22-2015,08:22:26, Lane 1 ,Fwd,FF,,399,2,32,,2,7.51,,,,,,,,,,,,,,,,,,,,,,,,7.51,-,,,,,,,,,,,,,,,,,,,,,,,,,-,-,,,,,,,,,,,,,,,,,,,,,,,,,
,04-22-2015,08:22:28, Lane 1 ,Fwd,FF,,400,2,33,,2,9.04,,,,,,,,,,,,,,,,,,,,,,,,9.04,-,,,,,,,,,,,,,,,,,,,,,,,,,-,-,,,,,,,,,,,,,,,,,,,,,,,,,
,04-22-2015,08:22:30, Lane 1 ,Fwd,FF,,401,2,34,,2,8.74,,,,,,,,,,,,,,,,,,,,,,,,8.74,-,,,,,,,,,,,,,,,,,,,,,,,,,-,-,,,,,,,,,,,,,,,,,,,,,,,,,
,04-22-2015,08:22:31, Lane 1 ,Fwd,FF,,402,2,35,,2,9.11,,,,,,,,,,,,,,,,,,,,,,,,9.11,-,,,,,,,,,,,,,,,,,,,,,,,,,-,-,,,,,,,,,,,,,,,,,,,,,,,,,
,04-22-2015,08:22:34, Lane 1 ,Fwd,FF,,403,2,33,,2,8.45,,,,,,,,,,,,,,,,,,,,,,,,8.45,-,,,,,,,,,,,,,,,,,,,,,,,,,-,-,,,,,,,,,,,,,,,,,,,,,,,,,
,04-22-2015,08:22:36, Lane 1 ,Fwd,FF,,404,2,35,,2,9.55,,,,,,,,,,,,,,,,,,,,,,,,9.55,-,,,,,,,,,,,,,,,,,,,,,,,,,-,-,,,,,,,,,,,,,,,,,,,,,,,,,
,04-22-2015,08:22:38, Lane 1 ,Fwd,FF,,405,2,36,,2,8.75,,,,,,,,,,,,,,,,,,,,,,,,8.75,-,,,,,,,,,,,,,,,,,,,,,,,,,-,-,,,,,,,,,,,,,,,,,,,,,,,,,
,04-22-2015,08:22:40, Lane 1 ,Fwd,FF,,406,2,35,,2,8.74,,,,,,,,,,,,,,,,,,,,,,,,8.74,-,,,,,,,,,,,,,,,,,,,,,,,,,-,-,,,,,,,,,,,,,,,,,,,,,,,,,
,04-22-2015,08:22:43, Lane 1 ,Fwd,FF,,407,2,35,,2,8.81,,,,,,,,,,,,,,,,,,,,,,,,8.81,-,,,,,,,,,,,,,,,,,,,,,,,,,-,-,,,,,,,,,,,,,,,,,,,,,,,,,
,04-22-2015,08:22:45, Lane 1 ,Fwd,FF,,408,2,35,,2,8.27,,,,,,,,,,,,,,,,,,,,,,,,8.27,-,,,,,,,,,,,,,,,,,,,,,,,,,-,-,,,,,,,,,,,,,,,,,,,,,,,,,
,04-22-2015,08:22:47, Lane 1 ,Fwd,FF,,409,2,34,,2,8.69,,,,,,,,,,,,,,,,,,,,,,,,8.69,-,,,,,,,,,,,,,,,,,,,,,,,,,-,-,,,,,,,,,,,,,,,,,,,,,,,,,
,04-22-2015,08:22:49, Lane 1 ,Fwd,FF,,410,2,33,,2,8.51,,,,,,,,,,,,,,,,,,,,,,,,8.51,-,,,,,,,,,,,,,,,,,,,,,,,,,-,-,,,,,,,,,,,,,,,,,,,,,,,,,
,04-22-2015,08:22:51, Lane 1 ,Fwd,FF,,411,2,32,,2,8.44,,,,,,,,,,,,,,,,,,,,,,,,8.44,-,,,,,,,,,,,,,,,,,,,,,,,,,-,-,,,,,,,,,,,,,,,,,,,,,,,,,
,04-22-2015,08:22:54, Lane 1 ,Fwd,FF,,412,2,27,,2,9.39,,,,,,,,,,,,,,,,,,,,,,,,9.39,-,,,,,,,,,,,,,,,,,,,,,,,,,-,-,,,,,,,,,,,,,,,,,,,,,,,,,
,04-22-2015,08:22:56, Lane 1 ,Fwd,FF,,413,4,29,,2,20.63,,,,,,,,,,,,,,,,,,,,,,,,20.63,-,,,,,,,,,,,,,,,,,,,,,,,,,-,-,,,,,,,,,,,,,,,,,,,,,,,,,
,04-22-2015,08:22:58, Lane 1 ,Fwd,FF,,414,3,30,,2,11.78,,,,,,,,,,,,,,,,,,,,,,,,11.78,-,,,,,,,,,,,,,,,,,,,,,,,,,-,-,,,,,,,,,,,,,,,,,,,,,,,,,
,04-22-2015,08:23:00, Lane 1 ,Fwd,FF,,415,3,33,,2,10.61,,,,,,,,,,,,,,,,,,,,,,,,10.61,-,,,,,,,,,,,,,,,,,,,,,,,,,-,-,,,,,,,,,,,,,,,,,,,,,,,,,
,04-22-2015,08:23:02, Lane 1 ,Fwd,FF,,416,2,30,,2,8.95,,,,,,,,,,,,,,,,,,,,,,,,8.95,-,,,,,,,,,,,,,,,,,,,,,,,,,-,-,,,,,,,,,,,,,,,,,,,,,,,,,
,04-22-2015,08:23:04, Lane 1 ,Fwd,FF,,417,2,30,,2,8.48,,,,,,,,,,,,,,,,,,,,,,,,8.48,-,,,,,,,,,,,,,,,,,,,,,,,,,-,-,,,,,,,,,,,,,,,,,,,,,,,,,
,04-22-2015,08:23:05, Lane 1 ,Fwd,FF,,418,8,30,,3,12.65,21.09,,,,,,,,,,,,,,,,,,,,,,,33.74,-,,,,,,,,,,,,,,,,,,,,,,,,,-,-,,,,,,,,,,,,,,,,,,,,,,,,,
,04-22-2015,08:23:07, Lane 1 ,Fwd,FF,,419,2,30,,2,8.58,,,,,,,,,,,,,,,,,,,,,,,,8.58,-,,,,,,,,,,,,,,,,,,,,,,,,,-,-,,,,,,,,,,,,,,,,,,,,,,,,,
,04-22-2015,08:23:10, Lane 1 ,Fwd,FF,,420,3,31,,2,11.33,,,,,,,,,,,,,,,,,,,,,,,,11.33,-,,,,,,,,,,,,,,,,,,,,,,,,,-,-,,,,,,,,,,,,,,,,,,,,,,,,,
,04-22-2015,08:23:13, Lane 1 ,Fwd,FF,,421,2,31,,2,8.18,,,,,,,,,,,,,,,,,,,,,,,,8.18,-,,,,,,,,,,,,,,,,,,,,,,,,,-,-,,,,,,,,,,,,,,,,,,,,,,,,,
,04-22-2015,08:23:16, Lane 1 ,Fwd,FF,,422,2,30,,2,8.71,,,,,,,,,,,,,,,,,,,,,,,,8.71,-,,,,,,,,,,,,,,,,,,,,,,,,,-,-,,,,,,,,,,,,,,,,,,,,,,,,,
,04-22-2015,08:23:18, Lane 1 ,Fwd,FF,,423,2,29,,2,8.55,,,,,,,,,,,,,,,,,,,,,,,,8.55,-,,,,,,,,,,,,,,,,,,,,,,,,,-,-,,,,,,,,,,,,,,,,,,,,,,,,,
,04-22-2015,08:23:20, Lane 1 ,Fwd,FF,,424,2,27,,2,8.00,,,,,,,,,,,,,,,,,,,,,,,,8.00,-,,,,,,,,,,,,,,,,,,,,,,,,,-,-,,,,,,,,,,,,,,,,,,,,,,,,,
,04-22-2015,08:23:22, Lane 1 ,Fwd,FF,,425,3,27,,2,10.29,,,,,,,,,,,,,,,,,,,,,,,,10.29,-,,,,,,,,,,,,,,,,,,,,,,,,,-,-,,,,,,,,,,,,,,,,,,,,,,,,,
,04-22-2015,08:23:23, Lane 1 ,Fwd,FF,,426,2,28,,2,9.04,,,,,,,,,,,,,,,,,,,,,,,,9.04,-,,,,,,,,,,,,,,,,,,,,,,,,,-,-,,,,,,,,,,,,,,,,,,,,,,,,,
,04-22-2015,08:23:25, Lane 1 ,Fwd,FF,,427,2,28,,2,8.44,,,,,,,,,,,,,,,,,,,,,,,,8.44,-,,,,,,,,,,,,,,,,,,,,,,,,,-,-,,,,,,,,,,,,,,,,,,,,,,,,,
,04-22-2015,08:23:27, Lane 1 ,Fwd,FF,,428,2,28,,2,8.89,,,,,,,,,,,,,,,,,,,,,,,,8.89,-,,,,,,,,,,,,,,,,,,,,,,,,,-,-,,,,,,,,,,,,,,,,,,,,,,,,,
,04-22-2015,08:23:28, Lane 1 ,Fwd,FF,,429,2,29,,2,9.35,,,,,,,,,,,,,,,,,,,,,,,,9.35,-,,,,,,,,,,,,,,,,,,,,,,,,,-,-,,,,,,,,,,,,,,,,,,,,,,,,,
,04-22-2015,08:23:30, Lane 1 ,Fwd,FF,,430,2,33,,2,8.76,,,,,,,,,,,,,,,,,,,,,,,,8.76,-,,,,,,,,,,,,,,,,,,,,,,,,,-,-,,,,,,,,,,,,,,,,,,,,,,,,,
,04-22-2015,08:23:33, Lane 1 ,Fwd,FF,,431,2,33,,2,9.75,,,,,,,,,,,,,,,,,,,,,,,,9.75,-,,,,,,,,,,,,,,,,,,,,,,,,,-,-,,,,,,,,,,,,,,,,,,,,,,,,,
,04-22-2015,08:23:36, Lane 1 ,Fwd,FF,,432,2,34,,2,8.23,,,,,,,,,,,,,,,,,,,,,,,,8.23,-,,,,,,,,,,,,,,,,,,,,,,,,,-,-,,,,,,,,,,,,,,,,,,,,,,,,,
,04-22-2015,08:23:38, Lane 1 ,Fwd,FF,,433,2,32,,2,8.70,,,,,,,,,,,,,,,,,,,,,,,,8.70,-,,,,,,,,,,,,,,,,,,,,,,,,,-,-,,,,,,,,,,,,,,,,,,,,,,,,,
,04-22-2015,08:23:41, Lane 1 ,Fwd,FF,,434,2,31,,2,8.48,,,,,,,,,,,,,,,,,,,,,,,,8.48,-,,,,,,,,,,,,,,,,,,,,,,,,,-,-,,,,,,,,,,,,,,,,,,,,,,,,,
,04-22-2015,08:23:43, Lane 1 ,Fwd,FF,,435,2,30,,2,8.67,,,,,,,,,,,,,,,,,,,,,,,,8.67,-,,,,,,,,,,,,,,,,,,,,,,,,,-,-,,,,,,,,,,,,,,,,,,,,,,,,,
,04-22-2015,08:23:44, Lane 1 ,Fwd,FF,,436,2,30,,2,8.97,,,,,,,,,,,,,,,,,,,,,,,,8.97,-,,,,,,,,,,,,,,,,,,,,,,,,,-,-,,,,,,,,,,,,,,,,,,,,,,,,,
,04-22-2015,08:23:46, Lane 1 ,Fwd,FF,,437,2,27,,2,9.88,,,,,,,,,,,,,,,,,,,,,,,,9.88,-,,,,,,,,,,,,,,,,,,,,,,,,,-,-,,,,,,,,,,,,,,,,,,,,,,,,,
,04-22-2015,08:23:48, Lane 1 ,Fwd,FF,,438,2,28,,2,8.36,,,,,,,,,,,,,,,,,,,,,,,,8.36,-,,,,,,,,,,,,,,,,,,,,,,,,,-,-,,,,,,,,,,,,,,,,,,,,,,,,,
,04-22-2015,08:23:52, Lane 1 ,Fwd,FF,,439,2,29,,2,9.21,,,,,,,,,,,,,,,,,,,,,,,,9.21,-,,,,,,,,,,,,,,,,,,,,,,,,,-,-,,,,,,,,,,,,,,,,,,,,,,,,,
,04-22-2015,08:23:54, Lane 1 ,Fwd,FF,,440,2,31,,2,8.59,,,,,,,,,,,,,,,,,,,,,,,,8.59,-,,,,,,,,,,,,,,,,,,,,,,,,,-,-,,,,,,,,,,,,,,,,,,,,,,,,,
,04-22-2015,08:23:58, Lane 1 ,Fwd,FF,,441,2,34,,2,9.03,,,,,,,,,,,,,,,,,,,,,,,,9.03,-,,,,,,,,,,,,,,,,,,,,,,,,,-,-,,,,,,,,,,,,,,,,,,,,,,,,,
,04-22-2015,08:24:00, Lane 1 ,Fwd,FF,,442,2,33,,2,8.71,,,,,,,,,,,,,,,,,,,,,,,,8.71,-,,,,,,,,,,,,,,,,,,,,,,,,,-,-,,,,,,,,,,,,,,,,,,,,,,,,,
,04-22-2015,08:24:01, Lane 1 ,Fwd,FF,,443,2,33,,2,9.38,,,,,,,,,,,,,,,,,,,,,,,,9.38,-,,,,,,,,,,,,,,,,,,,,,,,,,-,-,,,,,,,,,,,,,,,,,,,,,,,,,
,04-22-2015,08:24:05, Lane 1 ,Fwd,FF,,444,2,35,,2,8.28,,,,,,,,,,,,,,,,,,,,,,,,8.28,-,,,,,,,,,,,,,,,,,,,,,,,,,-,-,,,,,,,,,,,,,,,,,,,,,,,,,
,04-22-2015,08:24:09, Lane 1 ,Fwd,FF,,445,2,37,,2,8.36,,,,,,,,,,,,,,,,,,,,,,,,8.36,-,,,,,,,,,,,,,,,,,,,,,,,,,-,-,,,,,,,,,,,,,,,,,,,,,,,,,
,04-22-2015,08:24:11, Lane 1 ,Fwd,FF,,446,2,38,,2,8.43,,,,,,,,,,,,,,,,,,,,,,,,8.43,-,,,,,,,,,,,,,,,,,,,,,,,,,-,-,,,,,,,,,,,,,,,,,,,,,,,,,
,04-22-2015,08:24:13, Lane 1 ,Fwd,FF,,447,2,41,,2,8.60,,,,,,,,,,,,,,,,,,,,,,,,8.60,-,,,,,,,,,,,,,,,,,,,,,,,,,-,-,,,,,,,,,,,,,,,,,,,,,,,,,
,04-22-2015,08:24:15, Lane 1 ,Fwd,FF,,448,2,41,,2,8.96,,,,,,,,,,,,,,,,,,,,,,,,8.96,-,,,,,,,,,,,,,,,,,,,,,,,,,-,-,,,,,,,,,,,,,,,,,,,,,,,,,
,04-22-2015,08:24:18, Lane 1 ,Fwd,FF,,449,2,40,,2,8.46,,,,,,,,,,,,,,,,,,,,,,,,8.46,-,,,,,,,,,,,,,,,,,,,,,,,,,-,-,,,,,,,,,,,,,,,,,,,,,,,,,
,04-22-2015,08:24:20, Lane 1 ,Fwd,FF,,450,2,34,,2,8.77,,,,,,,,,,,,,,,,,,,,,,,,8.77,-,,,,,,,,,,,,,,,,,,,,,,,,,-,-,,,,,,,,,,,,,,,,,,,,,,,,,
,04-22-2015,08:24:22, Lane 1 ,Fwd,FF,,451,2,35,,2,8.95,,,,,,,,,,,,,,,,,,,,,,,,8.95,-,,,,,,,,,,,,,,,,,,,,,,,,,-,-,,,,,,,,,,,,,,,,,,,,,,,,,
,04-22-2015,08:24:25, Lane 1 ,Fwd,FF,,452,2,41,,2,9.70,,,,,,,,,,,,,,,,,,,,,,,,9.70,-,,,,,,,,,,,,,,,,,,,,,,,,,-,-,,,,,,,,,,,,,,,,,,,,,,,,,
,04-22-2015,08:24:29, Lane 1 ,Fwd,FF,,453,2,45,,2,8.79,,,,,,,,,,,,,,,,,,,,,,,,8.79,-,,,,,,,,,,,,,,,,,,,,,,,,,-,-,,,,,,,,,,,,,,,,,,,,,,,,,
,04-22-2015,08:24:33, Lane 1 ,Fwd,FF,,454,2,46,,2,9.33,,,,,,,,,,,,,,,,,,,,,,,,9.33,-,,,,,,,,,,,,,,,,,,,,,,,,,-,-,,,,,,,,,,,,,,,,,,,,,,,,,
,04-22-2015,08:24:37, Lane 1 ,Fwd,FF,,455,2,43,,2,9.71,,,,,,,,,,,,,,,,,,,,,,,,9.71,-,,,,,,,,,,,,,,,,,,,,,,,,,-,-,,,,,,,,,,,,,,,,,,,,,,,,,
,04-22-2015,08:24:39, Lane 1 ,Fwd,FF,,456,2,45,,2,8.95,,,,,,,,,,,,,,,,,,,,,,,,8.95,-,,,,,,,,,,,,,,,,,,,,,,,,,-,-,,,,,,,,,,,,,,,,,,,,,,,,,
,04-22-2015,08:24:43, Lane 1 ,Fwd,FF,,457,2,42,,2,8.99,,,,,,,,,,,,,,,,,,,,,,,,8.99,-,,,,,,,,,,,,,,,,,,,,,,,,,-,-,,,,,,,,,,,,,,,,,,,,,,,,,
,04-22-2015,08:24:45, Lane 1 ,Fwd,FF,,458,2,43,,2,8.38,,,,,,,,,,,,,,,,,,,,,,,,8.38,-,,,,,,,,,,,,,,,,,,,,,,,,,-,-,,,,,,,,,,,,,,,,,,,,,,,,,
,04-22-2015,08:24:47, Lane 1 ,Fwd,FF,,459,2,39,,2,8.96,,,,,,,,,,,,,,,,,,,,,,,,8.96,-,,,,,,,,,,,,,,,,,,,,,,,,,-,-,,,,,,,,,,,,,,,,,,,,,,,,,
,04-22-2015,08:24:50, Lane 1 ,Fwd,FF,,460,2,38,,2,8.11,,,,,,,,,,,,,,,,,,,,,,,,8.11,-,,,,,,,,,,,,,,,,,,,,,,,,,-,-,,,,,,,,,,,,,,,,,,,,,,,,,
,04-22-2015,08:24:51, Lane 1 ,Fwd,FF,,461,1,40,,2,4.35,,,,,,,,,,,,,,,,,,,,,,,,4.35,-,,,,,,,,,,,,,,,,,,,,,,,,,-,-,,,,,,,,,,,,,,,,,,,,,,,,,
,04-22-2015,08:24:53, Lane 1 ,Fwd,FF,,462,2,36,,2,8.76,,,,,,,,,,,,,,,,,,,,,,,,8.76,-,,,,,,,,,,,,,,,,,,,,,,,,,-,-,,,,,,,,,,,,,,,,,,,,,,,,,
,04-22-2015,08:24:55, Lane 1 ,Fwd,FF,,463,2,35,,2,8.94,,,,,,,,,,,,,,,,,,,,,,,,8.94,-,,,,,,,,,,,,,,,,,,,,,,,,,-,-,,,,,,,,,,,,,,,,,,,,,,,,,
,04-22-2015,08:24:58, Lane 1 ,Fwd,FF,,464,2,34,,2,8.92,,,,,,,,,,,,,,,,,,,,,,,,8.92,-,,,,,,,,,,,,,,,,,,,,,,,,,-,-,,,,,,,,,,,,,,,,,,,,,,,,,
,04-22-2015,08:25:00, Lane 1 ,Fwd,FF,,465,3,33,,2,11.27,,,,,,,,,,,,,,,,,,,,,,,,11.27,-,,,,,,,,,,,,,,,,,,,,,,,,,-,-,,,,,,,,,,,,,,,,,,,,,,,,,
,04-22-2015,08:25:03, Lane 1 ,Fwd,FF,,466,2,34,,2,8.99,,,,,,,,,,,,,,,,,,,,,,,,8.99,-,,,,,,,,,,,,,,,,,,,,,,,,,-,-,,,,,,,,,,,,,,,,,,,,,,,,,
,04-22-2015,08:25:06, Lane 1 ,Fwd,FF,,467,2,36,,2,9.03,,,,,,,,,,,,,,,,,,,,,,,,9.03,-,,,,,,,,,,,,,,,,,,,,,,,,,-,-,,,,,,,,,,,,,,,,,,,,,,,,,
,04-22-2015,08:25:09, Lane 1 ,Fwd,FF,,468,3,33,,3,11.13,16.62,,,,,,,,,,,,,,,,,,,,,,,27.75,-,,,,,,,,,,,,,,,,,,,,,,,,,-,-,,,,,,,,,,,,,,,,,,,,,,,,,
,04-22-2015,08:25:13, Lane 1 ,Fwd,FF,,469,3,33,,4,12.15,12.68,2.66,,,,,,,,,,,,,,,,,,,,,,27.49,-,,,,,,,,,,,,,,,,,,,,,,,,,-,-,,,,,,,,,,,,,,,,,,,,,,,,,
,04-22-2015,08:25:16, Lane 1 ,Fwd,FF,,470,2,34,,2,8.51,,,,,,,,,,,,,,,,,,,,,,,,8.51,-,,,,,,,,,,,,,,,,,,,,,,,,,-,-,,,,,,,,,,,,,,,,,,,,,,,,,
,04-22-2015,08:25:19, Lane 1 ,Fwd,FF,,471,2,33,,2,8.77,,,,,,,,,,,,,,,,,,,,,,,,8.77,-,,,,,,,,,,,,,,,,,,,,,,,,,-,-,,,,,,,,,,,,,,,,,,,,,,,,,
,04-22-2015,08:25:21, Lane 1 ,Fwd,FF,,472,2,33,,2,9.12,,,,,,,,,,,,,,,,,,,,,,,,9.12,-,,,,,,,,,,,,,,,,,,,,,,,,,-,-,,,,,,,,,,,,,,,,,,,,,,,,,
,04-22-2015,08:25:24, Lane 1 ,Fwd,FF,,473,3,32,,2,12.81,,,,,,,,,,,,,,,,,,,,,,,,12.81,-,,,,,,,,,,,,,,,,,,,,,,,,,-,-,,,,,,,,,,,,,,,,,,,,,,,,,
,04-22-2015,08:25:26, Lane 1 ,Fwd,FF,,474,2,32,,2,8.70,,,,,,,,,,,,,,,,,,,,,,,,8.70,-,,,,,,,,,,,,,,,,,,,,,,,,,-,-,,,,,,,,,,,,,,,,,,,,,,,,,
,04-22-2015,08:25:27, Lane 1 ,Fwd,FF,,475,2,31,,2,8.70,,,,,,,,,,,,,,,,,,,,,,,,8.70,-,,,,,,,,,,,,,,,,,,,,,,,,,-,-,,,,,,,,,,,,,,,,,,,,,,,,,
,04-22-2015,08:25:29, Lane 1 ,Fwd,FF,,476,2,34,,2,9.33,,,,,,,,,,,,,,,,,,,,,,,,9.33,-,,,,,,,,,,,,,,,,,,,,,,,,,-,-,,,,,,,,,,,,,,,,,,,,,,,,,
,04-22-2015,08:25:30, Lane 1 ,Fwd,FF,,477,2,32,,2,8.54,,,,,,,,,,,,,,,,,,,,,,,,8.54,-,,,,,,,,,,,,,,,,,,,,,,,,,-,-,,,,,,,,,,,,,,,,,,,,,,,,,
,04-22-2015,08:25:32, Lane 1 ,Fwd,FF,,478,2,32,,2,8.18,,,,,,,,,,,,,,,,,,,,,,,,8.18,-,,,,,,,,,,,,,,,,,,,,,,,,,-,-,,,,,,,,,,,,,,,,,,,,,,,,,
,04-22-2015,08:25:34, Lane 1 ,Fwd,FF,,479,2,34,,2,9.00,,,,,,,,,,,,,,,,,,,,,,,,9.00,-,,,,,,,,,,,,,,,,,,,,,,,,,-,-,,,,,,,,,,,,,,,,,,,,,,,,,
,04-22-2015,08:25:38, Lane 1 ,Fwd,FF,,480,2,35,,2,8.70,,,,,,,,,,,,,,,,,,,,,,,,8.70,-,,,,,,,,,,,,,,,,,,,,,,,,,-,-,,,,,,,,,,,,,,,,,,,,,,,,,
,04-22-2015,08:25:44, Lane 1 ,Fwd,FF,,481,2,33,,2,9.07,,,,,,,,,,,,,,,,,,,,,,,,9.07,-,,,,,,,,,,,,,,,,,,,,,,,,,-,-,,,,,,,,,,,,,,,,,,,,,,,,,
,04-22-2015,08:25:47, Lane 1 ,Fwd,FF,,482,2,31,,2,8.38,,,,,,,,,,,,,,,,,,,,,,,,8.38,-,,,,,,,,,,,,,,,,,,,,,,,,,-,-,,,,,,,,,,,,,,,,,,,,,,,,,
,04-22-2015,08:25:49, Lane 1 ,Fwd,FF,,483,2,31,,2,8.60,,,,,,,,,,,,,,,,,,,,,,,,8.60,-,,,,,,,,,,,,,,,,,,,,,,,,,-,-,,,,,,,,,,,,,,,,,,,,,,,,,
,04-22-2015,08:25:52, Lane 1 ,Fwd,FF,,484,2,33,,2,8.98,,,,,,,,,,,,,,,,,,,,,,,,8.98,-,,,,,,,,,,,,,,,,,,,,,,,,,-,-,,,,,,,,,,,,,,,,,,,,,,,,,
,04-22-2015,08:25:54, Lane 1 ,Fwd,FF,,485,3,34,,2,11.46,,,,,,,,,,,,,,,,,,,,,,,,11.46,-,,,,,,,,,,,,,,,,,,,,,,,,,-,-,,,,,,,,,,,,,,,,,,,,,,,,,
,04-22-2015,08:25:56, Lane 1 ,Fwd,FF,,486,2,35,,2,9.17,,,,,,,,,,,,,,,,,,,,,,,,9.17,-,,,,,,,,,,,,,,,,,,,,,,,,,-,-,,,,,,,,,,,,,,,,,,,,,,,,,
,04-22-2015,08:25:58, Lane 1 ,Fwd,FF,,487,2,36,,2,8.70,,,,,,,,,,,,,,,,,,,,,,,,8.70,-,,,,,,,,,,,,,,,,,,,,,,,,,-,-,,,,,,,,,,,,,,,,,,,,,,,,,
,04-22-2015,08:26:01, Lane 1 ,Fwd,FF,,488,2,38,,2,9.28,,,,,,,,,,,,,,,,,,,,,,,,9.28,-,,,,,,,,,,,,,,,,,,,,,,,,,-,-,,,,,,,,,,,,,,,,,,,,,,,,,
,04-22-2015,08:26:04, Lane 1 ,Fwd,FF,,489,3,35,,2,12.56,,,,,,,,,,,,,,,,,,,,,,,,12.56,-,,,,,,,,,,,,,,,,,,,,,,,,,-,-,,,,,,,,,,,,,,,,,,,,,,,,,
,04-22-2015,08:26:06, Lane 1 ,Fwd,FF,,490,2,36,,2,9.32,,,,,,,,,,,,,,,,,,,,,,,,9.32,-,,,,,,,,,,,,,,,,,,,,,,,,,-,-,,,,,,,,,,,,,,,,,,,,,,,,,
,04-22-2015,08:26:09, Lane 1 ,Fwd,FF,,491,2,33,,2,9.16,,,,,,,,,,,,,,,,,,,,,,,,9.16,-,,,,,,,,,,,,,,,,,,,,,,,,,-,-,,,,,,,,,,,,,,,,,,,,,,,,,
,04-22-2015,08:26:11, Lane 1 ,Fwd,FF,,492,2,37,,2,9.00,,,,,,,,,,,,,,,,,,,,,,,,9.00,-,,,,,,,,,,,,,,,,,,,,,,,,,-,-,,,,,,,,,,,,,,,,,,,,,,,,,
,04-22-2015,08:26:14, Lane 1 ,Fwd,FF,,493,3,35,,2,11.85,,,,,,,,,,,,,,,,,,,,,,,,11.85,-,,,,,,,,,,,,,,,,,,,,,,,,,-,-,,,,,,,,,,,,,,,,,,,,,,,,,
,04-22-2015,08:26:17, Lane 1 ,Fwd,FF,,494,2,34,,2,9.05,,,,,,,,,,,,,,,,,,,,,,,,9.05,-,,,,,,,,,,,,,,,,,,,,,,,,,-,-,,,,,,,,,,,,,,,,,,,,,,,,,
,04-22-2015,08:26:18, Lane 1 ,Fwd,FF,,495,2,34,,2,8.71,,,,,,,,,,,,,,,,,,,,,,,,8.71,-,,,,,,,,,,,,,,,,,,,,,,,,,-,-,,,,,,,,,,,,,,,,,,,,,,,,,
,04-22-2015,08:26:20, Lane 1 ,Fwd,FF,,496,3,33,,2,11.86,,,,,,,,,,,,,,,,,,,,,,,,11.86,-,,,,,,,,,,,,,,,,,,,,,,,,,-,-,,,,,,,,,,,,,,,,,,,,,,,,,
,04-22-2015,08:26:23, Lane 1 ,Fwd,FF,,497,3,30,,2,11.31,,,,,,,,,,,,,,,,,,,,,,,,11.31,-,,,,,,,,,,,,,,,,,,,,,,,,,-,-,,,,,,,,,,,,,,,,,,,,,,,,,
,04-22-2015,08:26:25, Lane 1 ,Fwd,FF,,498,2,30,,2,8.71,,,,,,,,,,,,,,,,,,,,,,,,8.71,-,,,,,,,,,,,,,,,,,,,,,,,,,-,-,,,,,,,,,,,,,,,,,,,,,,,,,
,04-22-2015,08:26:27, Lane 1 ,Fwd,FF,,499,2,31,,2,9.11,,,,,,,,,,,,,,,,,,,,,,,,9.11,-,,,,,,,,,,,,,,,,,,,,,,,,,-,-,,,,,,,,,,,,,,,,,,,,,,,,,
,04-22-2015,08:26:30, Lane 1 ,Fwd,FF,,500,2,28,,2,8.70,,,,,,,,,,,,,,,,,,,,,,,,8.70,-,,,,,,,,,,,,,,,,,,,,,,,,,-,-,,,,,,,,,,,,,,,,,,,,,,,,,
,04-22-2015,08:26:32, Lane 1 ,Fwd,FF,,501,2,27,,2,7.71,,,,,,,,,,,,,,,,,,,,,,,,7.71,-,,,,,,,,,,,,,,,,,,,,,,,,,-,-,,,,,,,,,,,,,,,,,,,,,,,,,
,04-22-2015,08:26:34, Lane 1 ,Fwd,FF,,502,2,27,,2,8.95,,,,,,,,,,,,,,,,,,,,,,,,8.95,-,,,,,,,,,,,,,,,,,,,,,,,,,-,-,,,,,,,,,,,,,,,,,,,,,,,,,
,04-22-2015,08:26:36, Lane 1 ,Fwd,FF,,503,2,27,,2,9.27,,,,,,,,,,,,,,,,,,,,,,,,9.27,-,,,,,,,,,,,,,,,,,,,,,,,,,-,-,,,,,,,,,,,,,,,,,,,,,,,,,
,04-22-2015,08:26:39, Lane 1 ,Fwd,FF,,504,2,29,,2,9.34,,,,,,,,,,,,,,,,,,,,,,,,9.34,-,,,,,,,,,,,,,,,,,,,,,,,,,-,-,,,,,,,,,,,,,,,,,,,,,,,,,
,04-22-2015,08:26:42, Lane 1 ,Fwd,FF,,505,2,30,,2,9.69,,,,,,,,,,,,,,,,,,,,,,,,9.69,-,,,,,,,,,,,,,,,,,,,,,,,,,-,-,,,,,,,,,,,,,,,,,,,,,,,,,
,04-22-2015,08:26:44, Lane 1 ,Fwd,FF,,506,2,32,,2,8.72,,,,,,,,,,,,,,,,,,,,,,,,8.72,-,,,,,,,,,,,,,,,,,,,,,,,,,-,-,,,,,,,,,,,,,,,,,,,,,,,,,
,04-22-2015,08:26:46, Lane 1 ,Fwd,FF,,507,2,32,,2,8.43,,,,,,,,,,,,,,,,,,,,,,,,8.43,-,,,,,,,,,,,,,,,,,,,,,,,,,-,-,,,,,,,,,,,,,,,,,,,,,,,,,
,04-22-2015,08:26:50, Lane 1 ,Fwd,FF,,508,2,34,,2,8.47,,,,,,,,,,,,,,,,,,,,,,,,8.47,-,,,,,,,,,,,,,,,,,,,,,,,,,-,-,,,,,,,,,,,,,,,,,,,,,,,,,
,04-22-2015,08:26:53, Lane 1 ,Fwd,FF,,509,2,36,,2,8.77,,,,,,,,,,,,,,,,,,,,,,,,8.77,-,,,,,,,,,,,,,,,,,,,,,,,,,-,-,,,,,,,,,,,,,,,,,,,,,,,,,
,04-22-2015,08:26:56, Lane 1 ,Fwd,FF,,510,2,39,,2,8.93,,,,,,,,,,,,,,,,,,,,,,,,8.93,-,,,,,,,,,,,,,,,,,,,,,,,,,-,-,,,,,,,,,,,,,,,,,,,,,,,,,
,04-22-2015,08:27:00, Lane 1 ,Fwd,FF,,511,2,33,,2,8.42,,,,,,,,,,,,,,,,,,,,,,,,8.42,-,,,,,,,,,,,,,,,,,,,,,,,,,-,-,,,,,,,,,,,,,,,,,,,,,,,,,
,04-22-2015,08:27:01, Lane 1 ,Fwd,FF,,512,2,34,,2,8.43,,,,,,,,,,,,,,,,,,,,,,,,8.43,-,,,,,,,,,,,,,,,,,,,,,,,,,-,-,,,,,,,,,,,,,,,,,,,,,,,,,
,04-22-2015,08:27:03, Lane 1 ,Fwd,FF,,513,2,33,,2,8.54,,,,,,,,,,,,,,,,,,,,,,,,8.54,-,,,,,,,,,,,,,,,,,,,,,,,,,-,-,,,,,,,,,,,,,,,,,,,,,,,,,
,04-22-2015,08:27:05, Lane 1 ,Fwd,FF,,514,2,33,,2,8.43,,,,,,,,,,,,,,,,,,,,,,,,8.43,-,,,,,,,,,,,,,,,,,,,,,,,,,-,-,,,,,,,,,,,,,,,,,,,,,,,,,
,04-22-2015,08:27:07, Lane 1 ,Fwd,FF,,515,3,32,,2,10.74,,,,,,,,,,,,,,,,,,,,,,,,10.74,-,,,,,,,,,,,,,,,,,,,,,,,,,-,-,,,,,,,,,,,,,,,,,,,,,,,,,
,04-22-2015,08:27:09, Lane 1 ,Fwd,FF,,516,3,31,,2,10.65,,,,,,,,,,,,,,,,,,,,,,,,10.65,-,,,,,,,,,,,,,,,,,,,,,,,,,-,-,,,,,,,,,,,,,,,,,,,,,,,,,
,04-22-2015,08:27:14, Lane 1 ,Fwd,FF,,517,2,33,,2,8.84,,,,,,,,,,,,,,,,,,,,,,,,8.84,-,,,,,,,,,,,,,,,,,,,,,,,,,-,-,,,,,,,,,,,,,,,,,,,,,,,,,
,04-22-2015,08:27:16, Lane 1 ,Fwd,FF,,518,2,29,,2,9.08,,,,,,,,,,,,,,,,,,,,,,,,9.08,-,,,,,,,,,,,,,,,,,,,,,,,,,-,-,,,,,,,,,,,,,,,,,,,,,,,,,
,04-22-2015,08:27:18, Lane 1 ,Fwd,FF,,519,2,25,,2,8.69,,,,,,,,,,,,,,,,,,,,,,,,8.69,-,,,,,,,,,,,,,,,,,,,,,,,,,-,-,,,,,,,,,,,,,,,,,,,,,,,,,
,04-22-2015,08:27:21, Lane 1 ,Fwd,FF,,520,2,27,,2,9.90,,,,,,,,,,,,,,,,,,,,,,,,9.90,-,,,,,,,,,,,,,,,,,,,,,,,,,-,-,,,,,,,,,,,,,,,,,,,,,,,,,
,04-22-2015,08:27:23, Lane 1 ,Fwd,FF,,521,2,28,,2,8.90,,,,,,,,,,,,,,,,,,,,,,,,8.90,-,,,,,,,,,,,,,,,,,,,,,,,,,-,-,,,,,,,,,,,,,,,,,,,,,,,,,
,04-22-2015,08:27:24, Lane 1 ,Fwd,FF,,522,2,30,,2,9.20,,,,,,,,,,,,,,,,,,,,,,,,9.20,-,,,,,,,,,,,,,,,,,,,,,,,,,-,-,,,,,,,,,,,,,,,,,,,,,,,,,
,04-22-2015,08:27:26, Lane 1 ,Fwd,FF,,523,2,30,,2,8.69,,,,,,,,,,,,,,,,,,,,,,,,8.69,-,,,,,,,,,,,,,,,,,,,,,,,,,-,-,,,,,,,,,,,,,,,,,,,,,,,,,
,04-22-2015,08:27:28, Lane 1 ,Fwd,FF,,524,2,32,,2,9.13,,,,,,,,,,,,,,,,,,,,,,,,9.13,-,,,,,,,,,,,,,,,,,,,,,,,,,-,-,,,,,,,,,,,,,,,,,,,,,,,,,
,04-22-2015,08:27:31, Lane 1 ,Fwd,FF,,525,2,33,,2,8.52,,,,,,,,,,,,,,,,,,,,,,,,8.52,-,,,,,,,,,,,,,,,,,,,,,,,,,-,-,,,,,,,,,,,,,,,,,,,,,,,,,
,04-22-2015,08:27:37, Lane 1 ,Fwd,FF,,526,2,28,,2,9.66,,,,,,,,,,,,,,,,,,,,,,,,9.66,-,,,,,,,,,,,,,,,,,,,,,,,,,-,-,,,,,,,,,,,,,,,,,,,,,,,,,
,04-22-2015,08:27:39, Lane 1 ,Fwd,FF,,527,2,27,,2,9.26,,,,,,,,,,,,,,,,,,,,,,,,9.26,-,,,,,,,,,,,,,,,,,,,,,,,,,-,-,,,,,,,,,,,,,,,,,,,,,,,,,
,04-22-2015,08:27:41, Lane 1 ,Fwd,FF,,528,2,30,,2,9.11,,,,,,,,,,,,,,,,,,,,,,,,9.11,-,,,,,,,,,,,,,,,,,,,,,,,,,-,-,,,,,,,,,,,,,,,,,,,,,,,,,
,04-22-2015,08:27:43, Lane 1 ,Fwd,FF,,529,2,30,,2,9.02,,,,,,,,,,,,,,,,,,,,,,,,9.02,-,,,,,,,,,,,,,,,,,,,,,,,,,-,-,,,,,,,,,,,,,,,,,,,,,,,,,
,04-22-2015,08:27:46, Lane 1 ,Fwd,FF,,530,2,31,,2,9.72,,,,,,,,,,,,,,,,,,,,,,,,9.72,-,,,,,,,,,,,,,,,,,,,,,,,,,-,-,,,,,,,,,,,,,,,,,,,,,,,,,
,04-22-2015,08:27:48, Lane 1 ,Fwd,FF,,531,2,32,,2,8.80,,,,,,,,,,,,,,,,,,,,,,,,8.80,-,,,,,,,,,,,,,,,,,,,,,,,,,-,-,,,,,,,,,,,,,,,,,,,,,,,,,
,04-22-2015,08:27:52, Lane 1 ,Fwd,FF,,532,2,32,,2,8.94,,,,,,,,,,,,,,,,,,,,,,,,8.94,-,,,,,,,,,,,,,,,,,,,,,,,,,-,-,,,,,,,,,,,,,,,,,,,,,,,,,
,04-22-2015,08:27:54, Lane 1 ,Fwd,FF,,533,2,32,,2,9.55,,,,,,,,,,,,,,,,,,,,,,,,9.55,-,,,,,,,,,,,,,,,,,,,,,,,,,-,-,,,,,,,,,,,,,,,,,,,,,,,,,
,04-22-2015,08:27:57, Lane 1 ,Fwd,FF,,534,2,36,,2,8.68,,,,,,,,,,,,,,,,,,,,,,,,8.68,-,,,,,,,,,,,,,,,,,,,,,,,,,-,-,,,,,,,,,,,,,,,,,,,,,,,,,
,04-22-2015,08:28:00, Lane 1 ,Fwd,FF,,535,2,35,,2,8.92,,,,,,,,,,,,,,,,,,,,,,,,8.92,-,,,,,,,,,,,,,,,,,,,,,,,,,-,-,,,,,,,,,,,,,,,,,,,,,,,,,
,04-22-2015,08:28:02, Lane 1 ,Fwd,FF,,536,2,38,,2,8.31,,,,,,,,,,,,,,,,,,,,,,,,8.31,-,,,,,,,,,,,,,,,,,,,,,,,,,-,-,,,,,,,,,,,,,,,,,,,,,,,,,
,04-22-2015,08:28:05, Lane 1 ,Fwd,FF,,537,2,34,,2,8.36,,,,,,,,,,,,,,,,,,,,,,,,8.36,-,,,,,,,,,,,,,,,,,,,,,,,,,-,-,,,,,,,,,,,,,,,,,,,,,,,,,
,04-22-2015,08:28:06, Lane 1 ,Fwd,FF,,538,2,35,,2,9.12,,,,,,,,,,,,,,,,,,,,,,,,9.12,-,,,,,,,,,,,,,,,,,,,,,,,,,-,-,,,,,,,,,,,,,,,,,,,,,,,,,
,04-22-2015,08:28:09, Lane 1 ,Fwd,FF,,539,2,36,,2,8.76,,,,,,,,,,,,,,,,,,,,,,,,8.76,-,,,,,,,,,,,,,,,,,,,,,,,,,-,-,,,,,,,,,,,,,,,,,,,,,,,,,
,04-22-2015,08:28:11, Lane 1 ,Fwd,FF,,540,2,36,,2,8.75,,,,,,,,,,,,,,,,,,,,,,,,8.75,-,,,,,,,,,,,,,,,,,,,,,,,,,-,-,,,,,,,,,,,,,,,,,,,,,,,,,
,04-22-2015,08:28:14, Lane 1 ,Fwd,FF,,541,3,33,,2,11.86,,,,,,,,,,,,,,,,,,,,,,,,11.86,-,,,,,,,,,,,,,,,,,,,,,,,,,-,-,,,,,,,,,,,,,,,,,,,,,,,,,
,04-22-2015,08:28:16, Lane 1 ,Fwd,FF,,542,2,33,,2,8.80,,,,,,,,,,,,,,,,,,,,,,,,8.80,-,,,,,,,,,,,,,,,,,,,,,,,,,-,-,,,,,,,,,,,,,,,,,,,,,,,,,
,04-22-2015,08:28:18, Lane 1 ,Fwd,FF,,543,2,35,,2,9.03,,,,,,,,,,,,,,,,,,,,,,,,9.03,-,,,,,,,,,,,,,,,,,,,,,,,,,-,-,,,,,,,,,,,,,,,,,,,,,,,,,
,04-22-2015,08:28:19, Lane 1 ,Fwd,FF,,544,2,34,,2,8.42,,,,,,,,,,,,,,,,,,,,,,,,8.42,-,,,,,,,,,,,,,,,,,,,,,,,,,-,-,,,,,,,,,,,,,,,,,,,,,,,,,
,04-22-2015,08:28:21, Lane 1 ,Fwd,FF,,545,2,35,,2,10.15,,,,,,,,,,,,,,,,,,,,,,,,10.15,-,,,,,,,,,,,,,,,,,,,,,,,,,-,-,,,,,,,,,,,,,,,,,,,,,,,,,
,04-22-2015,08:28:23, Lane 1 ,Fwd,FF,,546,2,33,,2,9.30,,,,,,,,,,,,,,,,,,,,,,,,9.30,-,,,,,,,,,,,,,,,,,,,,,,,,,-,-,,,,,,,,,,,,,,,,,,,,,,,,,
,04-22-2015,08:28:26, Lane 1 ,Fwd,FF,,547,3,33,,2,12.63,,,,,,,,,,,,,,,,,,,,,,,,12.63,-,,,,,,,,,,,,,,,,,,,,,,,,,-,-,,,,,,,,,,,,,,,,,,,,,,,,,
,04-22-2015,08:28:29, Lane 1 ,Fwd,FF,,548,2,31,,2,8.91,,,,,,,,,,,,,,,,,,,,,,,,8.91,-,,,,,,,,,,,,,,,,,,,,,,,,,-,-,,,,,,,,,,,,,,,,,,,,,,,,,
,04-22-2015,08:28:31, Lane 1 ,Fwd,FF,,549,4,29,,2,21.99,,,,,,,,,,,,,,,,,,,,,,,,21.99,-,,,,,,,,,,,,,,,,,,,,,,,,,-,-,,,,,,,,,,,,,,,,,,,,,,,,,
,04-22-2015,08:28:34, Lane 1 ,Fwd,FF,,550,2,29,,2,8.70,,,,,,,,,,,,,,,,,,,,,,,,8.70,-,,,,,,,,,,,,,,,,,,,,,,,,,-,-,,,,,,,,,,,,,,,,,,,,,,,,,
,04-22-2015,08:28:40, Lane 1 ,Fwd,FF,,551,2,32,,2,9.41,,,,,,,,,,,,,,,,,,,,,,,,9.41,-,,,,,,,,,,,,,,,,,,,,,,,,,-,-,,,,,,,,,,,,,,,,,,,,,,,,,
,04-22-2015,08:28:43, Lane 1 ,Fwd,FF,,552,8,30,,4,13.43,19.59,2.77,,,,,,,,,,,,,,,,,,,,,,35.79,-,,,,,,,,,,,,,,,,,,,,,,,,,-,-,,,,,,,,,,,,,,,,,,,,,,,,,
,04-22-2015,08:28:47, Lane 1 ,Fwd,FF,,553,3,28,,3,10.74,12.04,,,,,,,,,,,,,,,,,,,,,,,22.78,-,,,,,,,,,,,,,,,,,,,,,,,,,-,-,,,,,,,,,,,,,,,,,,,,,,,,,
,04-22-2015,08:28:51, Lane 1 ,Fwd,FF,,554,2,27,,2,8.97,,,,,,,,,,,,,,,,,,,,,,,,8.97,-,,,,,,,,,,,,,,,,,,,,,,,,,-,-,,,,,,,,,,,,,,,,,,,,,,,,,
,04-22-2015,08:28:53, Lane 1 ,Fwd,FF,,555,2,25,,2,8.66,,,,,,,,,,,,,,,,,,,,,,,,8.66,-,,,,,,,,,,,,,,,,,,,,,,,,,-,-,,,,,,,,,,,,,,,,,,,,,,,,,
,04-22-2015,08:28:54, Lane 1 ,Fwd,FF,,556,2,24,,2,7.98,,,,,,,,,,,,,,,,,,,,,,,,7.98,-,,,,,,,,,,,,,,,,,,,,,,,,,-,-,,,,,,,,,,,,,,,,,,,,,,,,,
,04-22-2015,08:29:00, Lane 1 ,Fwd,FF,,557,3,26,,2,11.47,,,,,,,,,,,,,,,,,,,,,,,,11.47,-,,,,,,,,,,,,,,,,,,,,,,,,,-,-,,,,,,,,,,,,,,,,,,,,,,,,,
,04-22-2015,08:29:02, Lane 1 ,Fwd,FF,,558,2,25,,2,8.85,,,,,,,,,,,,,,,,,,,,,,,,8.85,-,,,,,,,,,,,,,,,,,,,,,,,,,-,-,,,,,,,,,,,,,,,,,,,,,,,,,
,04-22-2015,08:29:05, Lane 1 ,Fwd,FF,,559,2,27,,2,9.73,,,,,,,,,,,,,,,,,,,,,,,,9.73,-,,,,,,,,,,,,,,,,,,,,,,,,,-,-,,,,,,,,,,,,,,,,,,,,,,,,,
,04-22-2015,08:29:07, Lane 1 ,Fwd,FF,,560,2,28,,2,8.92,,,,,,,,,,,,,,,,,,,,,,,,8.92,-,,,,,,,,,,,,,,,,,,,,,,,,,-,-,,,,,,,,,,,,,,,,,,,,,,,,,
,04-22-2015,08:29:08, Lane 1 ,Fwd,FF,,561,2,28,,2,9.09,,,,,,,,,,,,,,,,,,,,,,,,9.09,-,,,,,,,,,,,,,,,,,,,,,,,,,-,-,,,,,,,,,,,,,,,,,,,,,,,,,
,04-22-2015,08:29:12, Lane 1 ,Fwd,FF,,562,2,27,,2,8.30,,,,,,,,,,,,,,,,,,,,,,,,8.30,-,,,,,,,,,,,,,,,,,,,,,,,,,-,-,,,,,,,,,,,,,,,,,,,,,,,,,
,04-22-2015,08:29:14, Lane 1 ,Fwd,FF,,563,2,27,,2,9.05,,,,,,,,,,,,,,,,,,,,,,,,9.05,-,,,,,,,,,,,,,,,,,,,,,,,,,-,-,,,,,,,,,,,,,,,,,,,,,,,,,
,04-22-2015,08:29:18, Lane 1 ,Fwd,FF,,564,2,27,,2,8.97,,,,,,,,,,,,,,,,,,,,,,,,8.97,-,,,,,,,,,,,,,,,,,,,,,,,,,-,-,,,,,,,,,,,,,,,,,,,,,,,,,
,04-22-2015,08:29:20, Lane 1 ,Fwd,FF,,565,2,28,,2,9.18,,,,,,,,,,,,,,,,,,,,,,,,9.18,-,,,,,,,,,,,,,,,,,,,,,,,,,-,-,,,,,,,,,,,,,,,,,,,,,,,,,
,04-22-2015,08:29:22, Lane 1 ,Fwd,FF,,566,2,29,,2,8.56,,,,,,,,,,,,,,,,,,,,,,,,8.56,-,,,,,,,,,,,,,,,,,,,,,,,,,-,-,,,,,,,,,,,,,,,,,,,,,,,,,
,04-22-2015,08:29:24, Lane 1 ,Fwd,FF,,567,3,30,,2,12.70,,,,,,,,,,,,,,,,,,,,,,,,12.70,-,,,,,,,,,,,,,,,,,,,,,,,,,-,-,,,,,,,,,,,,,,,,,,,,,,,,,
,04-22-2015,08:29:26, Lane 1 ,Fwd,FF,,568,2,30,,2,8.92,,,,,,,,,,,,,,,,,,,,,,,,8.92,-,,,,,,,,,,,,,,,,,,,,,,,,,-,-,,,,,,,,,,,,,,,,,,,,,,,,,
,04-22-2015,08:29:30, Lane 1 ,Fwd,FF,,569,2,30,,2,8.99,,,,,,,,,,,,,,,,,,,,,,,,8.99,-,,,,,,,,,,,,,,,,,,,,,,,,,-,-,,,,,,,,,,,,,,,,,,,,,,,,,
,04-22-2015,08:29:33, Lane 1 ,Fwd,FF,,570,2,29,,2,8.55,,,,,,,,,,,,,,,,,,,,,,,,8.55,-,,,,,,,,,,,,,,,,,,,,,,,,,-,-,,,,,,,,,,,,,,,,,,,,,,,,,
,04-22-2015,08:29:36, Lane 1 ,Fwd,FF,,571,2,27,,2,9.18,,,,,,,,,,,,,,,,,,,,,,,,9.18,-,,,,,,,,,,,,,,,,,,,,,,,,,-,-,,,,,,,,,,,,,,,,,,,,,,,,,
,04-22-2015,08:29:38, Lane 1 ,Fwd,FF,,572,2,27,,2,9.05,,,,,,,,,,,,,,,,,,,,,,,,9.05,-,,,,,,,,,,,,,,,,,,,,,,,,,-,-,,,,,,,,,,,,,,,,,,,,,,,,,
,04-22-2015,08:29:40, Lane 1 ,Fwd,FF,,573,2,26,,2,8.93,,,,,,,,,,,,,,,,,,,,,,,,8.93,-,,,,,,,,,,,,,,,,,,,,,,,,,-,-,,,,,,,,,,,,,,,,,,,,,,,,,
,04-22-2015,08:29:42, Lane 1 ,Fwd,FF,,574,2,26,,2,9.03,,,,,,,,,,,,,,,,,,,,,,,,9.03,-,,,,,,,,,,,,,,,,,,,,,,,,,-,-,,,,,,,,,,,,,,,,,,,,,,,,,
,04-22-2015,08:29:44, Lane 1 ,Fwd,FF,,575,2,27,,2,8.85,,,,,,,,,,,,,,,,,,,,,,,,8.85,-,,,,,,,,,,,,,,,,,,,,,,,,,-,-,,,,,,,,,,,,,,,,,,,,,,,,,
,04-22-2015,08:29:48, Lane 1 ,Fwd,FF,,576,2,27,,2,9.22,,,,,,,,,,,,,,,,,,,,,,,,9.22,-,,,,,,,,,,,,,,,,,,,,,,,,,-,-,,,,,,,,,,,,,,,,,,,,,,,,,
,04-22-2015,08:29:50, Lane 1 ,Fwd,FF,,577,3,28,,2,11.52,,,,,,,,,,,,,,,,,,,,,,,,11.52,-,,,,,,,,,,,,,,,,,,,,,,,,,-,-,,,,,,,,,,,,,,,,,,,,,,,,,
,04-22-2015,08:29:52, Lane 1 ,Fwd,FF,,578,2,28,,2,8.81,,,,,,,,,,,,,,,,,,,,,,,,8.81,-,,,,,,,,,,,,,,,,,,,,,,,,,-,-,,,,,,,,,,,,,,,,,,,,,,,,,
,04-22-2015,08:29:54, Lane 1 ,Fwd,FF,,579,2,26,,2,8.79,,,,,,,,,,,,,,,,,,,,,,,,8.79,-,,,,,,,,,,,,,,,,,,,,,,,,,-,-,,,,,,,,,,,,,,,,,,,,,,,,,
,04-22-2015,08:29:56, Lane 1 ,Fwd,FF,,580,2,24,,2,8.97,,,,,,,,,,,,,,,,,,,,,,,,8.97,-,,,,,,,,,,,,,,,,,,,,,,,,,-,-,,,,,,,,,,,,,,,,,,,,,,,,,
,04-22-2015,08:29:58, Lane 1 ,Fwd,FF,,581,2,25,,2,9.04,,,,,,,,,,,,,,,,,,,,,,,,9.04,-,,,,,,,,,,,,,,,,,,,,,,,,,-,-,,,,,,,,,,,,,,,,,,,,,,,,,
,04-22-2015,08:30:00, Lane 1 ,Fwd,FF,,582,2,24,,2,8.17,,,,,,,,,,,,,,,,,,,,,,,,8.17,-,,,,,,,,,,,,,,,,,,,,,,,,,-,-,,,,,,,,,,,,,,,,,,,,,,,,,
,04-22-2015,08:30:05, Lane 1 ,Fwd,FF,,583,2,23,,2,8.80,,,,,,,,,,,,,,,,,,,,,,,,8.80,-,,,,,,,,,,,,,,,,,,,,,,,,,-,-,,,,,,,,,,,,,,,,,,,,,,,,,
,04-22-2015,08:30:07, Lane 1 ,Fwd,FF,,584,5,24,,2,16.74,,,,,,,,,,,,,,,,,,,,,,,,16.74,-,,,,,,,,,,,,,,,,,,,,,,,,,-,-,,,,,,,,,,,,,,,,,,,,,,,,,
,04-22-2015,08:30:10, Lane 1 ,Fwd,FF,,585,3,24,,2,11.97,,,,,,,,,,,,,,,,,,,,,,,,11.97,-,,,,,,,,,,,,,,,,,,,,,,,,,-,-,,,,,,,,,,,,,,,,,,,,,,,,,
,04-22-2015,08:30:12, Lane 1 ,Fwd,FF,,586,2,23,,2,8.78,,,,,,,,,,,,,,,,,,,,,,,,8.78,-,,,,,,,,,,,,,,,,,,,,,,,,,-,-,,,,,,,,,,,,,,,,,,,,,,,,,
,04-22-2015,08:30:16, Lane 1 ,Fwd,FF,,587,2,25,,2,9.80,,,,,,,,,,,,,,,,,,,,,,,,9.80,-,,,,,,,,,,,,,,,,,,,,,,,,,-,-,,,,,,,,,,,,,,,,,,,,,,,,,
,04-22-2015,08:30:26, Lane 1 ,Fwd,FF,,588,5,28,,2,14.28,,,,,,,,,,,,,,,,,,,,,,,,14.28,-,,,,,,,,,,,,,,,,,,,,,,,,,-,-,,,,,,,,,,,,,,,,,,,,,,,,,
,04-22-2015,08:30:28, Lane 1 ,Fwd,FF,,589,2,28,,2,8.34,,,,,,,,,,,,,,,,,,,,,,,,8.34,-,,,,,,,,,,,,,,,,,,,,,,,,,-,-,,,,,,,,,,,,,,,,,,,,,,,,,
,04-22-2015,08:30:30, Lane 1 ,Fwd,FF,,590,9,25,,5,15.99,4.32,30.23,4.36,,,,,,,,,,,,,,,,,,,,,54.90,-,,,,,,,,,,,,,,,,,,,,,,,,,-,-,,,,,,,,,,,,,,,,,,,,,,,,,
,04-22-2015,08:30:40, Lane 1 ,Fwd,FF,,591,5,27,,2,14.36,,,,,,,,,,,,,,,,,,,,,,,,14.36,-,,,,,,,,,,,,,,,,,,,,,,,,,-,-,,,,,,,,,,,,,,,,,,,,,,,,,
,04-22-2015,08:30:43, Lane 1 ,Fwd,FF,,592,3,16,,2,11.79,,,,,,,,,,,,,,,,,,,,,,,,11.79,-,,,,,,,,,,,,,,,,,,,,,,,,,-,-,,,,,,,,,,,,,,,,,,,,,,,,,
,04-22-2015,08:30:49, Lane 1 ,Fwd,FF,,593,10,12,,6,0.79,8.03,1.06,24.79,8.43,,,,,,,,,,,,,,,,,,,,43.10,-,,,,,,,,,,,,,,,,,,,,,,,,,-,-,,,,,,,,,,,,,,,,,,,,,,,,,
,04-22-2015,08:30:54, Lane 1 ,Fwd,FF,,594,2,27,,3,2.30,24.76,,,,,,,,,,,,,,,,,,,,,,,27.06,-,,,,,,,,,,,,,,,,,,,,,,,,,-,-,,,,,,,,,,,,,,,,,,,,,,,,,
,04-22-2015,08:31:09, Lane 1 ,Fwd,FF,,595,2,27,,3,53.09,6.35,,,,,,,,,,,,,,,,,,,,,,,59.44,-,,,,,,,,,,,,,,,,,,,,,,,,,-,-,,,,,,,,,,,,,,,,,,,,,,,,,
,04-22-2015,08:31:19, Lane 1 ,Rev,FF,,596,2,27,,1,,,,,,,,,,,,,,,,,,,,,,,,,0.00,-,,,,,,,,,,,,,,,,,,,,,,,,,-,-,,,,,,,,,,,,,,,,,,,,,,,,,
,04-22-2015,08:31:33, Lane 1 ,Fwd,FF,,597,2,5,,4,0.97,7.63,0.81,,,,,,,,,,,,,,,,,,,,,,9.41,-,,,,,,,,,,,,,,,,,,,,,,,,,-,-,,,,,,,,,,,,,,,,,,,,,,,,,
,04-22-2015,08:31:40, Lane 1 ,Fwd,FF,,598,2,27,,4,5.16,43.96,5.12,,,,,,,,,,,,,,,,,,,,,,54.24,-,,,,,,,,,,,,,,,,,,,,,,,,,-,-,,,,,,,,,,,,,,,,,,,,,,,,,
,04-22-2015,08:31:40, Lane 1 ,Fwd,FF,,599,1,27,,2,2.26,,,,,,,,,,,,,,,,,,,,,,,,2.26,-,,,,,,,,,,,,,,,,,,,,,,,,,-,-,,,,,,,,,,,,,,,,,,,,,,,,,
,04-22-2015,08:32:15, Lane 1 ,Rev,FF,,600,2,27,,3,1.59,8.02,,,,,,,,,,,,,,,,,,,,,,,9.61,-,,,,,,,,,,,,,,,,,,,,,,,,,-,-,,,,,,,,,,,,,,,,,,,,,,,,,
,04-22-2015,08:32:17, Lane 1 ,Fwd,FF,,601,15,27,,>Range,,,,,,,,,,,,,,,,,,,,,,,,,0.00,-,,,,,,,,,,,,,,,,,,,,,,,,,-,-,,,,,,,,,,,,,,,,,,,,,,,,,0.000
,04-22-2015,08:32:30, Lane 1 ,Fwd,FF,,602,2,27,,2,6.43,,,,,,,,,,,,,,,,,,,,,,,,6.43,-,,,,,,,,,,,,,,,,,,,,,,,,,-,-,,,,,,,,,,,,,,,,,,,,,,,,,
,04-22-2015,08:32:34, Lane 1 ,Rev,FF,,603,2,27,,3,1.82,6.11,,,,,,,,,,,,,,,,,,,,,,,7.93,-,,,,,,,,,,,,,,,,,,,,,,,,,-,-,,,,,,,,,,,,,,,,,,,,,,,,,
,04-22-2015,08:32:37, Lane 1 ,Fwd,FF,,604,6,3,,3,8.28,0.96,,,,,,,,,,,,,,,,,,,,,,,9.24,-,,,,,,,,,,,,,,,,,,,,,,,,,-,-,,,,,,,,,,,,,,,,,,,,,,,,,
,04-22-2015,08:32:43, Lane 1 ,Rev,FF,,605,2,27,,2,6.63,,,,,,,,,,,,,,,,,,,,,,,,6.63,-,,,,,,,,,,,,,,,,,,,,,,,,,-,-,,,,,,,,,,,,,,,,,,,,,,,,,
,04-22-2015,08:32:45, Lane 1 ,Fwd,FF,,606,9,27,,5,1.71,2.46,37.10,4.01,,,,,,,,,,,,,,,,,,,,,45.28,-,,,,,,,,,,,,,,,,,,,,,,,,,-,-,,,,,,,,,,,,,,,,,,,,,,,,,
,04-22-2015,08:32:50, Lane 1 ,Fwd,FF,,607,1,27,,2,2.66,,,,,,,,,,,,,,,,,,,,,,,,2.66,-,,,,,,,,,,,,,,,,,,,,,,,,,-,-,,,,,,,,,,,,,,,,,,,,,,,,,
,04-22-2015,08:32:54, Lane 1 ,Rev,FF,,608,2,27,,2,6.63,,,,,,,,,,,,,,,,,,,,,,,,6.63,-,,,,,,,,,,,,,,,,,,,,,,,,,-,-,,,,,,,,,,,,,,,,,,,,,,,,,
,04-22-2015,08:32:56, Lane 1 ,Fwd,FF,,609,2,27,,4,6.15,45.15,5.16,,,,,,,,,,,,,,,,,,,,,,56.46,-,,,,,,,,,,,,,,,,,,,,,,,,,-,-,,,,,,,,,,,,,,,,,,,,,,,,,
,04-22-2015,08:33:05, Lane 1 ,Rev,FF,,610,2,27,,4,5.00,34.44,4.28,,,,,,,,,,,,,,,,,,,,,,43.72,-,,,,,,,,,,,,,,,,,,,,,,,,,-,-,,,,,,,,,,,,,,,,,,,,,,,,,
,04-22-2015,08:33:06, Lane 1 ,Fwd,FF,,611,2,40,,1,,,,,,,,,,,,,,,,,,,,,,,,,0.00,-,,,,,,,,,,,,,,,,,,,,,,,,,-,-,,,,,,,,,,,,,,,,,,,,,,,,,
,04-22-2015,08:33:08, Lane 1 ,Rev,FF,,612,15,27,,>Range,,,,,,,,,,,,,,,,,,,,,,,,,0.00,-,,,,,,,,,,,,,,,,,,,,,,,,,-,-,,,,,,,,,,,,,,,,,,,,,,,,,0.000
,04-22-2015,08:33:21, Lane 1 ,Rev,FF,,613,15,27,,>Range,,,,,,,,,,,,,,,,,,,,,,,,,0.00,-,,,,,,,,,,,,,,,,,,,,,,,,,-,-,,,,,,,,,,,,,,,,,,,,,,,,,0.000
,04-22-2015,08:33:36, Lane 1 ,Rev,FF,,614,2,3,,1,,,,,,,,,,,,,,,,,,,,,,,,,0.00,-,,,,,,,,,,,,,,,,,,,,,,,,,-,-,,,,,,,,,,,,,,,,,,,,,,,,,
,04-22-2015,08:33:37, Lane 1 ,Fwd,FF,,615,5,27,,2,13.05,,,,,,,,,,,,,,,,,,,,,,,,13.05,-,,,,,,,,,,,,,,,,,,,,,,,,,-,-,,,,,,,,,,,,,,,,,,,,,,,,,
,04-22-2015,08:33:38, Lane 1 ,Fwd,FF,,616,2,22,,2,8.88,,,,,,,,,,,,,,,,,,,,,,,,8.88,-,,,,,,,,,,,,,,,,,,,,,,,,,-,-,,,,,,,,,,,,,,,,,,,,,,,,,
,04-22-2015,08:33:40, Lane 1 ,Fwd,FF,,617,2,27,,3,1.43,11.78,,,,,,,,,,,,,,,,,,,,,,,13.21,-,,,,,,,,,,,,,,,,,,,,,,,,,-,-,,,,,,,,,,,,,,,,,,,,,,,,,
,04-22-2015,08:33:43, Lane 1 ,Fwd,FF,,618,2,20,,2,8.48,,,,,,,,,,,,,,,,,,,,,,,,8.48,-,,,,,,,,,,,,,,,,,,,,,,,,,-,-,,,,,,,,,,,,,,,,,,,,,,,,,
,04-22-2015,08:33:45, Lane 1 ,Fwd,FF,,619,2,22,,2,7.48,,,,,,,,,,,,,,,,,,,,,,,,7.48,-,,,,,,,,,,,,,,,,,,,,,,,,,-,-,,,,,,,,,,,,,,,,,,,,,,,,,
,04-22-2015,08:33:49, Lane 1 ,Fwd,FF,,620,5,27,,2,13.05,,,,,,,,,,,,,,,,,,,,,,,,13.05,-,,,,,,,,,,,,,,,,,,,,,,,,,-,-,,,,,,,,,,,,,,,,,,,,,,,,,
,04-22-2015,08:33:56, Lane 1 ,Fwd,FF,,621,3,27,,2,12.98,,,,,,,,,,,,,,,,,,,,,,,,12.98,-,,,,,,,,,,,,,,,,,,,,,,,,,-,-,,,,,,,,,,,,,,,,,,,,,,,,,
,04-22-2015,08:33:59, Lane 1 ,Fwd,FF,,622,8,17,,3,11.48,19.24,,,,,,,,,,,,,,,,,,,,,,,30.72,-,,,,,,,,,,,,,,,,,,,,,,,,,-,-,,,,,,,,,,,,,,,,,,,,,,,,,
,04-22-2015,08:34:02, Lane 1 ,Fwd,FF,,623,5,27,,2,15.31,,,,,,,,,,,,,,,,,,,,,,,,15.31,-,,,,,,,,,,,,,,,,,,,,,,,,,-,-,,,,,,,,,,,,,,,,,,,,,,,,,
,04-22-2015,08:34:04, Lane 1 ,Fwd,FF,,624,2,17,,2,8.94,,,,,,,,,,,,,,,,,,,,,,,,8.94,-,,,,,,,,,,,,,,,,,,,,,,,,,-,-,,,,,,,,,,,,,,,,,,,,,,,,,
,04-22-2015,08:34:07, Lane 1 ,Fwd,FF,,625,5,27,,2,14.44,,,,,,,,,,,,,,,,,,,,,,,,14.44,-,,,,,,,,,,,,,,,,,,,,,,,,,-,-,,,,,,,,,,,,,,,,,,,,,,,,,
,04-22-2015,08:34:13, Lane 1 ,Fwd,FF,,626,2,27,,4,15.00,26.15,16.31,,,,,,,,,,,,,,,,,,,,,,57.46,-,,,,,,,,,,,,,,,,,,,,,,,,,-,-,,,,,,,,,,,,,,,,,,,,,,,,,
,04-22-2015,08:34:16, Lane 1 ,Fwd,FF,,627,5,27,,2,15.35,,,,,,,,,,,,,,,,,,,,,,,,15.35,-,,,,,,,,,,,,,,,,,,,,,,,,,-,-,,,,,,,,,,,,,,,,,,,,,,,,,
,04-22-2015,08:34:21, Lane 1 ,Fwd,FF,,628,5,27,,2,14.17,,,,,,,,,,,,,,,,,,,,,,,,14.17,-,,,,,,,,,,,,,,,,,,,,,,,,,-,-,,,,,,,,,,,,,,,,,,,,,,,,,
,04-22-2015,08:34:23, Lane 1 ,Fwd,FF,,629,2,17,,2,8.98,,,,,,,,,,,,,,,,,,,,,,,,8.98,-,,,,,,,,,,,,,,,,,,,,,,,,,-,-,,,,,,,,,,,,,,,,,,,,,,,,,
,04-22-2015,08:34:27, Lane 1 ,Fwd,FF,,630,9,27,,5,2.46,16.98,63.21,14.12,,,,,,,,,,,,,,,,,,,,,96.77,-,,,,,,,,,,,,,,,,,,,,,,,,,-,-,,,,,,,,,,,,,,,,,,,,,,,,,
,04-22-2015,08:34:31, Lane 1 ,Fwd,FF,,631,2,17,,2,9.30,,,,,,,,,,,,,,,,,,,,,,,,9.30,-,,,,,,,,,,,,,,,,,,,,,,,,,-,-,,,,,,,,,,,,,,,,,,,,,,,,,
,04-22-2015,08:34:34, Lane 1 ,Fwd,FF,,632,2,18,,2,9.74,,,,,,,,,,,,,,,,,,,,,,,,9.74,-,,,,,,,,,,,,,,,,,,,,,,,,,-,-,,,,,,,,,,,,,,,,,,,,,,,,,
,04-22-2015,08:34:39, Lane 1 ,Fwd,FF,,633,2,20,,2,9.11,,,,,,,,,,,,,,,,,,,,,,,,9.11,-,,,,,,,,,,,,,,,,,,,,,,,,,-,-,,,,,,,,,,,,,,,,,,,,,,,,,
,04-22-2015,08:34:42, Lane 1 ,Fwd,FF,,634,4,19,,2,22.72,,,,,,,,,,,,,,,,,,,,,,,,22.72,-,,,,,,,,,,,,,,,,,,,,,,,,,-,-,,,,,,,,,,,,,,,,,,,,,,,,,
,04-22-2015,08:34:46, Lane 1 ,Fwd,FF,,635,2,20,,2,9.23,,,,,,,,,,,,,,,,,,,,,,,,9.23,-,,,,,,,,,,,,,,,,,,,,,,,,,-,-,,,,,,,,,,,,,,,,,,,,,,,,,
,04-22-2015,08:34:49, Lane 1 ,Fwd,FF,,636,2,22,,2,9.35,,,,,,,,,,,,,,,,,,,,,,,,9.35,-,,,,,,,,,,,,,,,,,,,,,,,,,-,-,,,,,,,,,,,,,,,,,,,,,,,,,
,04-22-2015,08:34:51, Lane 1 ,Fwd,FF,,637,2,22,,2,9.04,,,,,,,,,,,,,,,,,,,,,,,,9.04,-,,,,,,,,,,,,,,,,,,,,,,,,,-,-,,,,,,,,,,,,,,,,,,,,,,,,,
,04-22-2015,08:34:53, Lane 1 ,Fwd,FF,,638,2,23,,2,9.35,,,,,,,,,,,,,,,,,,,,,,,,9.35,-,,,,,,,,,,,,,,,,,,,,,,,,,-,-,,,,,,,,,,,,,,,,,,,,,,,,,
,04-22-2015,08:34:56, Lane 1 ,Fwd,FF,,639,2,20,,4,9.22,37.14,8.62,,,,,,,,,,,,,,,,,,,,,,54.98,-,,,,,,,,,,,,,,,,,,,,,,,,,-,-,,,,,,,,,,,,,,,,,,,,,,,,,
,04-22-2015,08:35:01, Lane 1 ,Rev,FF,,640,2,20,,2,8.79,,,,,,,,,,,,,,,,,,,,,,,,8.79,-,,,,,,,,,,,,,,,,,,,,,,,,,-,-,,,,,,,,,,,,,,,,,,,,,,,,,
,04-22-2015,08:35:01, Lane 1 ,Fwd,FF,,641,2,91,,1,,,,,,,,,,,,,,,,,,,,,,,,,0.00,-,,,,,,,,,,,,,,,,,,,,,,,,,-,-,,,,,,,,,,,,,,,,,,,,,,,,,
,04-22-2015,08:35:03, Lane 1 ,Rev,FF,,642,2,20,,2,9.59,,,,,,,,,,,,,,,,,,,,,,,,9.59,-,,,,,,,,,,,,,,,,,,,,,,,,,-,-,,,,,,,,,,,,,,,,,,,,,,,,,
,04-22-2015,08:35:07, Lane 1 ,Fwd,FF,,643,9,20,,5,1.77,8.11,32.63,9.99,,,,,,,,,,,,,,,,,,,,,52.50,-,,,,,,,,,,,,,,,,,,,,,,,,,-,-,,,,,,,,,,,,,,,,,,,,,,,,,
,04-22-2015,08:35:12, Lane 1 ,Fwd,FF,,644,2,20,,2,9.99,,,,,,,,,,,,,,,,,,,,,,,,9.99,-,,,,,,,,,,,,,,,,,,,,,,,,,-,-,,,,,,,,,,,,,,,,,,,,,,,,,
,04-22-2015,08:35:15, Lane 1 ,Fwd,FF,,645,5,20,,2,13.79,,,,,,,,,,,,,,,,,,,,,,,,13.79,-,,,,,,,,,,,,,,,,,,,,,,,,,-,-,,,,,,,,,,,,,,,,,,,,,,,,,
,04-22-2015,08:35:18, Lane 1 ,Fwd,FF,,646,3,20,,2,10.56,,,,,,,,,,,,,,,,,,,,,,,,10.56,-,,,,,,,,,,,,,,,,,,,,,,,,,-,-,,,,,,,,,,,,,,,,,,,,,,,,,
,04-22-2015,08:35:24, Lane 1 ,Fwd,FF,,647,3,20,,2,10.88,,,,,,,,,,,,,,,,,,,,,,,,10.88,-,,,,,,,,,,,,,,,,,,,,,,,,,-,-,,,,,,,,,,,,,,,,,,,,,,,,,
,04-22-2015,08:35:28, Lane 1 ,Fwd,FF,,648,8,20,,3,15.70,16.90,,,,,,,,,,,,,,,,,,,,,,,32.60,-,,,,,,,,,,,,,,,,,,,,,,,,,-,-,,,,,,,,,,,,,,,,,,,,,,,,,
,04-22-2015,08:35:34, Lane 1 ,Fwd,FF,,649,2,20,,3,1.94,18.50,,,,,,,,,,,,,,,,,,,,,,,20.44,-,,,,,,,,,,,,,,,,,,,,,,,,,-,-,,,,,,,,,,,,,,,,,,,,,,,,,
,04-22-2015,08:35:40, Lane 1 ,Fwd,FF,,650,3,11,,2,11.50,,,,,,,,,,,,,,,,,,,,,,,,11.50,-,,,,,,,,,,,,,,,,,,,,,,,,,-,-,,,,,,,,,,,,,,,,,,,,,,,,,
,04-22-2015,08:35:46, Lane 1 ,Fwd,FF,,651,9,20,,5,20.10,51.47,1.97,20.81,,,,,,,,,,,,,,,,,,,,,94.35,-,,,,,,,,,,,,,,,,,,,,,,,,,-,-,,,,,,,,,,,,,,,,,,,,,,,,,
,04-22-2015,08:35:54, Lane 1 ,Fwd,FF,,652,2,20,,4,5.51,48.62,5.20,,,,,,,,,,,,,,,,,,,,,,59.33,-,,,,,,,,,,,,,,,,,,,,,,,,,-,-,,,,,,,,,,,,,,,,,,,,,,,,,
,04-22-2015,08:35:58, Lane 1 ,Rev,FF,,653,15,20,,>Range,,,,,,,,,,,,,,,,,,,,,,,,,0.00,-,,,,,,,,,,,,,,,,,,,,,,,,,-,-,,,,,,,,,,,,,,,,,,,,,,,,,0.000
,04-22-2015,08:36:08, Lane 1 ,Rev,FF,,654,15,20,,>Range,,,,,,,,,,,,,,,,,,,,,,,,,0.00,-,,,,,,,,,,,,,,,,,,,,,,,,,-,-,,,,,,,,,,,,,,,,,,,,,,,,,0.000
,04-22-2015,08:36:26, Lane 1 ,Fwd,FF,,655,2,20,,3,1.83,2.60,,,,,,,,,,,,,,,,,,,,,,,4.43,-,,,,,,,,,,,,,,,,,,,,,,,,,-,-,,,,,,,,,,,,,,,,,,,,,,,,,
,04-22-2015,08:36:29, Lane 1 ,Fwd,FF,,656,5,20,,2,15.84,,,,,,,,,,,,,,,,,,,,,,,,15.84,-,,,,,,,,,,,,,,,,,,,,,,,,,-,-,,,,,,,,,,,,,,,,,,,,,,,,,
,04-22-2015,08:36:33, Lane 1 ,Fwd,FF,,657,6,20,,3,18.87,1.51,,,,,,,,,,,,,,,,,,,,,,,20.38,-,,,,,,,,,,,,,,,,,,,,,,,,,-,-,,,,,,,,,,,,,,,,,,,,,,,,,
,04-22-2015,08:36:37, Lane 1 ,Fwd,FF,,658,6,20,,3,9.62,1.86,,,,,,,,,,,,,,,,,,,,,,,11.48,-,,,,,,,,,,,,,,,,,,,,,,,,,-,-,,,,,,,,,,,,,,,,,,,,,,,,,
,04-22-2015,08:36:39, Lane 1 ,Fwd,FF,,659,10,20,,6,14.65,46.27,11.62,46.22,13.36,,,,,,,,,,,,,,,,,,,,132.12,-,,,,,,,,,,,,,,,,,,,,,,,,,-,-,,,,,,,,,,,,,,,,,,,,,,,,,
,04-22-2015,08:36:46, Lane 1 ,Fwd,FF,,660,2,11,,2,8.83,,,,,,,,,,,,,,,,,,,,,,,,8.83,-,,,,,,,,,,,,,,,,,,,,,,,,,-,-,,,,,,,,,,,,,,,,,,,,,,,,,
,04-22-2015,08:36:51, Lane 1 ,Fwd,FF,,661,4,20,,2,20.15,,,,,,,,,,,,,,,,,,,,,,,,20.15,-,,,,,,,,,,,,,,,,,,,,,,,,,-,-,,,,,,,,,,,,,,,,,,,,,,,,,
,04-22-2015,08:36:56, Lane 1 ,Fwd,FF,,662,10,20,,6,19.72,52.50,18.16,78.24,17.73,,,,,,,,,,,,,,,,,,,,186.35,-,,,,,,,,,,,,,,,,,,,,,,,,,-,-,,,,,,,,,,,,,,,,,,,,,,,,,
,04-22-2015,08:37:07, Lane 1 ,Fwd,FF,,663,6,11,,3,9.29,1.10,,,,,,,,,,,,,,,,,,,,,,,10.39,-,,,,,,,,,,,,,,,,,,,,,,,,,-,-,,,,,,,,,,,,,,,,,,,,,,,,,
,04-22-2015,08:37:15, Lane 1 ,Fwd,FF,,664,15,20,,8,1.71,13.16,50.70,13.85,1.80,43.48,12.93,,,,,,,,,,,,,,,,,,137.63,-,,,,,,,,,,,,,,,,,,,,,,,,,-,-,,,,,,,,,,,,,,,,,,,,,,,,,
,04-22-2015,08:37:22, Lane 1 ,Fwd,FF,,665,1,20,,2,1.77,,,,,,,,,,,,,,,,,,,,,,,,1.77,-,,,,,,,,,,,,,,,,,,,,,,,,,-,-,,,,,,,,,,,,,,,,,,,,,,,,,
,04-22-2015,08:37:23, Lane 1 ,Rev,FF,,666,15,20,,10,14.62,59.63,11.82,43.73,10.39,47.84,1.80,9.31,1.83,,,,,,,,,,,,,,,,200.97,-,,,,,,,,,,,,,,,,,,,,,,,,,-,-,,,,,,,,,,,,,,,,,,,,,,,,,
,04-22-2015,08:37:23, Lane 1 ,Rev,FF,,667,5,20,,2,16.58,,,,,,,,,,,,,,,,,,,,,,,,16.58,-,,,,,,,,,,,,,,,,,,,,,,,,,-,-,,,,,,,,,,,,,,,,,,,,,,,,,
,04-22-2015,08:37:37, Lane 1 ,Rev,FF,,668,15,20,,>Range,,,,,,,,,,,,,,,,,,,,,,,,,0.00,-,,,,,,,,,,,,,,,,,,,,,,,,,-,-,,,,,,,,,,,,,,,,,,,,,,,,,0.000
,04-22-2015,08:37:48, Lane 1 ,Rev,FF,,669,2,20,,4,12.70,41.74,9.73,,,,,,,,,,,,,,,,,,,,,,64.17,-,,,,,,,,,,,,,,,,,,,,,,,,,-,-,,,,,,,,,,,,,,,,,,,,,,,,,
,04-22-2015,08:37:52, Lane 1 ,Fwd,FF,,670,2,19,,2,8.37,,,,,,,,,,,,,,,,,,,,,,,,8.37,-,,,,,,,,,,,,,,,,,,,,,,,,,-,-,,,,,,,,,,,,,,,,,,,,,,,,,
,04-22-2015,08:37:54, Lane 1 ,Fwd,FF,,671,2,20,,2,9.88,,,,,,,,,,,,,,,,,,,,,,,,9.88,-,,,,,,,,,,,,,,,,,,,,,,,,,-,-,,,,,,,,,,,,,,,,,,,,,,,,,
,04-22-2015,08:37:56, Lane 1 ,Fwd,FF,,672,2,20,,2,8.57,,,,,,,,,,,,,,,,,,,,,,,,8.57,-,,,,,,,,,,,,,,,,,,,,,,,,,-,-,,,,,,,,,,,,,,,,,,,,,,,,,
,04-22-2015,08:37:58, Lane 1 ,Fwd,FF,,673,2,20,,2,9.02,,,,,,,,,,,,,,,,,,,,,,,,9.02,-,,,,,,,,,,,,,,,,,,,,,,,,,-,-,,,,,,,,,,,,,,,,,,,,,,,,,
,04-22-2015,08:38:00, Lane 1 ,Fwd,FF,,674,2,20,,2,8.49,,,,,,,,,,,,,,,,,,,,,,,,8.49,-,,,,,,,,,,,,,,,,,,,,,,,,,-,-,,,,,,,,,,,,,,,,,,,,,,,,,
,04-22-2015,08:38:02, Lane 1 ,Fwd,FF,,675,2,21,,2,9.01,,,,,,,,,,,,,,,,,,,,,,,,9.01,-,,,,,,,,,,,,,,,,,,,,,,,,,-,-,,,,,,,,,,,,,,,,,,,,,,,,,
,04-22-2015,08:38:03, Lane 1 ,Fwd,FF,,676,2,20,,2,9.05,,,,,,,,,,,,,,,,,,,,,,,,9.05,-,,,,,,,,,,,,,,,,,,,,,,,,,-,-,,,,,,,,,,,,,,,,,,,,,,,,,
,04-22-2015,08:38:06, Lane 1 ,Fwd,FF,,677,2,20,,4,13.44,43.68,10.48,,,,,,,,,,,,,,,,,,,,,,67.60,-,,,,,,,,,,,,,,,,,,,,,,,,,-,-,,,,,,,,,,,,,,,,,,,,,,,,,
,04-22-2015,08:38:13, Lane 1 ,Fwd,FF,,678,4,20,,2,20.55,,,,,,,,,,,,,,,,,,,,,,,,20.55,-,,,,,,,,,,,,,,,,,,,,,,,,,-,-,,,,,,,,,,,,,,,,,,,,,,,,,
,04-22-2015,08:38:17, Lane 1 ,Fwd,FF,,679,2,20,,4,21.01,57.01,15.59,,,,,,,,,,,,,,,,,,,,,,93.61,-,,,,,,,,,,,,,,,,,,,,,,,,,-,-,,,,,,,,,,,,,,,,,,,,,,,,,
,04-22-2015,08:38:23, Lane 1 ,Fwd,FF,,680,5,20,,2,14.87,,,,,,,,,,,,,,,,,,,,,,,,14.87,-,,,,,,,,,,,,,,,,,,,,,,,,,-,-,,,,,,,,,,,,,,,,,,,,,,,,,
,04-22-2015,08:38:27, Lane 1 ,Fwd,FF,,681,6,15,,3,11.83,1.44,,,,,,,,,,,,,,,,,,,,,,,13.27,-,,,,,,,,,,,,,,,,,,,,,,,,,-,-,,,,,,,,,,,,,,,,,,,,,,,,,
,04-22-2015,08:38:31, Lane 1 ,Fwd,FF,,682,2,16,,2,9.03,,,,,,,,,,,,,,,,,,,,,,,,9.03,-,,,,,,,,,,,,,,,,,,,,,,,,,-,-,,,,,,,,,,,,,,,,,,,,,,,,,
,04-22-2015,08:38:33, Lane 1 ,Fwd,FF,,683,2,18,,2,9.22,,,,,,,,,,,,,,,,,,,,,,,,9.22,-,,,,,,,,,,,,,,,,,,,,,,,,,-,-,,,,,,,,,,,,,,,,,,,,,,,,,
,04-22-2015,08:38:35, Lane 1 ,Fwd,FF,,684,2,18,,2,8.67,,,,,,,,,,,,,,,,,,,,,,,,8.67,-,,,,,,,,,,,,,,,,,,,,,,,,,-,-,,,,,,,,,,,,,,,,,,,,,,,,,
,04-22-2015,08:38:37, Lane 1 ,Fwd,FF,,685,3,18,,2,10.62,,,,,,,,,,,,,,,,,,,,,,,,10.62,-,,,,,,,,,,,,,,,,,,,,,,,,,-,-,,,,,,,,,,,,,,,,,,,,,,,,,
,04-22-2015,08:38:41, Lane 1 ,Fwd,FF,,686,3,18,,2,10.43,,,,,,,,,,,,,,,,,,,,,,,,10.43,-,,,,,,,,,,,,,,,,,,,,,,,,,-,-,,,,,,,,,,,,,,,,,,,,,,,,,
,04-22-2015,08:38:43, Lane 1 ,Fwd,FF,,687,2,19,,2,9.27,,,,,,,,,,,,,,,,,,,,,,,,9.27,-,,,,,,,,,,,,,,,,,,,,,,,,,-,-,,,,,,,,,,,,,,,,,,,,,,,,,
,04-22-2015,08:38:46, Lane 1 ,Fwd,FF,,688,2,20,,4,10.25,37.68,10.25,,,,,,,,,,,,,,,,,,,,,,58.18,-,,,,,,,,,,,,,,,,,,,,,,,,,-,-,,,,,,,,,,,,,,,,,,,,,,,,,
,04-22-2015,08:38:52, Lane 1 ,Fwd,FF,,689,3,20,,2,10.68,,,,,,,,,,,,,,,,,,,,,,,,10.68,-,,,,,,,,,,,,,,,,,,,,,,,,,-,-,,,,,,,,,,,,,,,,,,,,,,,,,
,04-22-2015,08:38:55, Lane 1 ,Fwd,FF,,690,13,20,,7,10.28,31.57,11.16,1.83,38.00,9.33,,,,,,,,,,,,,,,,,,,102.17,-,,,,,,,,,,,,,,,,,,,,,,,,,-,-,,,,,,,,,,,,,,,,,,,,,,,,,
,04-22-2015,08:39:02, Lane 1 ,Fwd,FF,,691,2,20,,2,8.84,,,,,,,,,,,,,,,,,,,,,,,,8.84,-,,,,,,,,,,,,,,,,,,,,,,,,,-,-,,,,,,,,,,,,,,,,,,,,,,,,,
,04-22-2015,08:39:05, Lane 1 ,Fwd,FF,,692,3,22,,2,11.84,,,,,,,,,,,,,,,,,,,,,,,,11.84,-,,,,,,,,,,,,,,,,,,,,,,,,,-,-,,,,,,,,,,,,,,,,,,,,,,,,,
,04-22-2015,08:39:09, Lane 1 ,Fwd,FF,,693,5,22,,2,16.44,,,,,,,,,,,,,,,,,,,,,,,,16.44,-,,,,,,,,,,,,,,,,,,,,,,,,,-,-,,,,,,,,,,,,,,,,,,,,,,,,,
,04-22-2015,08:39:12, Lane 1 ,Fwd,FF,,694,3,22,,2,10.27,,,,,,,,,,,,,,,,,,,,,,,,10.27,-,,,,,,,,,,,,,,,,,,,,,,,,,-,-,,,,,,,,,,,,,,,,,,,,,,,,,
,04-22-2015,08:39:14, Lane 1 ,Fwd,FF,,695,2,21,,2,9.08,,,,,,,,,,,,,,,,,,,,,,,,9.08,-,,,,,,,,,,,,,,,,,,,,,,,,,-,-,,,,,,,,,,,,,,,,,,,,,,,,,
,04-22-2015,08:39:17, Lane 1 ,Fwd,FF,,696,2,20,,2,8.99,,,,,,,,,,,,,,,,,,,,,,,,8.99,-,,,,,,,,,,,,,,,,,,,,,,,,,-,-,,,,,,,,,,,,,,,,,,,,,,,,,
,04-22-2015,08:39:20, Lane 1 ,Fwd,FF,,697,2,17,,2,8.88,,,,,,,,,,,,,,,,,,,,,,,,8.88,-,,,,,,,,,,,,,,,,,,,,,,,,,-,-,,,,,,,,,,,,,,,,,,,,,,,,,
,04-22-2015,08:39:23, Lane 1 ,Fwd,FF,,698,3,16,,2,10.24,,,,,,,,,,,,,,,,,,,,,,,,10.24,-,,,,,,,,,,,,,,,,,,,,,,,,,-,-,,,,,,,,,,,,,,,,,,,,,,,,,
,04-22-2015,08:39:30, Lane 1 ,Fwd,FF,,699,3,15,,2,12.02,,,,,,,,,,,,,,,,,,,,,,,,12.02,-,,,,,,,,,,,,,,,,,,,,,,,,,-,-,,,,,,,,,,,,,,,,,,,,,,,,,
,04-22-2015,08:39:32, Lane 1 ,Fwd,FF,,700,3,21,,2,12.73,,,,,,,,,,,,,,,,,,,,,,,,12.73,-,,,,,,,,,,,,,,,,,,,,,,,,,-,-,,,,,,,,,,,,,,,,,,,,,,,,,
,04-22-2015,08:39:35, Lane 1 ,Fwd,FF,,701,5,21,,2,13.48,,,,,,,,,,,,,,,,,,,,,,,,13.48,-,,,,,,,,,,,,,,,,,,,,,,,,,-,-,,,,,,,,,,,,,,,,,,,,,,,,,
,04-22-2015,08:39:37, Lane 1 ,Fwd,FF,,702,2,21,,3,2.11,11.22,,,,,,,,,,,,,,,,,,,,,,,13.33,-,,,,,,,,,,,,,,,,,,,,,,,,,-,-,,,,,,,,,,,,,,,,,,,,,,,,,
,04-22-2015,08:39:43, Lane 1 ,Fwd,FF,,703,2,16,,2,9.53,,,,,,,,,,,,,,,,,,,,,,,,9.53,-,,,,,,,,,,,,,,,,,,,,,,,,,-,-,,,,,,,,,,,,,,,,,,,,,,,,,
,04-22-2015,08:39:45, Lane 1 ,Fwd,FF,,704,2,18,,2,8.91,,,,,,,,,,,,,,,,,,,,,,,,8.91,-,,,,,,,,,,,,,,,,,,,,,,,,,-,-,,,,,,,,,,,,,,,,,,,,,,,,,
,04-22-2015,08:39:48, Lane 1 ,Fwd,FF,,705,2,17,,2,8.96,,,,,,,,,,,,,,,,,,,,,,,,8.96,-,,,,,,,,,,,,,,,,,,,,,,,,,-,-,,,,,,,,,,,,,,,,,,,,,,,,,
,04-22-2015,08:39:50, Lane 1 ,Fwd,FF,,706,2,17,,2,9.13,,,,,,,,,,,,,,,,,,,,,,,,9.13,-,,,,,,,,,,,,,,,,,,,,,,,,,-,-,,,,,,,,,,,,,,,,,,,,,,,,,
,04-22-2015,08:39:52, Lane 1 ,Fwd,FF,,707,3,21,,2,11.31,,,,,,,,,,,,,,,,,,,,,,,,11.31,-,,,,,,,,,,,,,,,,,,,,,,,,,-,-,,,,,,,,,,,,,,,,,,,,,,,,,
,04-22-2015,08:39:54, Lane 1 ,Fwd,FF,,708,5,15,,2,14.34,,,,,,,,,,,,,,,,,,,,,,,,14.34,-,,,,,,,,,,,,,,,,,,,,,,,,,-,-,,,,,,,,,,,,,,,,,,,,,,,,,
,04-22-2015,08:39:57, Lane 1 ,Fwd,FF,,709,5,21,,2,14.33,,,,,,,,,,,,,,,,,,,,,,,,14.33,-,,,,,,,,,,,,,,,,,,,,,,,,,-,-,,,,,,,,,,,,,,,,,,,,,,,,,
,04-22-2015,08:40:00, Lane 1 ,Fwd,FF,,710,2,12,,2,8.90,,,,,,,,,,,,,,,,,,,,,,,,8.90,-,,,,,,,,,,,,,,,,,,,,,,,,,-,-,,,,,,,,,,,,,,,,,,,,,,,,,
,04-22-2015,08:40:07, Lane 1 ,Fwd,FF,,711,3,21,,2,11.94,,,,,,,,,,,,,,,,,,,,,,,,11.94,-,,,,,,,,,,,,,,,,,,,,,,,,,-,-,,,,,,,,,,,,,,,,,,,,,,,,,
,04-22-2015,08:40:09, Lane 1 ,Fwd,FF,,712,2,19,,2,8.42,,,,,,,,,,,,,,,,,,,,,,,,8.42,-,,,,,,,,,,,,,,,,,,,,,,,,,-,-,,,,,,,,,,,,,,,,,,,,,,,,,
,04-22-2015,08:40:12, Lane 1 ,Fwd,FF,,713,3,18,,2,10.60,,,,,,,,,,,,,,,,,,,,,,,,10.60,-,,,,,,,,,,,,,,,,,,,,,,,,,-,-,,,,,,,,,,,,,,,,,,,,,,,,,
,04-22-2015,08:40:16, Lane 1 ,Fwd,FF,,714,2,19,,2,8.72,,,,,,,,,,,,,,,,,,,,,,,,8.72,-,,,,,,,,,,,,,,,,,,,,,,,,,-,-,,,,,,,,,,,,,,,,,,,,,,,,,
,04-22-2015,08:40:19, Lane 1 ,Fwd,FF,,715,2,19,,2,9.02,,,,,,,,,,,,,,,,,,,,,,,,9.02,-,,,,,,,,,,,,,,,,,,,,,,,,,-,-,,,,,,,,,,,,,,,,,,,,,,,,,
,04-22-2015,08:40:22, Lane 1 ,Fwd,FF,,716,2,21,,4,11.12,49.58,13.23,,,,,,,,,,,,,,,,,,,,,,73.93,-,,,,,,,,,,,,,,,,,,,,,,,,,-,-,,,,,,,,,,,,,,,,,,,,,,,,,
,04-22-2015,08:40:26, Lane 1 ,Fwd,FF,,717,2,16,,2,8.93,,,,,,,,,,,,,,,,,,,,,,,,8.93,-,,,,,,,,,,,,,,,,,,,,,,,,,-,-,,,,,,,,,,,,,,,,,,,,,,,,,
,04-22-2015,08:40:30, Lane 1 ,Fwd,FF,,718,8,21,,4,16.06,20.02,3.21,,,,,,,,,,,,,,,,,,,,,,39.29,-,,,,,,,,,,,,,,,,,,,,,,,,,-,-,,,,,,,,,,,,,,,,,,,,,,,,,
,04-22-2015,08:40:36, Lane 1 ,Fwd,FF,,719,2,19,,2,9.47,,,,,,,,,,,,,,,,,,,,,,,,9.47,-,,,,,,,,,,,,,,,,,,,,,,,,,-,-,,,,,,,,,,,,,,,,,,,,,,,,,
,04-22-2015,08:40:38, Lane 1 ,Fwd,FF,,720,2,20,,2,8.40,,,,,,,,,,,,,,,,,,,,,,,,8.40,-,,,,,,,,,,,,,,,,,,,,,,,,,-,-,,,,,,,,,,,,,,,,,,,,,,,,,
,04-22-2015,08:40:41, Lane 1 ,Fwd,FF,,721,2,19,,2,8.73,,,,,,,,,,,,,,,,,,,,,,,,8.73,-,,,,,,,,,,,,,,,,,,,,,,,,,-,-,,,,,,,,,,,,,,,,,,,,,,,,,
,04-22-2015,08:40:44, Lane 1 ,Fwd,FF,,722,2,18,,2,9.87,,,,,,,,,,,,,,,,,,,,,,,,9.87,-,,,,,,,,,,,,,,,,,,,,,,,,,-,-,,,,,,,,,,,,,,,,,,,,,,,,,
,04-22-2015,08:40:45, Lane 1 ,Fwd,FF,,723,2,18,,2,9.46,,,,,,,,,,,,,,,,,,,,,,,,9.46,-,,,,,,,,,,,,,,,,,,,,,,,,,-,-,,,,,,,,,,,,,,,,,,,,,,,,,
,04-22-2015,08:40:48, Lane 1 ,Fwd,FF,,724,3,21,,2,11.44,,,,,,,,,,,,,,,,,,,,,,,,11.44,-,,,,,,,,,,,,,,,,,,,,,,,,,-,-,,,,,,,,,,,,,,,,,,,,,,,,,
,04-22-2015,08:40:51, Lane 1 ,Fwd,FF,,725,2,17,,2,9.25,,,,,,,,,,,,,,,,,,,,,,,,9.25,-,,,,,,,,,,,,,,,,,,,,,,,,,-,-,,,,,,,,,,,,,,,,,,,,,,,,,
,04-22-2015,08:40:54, Lane 1 ,Fwd,FF,,726,2,17,,2,9.24,,,,,,,,,,,,,,,,,,,,,,,,9.24,-,,,,,,,,,,,,,,,,,,,,,,,,,-,-,,,,,,,,,,,,,,,,,,,,,,,,,
,04-22-2015,08:40:57, Lane 1 ,Fwd,FF,,727,2,16,,4,1.50,8.14,1.22,,,,,,,,,,,,,,,,,,,,,,10.86,-,,,,,,,,,,,,,,,,,,,,,,,,,-,-,,,,,,,,,,,,,,,,,,,,,,,,,
,04-22-2015,08:40:59, Lane 1 ,Fwd,FF,,728,2,16,,2,8.85,,,,,,,,,,,,,,,,,,,,,,,,8.85,-,,,,,,,,,,,,,,,,,,,,,,,,,-,-,,,,,,,,,,,,,,,,,,,,,,,,,
,04-22-2015,08:41:01, Lane 1 ,Fwd,FF,,729,2,19,,2,8.04,,,,,,,,,,,,,,,,,,,,,,,,8.04,-,,,,,,,,,,,,,,,,,,,,,,,,,-,-,,,,,,,,,,,,,,,,,,,,,,,,,
,04-22-2015,08:41:03, Lane 1 ,Fwd,FF,,730,2,18,,2,8.99,,,,,,,,,,,,,,,,,,,,,,,,8.99,-,,,,,,,,,,,,,,,,,,,,,,,,,-,-,,,,,,,,,,,,,,,,,,,,,,,,,
,04-22-2015,08:41:06, Lane 1 ,Fwd,FF,,731,3,22,,2,11.77,,,,,,,,,,,,,,,,,,,,,,,,11.77,-,,,,,,,,,,,,,,,,,,,,,,,,,-,-,,,,,,,,,,,,,,,,,,,,,,,,,
,04-22-2015,08:41:08, Lane 1 ,Fwd,FF,,732,2,23,,2,8.39,,,,,,,,,,,,,,,,,,,,,,,,8.39,-,,,,,,,,,,,,,,,,,,,,,,,,,-,-,,,,,,,,,,,,,,,,,,,,,,,,,
,04-22-2015,08:41:10, Lane 1 ,Fwd,FF,,733,2,21,,2,8.34,,,,,,,,,,,,,,,,,,,,,,,,8.34,-,,,,,,,,,,,,,,,,,,,,,,,,,-,-,,,,,,,,,,,,,,,,,,,,,,,,,
,04-22-2015,08:41:12, Lane 1 ,Fwd,FF,,734,2,25,,2,8.44,,,,,,,,,,,,,,,,,,,,,,,,8.44,-,,,,,,,,,,,,,,,,,,,,,,,,,-,-,,,,,,,,,,,,,,,,,,,,,,,,,
,04-22-2015,08:41:14, Lane 1 ,Fwd,FF,,735,2,30,,2,8.85,,,,,,,,,,,,,,,,,,,,,,,,8.85,-,,,,,,,,,,,,,,,,,,,,,,,,,-,-,,,,,,,,,,,,,,,,,,,,,,,,,
,04-22-2015,08:41:17, Lane 1 ,Fwd,FF,,736,2,32,,2,8.48,,,,,,,,,,,,,,,,,,,,,,,,8.48,-,,,,,,,,,,,,,,,,,,,,,,,,,-,-,,,,,,,,,,,,,,,,,,,,,,,,,
,04-22-2015,08:41:24, Lane 1 ,Fwd,FF,,737,2,32,,2,8.46,,,,,,,,,,,,,,,,,,,,,,,,8.46,-,,,,,,,,,,,,,,,,,,,,,,,,,-,-,,,,,,,,,,,,,,,,,,,,,,,,,
,04-22-2015,08:41:26, Lane 1 ,Fwd,FF,,738,2,33,,2,7.99,,,,,,,,,,,,,,,,,,,,,,,,7.99,-,,,,,,,,,,,,,,,,,,,,,,,,,-,-,,,,,,,,,,,,,,,,,,,,,,,,,
,04-22-2015,08:41:29, Lane 1 ,Fwd,FF,,739,3,37,,2,11.84,,,,,,,,,,,,,,,,,,,,,,,,11.84,-,,,,,,,,,,,,,,,,,,,,,,,,,-,-,,,,,,,,,,,,,,,,,,,,,,,,,
,04-22-2015,08:41:33, Lane 1 ,Fwd,FF,,740,2,35,,2,8.73,,,,,,,,,,,,,,,,,,,,,,,,8.73,-,,,,,,,,,,,,,,,,,,,,,,,,,-,-,,,,,,,,,,,,,,,,,,,,,,,,,
,04-22-2015,08:41:36, Lane 1 ,Fwd,FF,,741,2,34,,2,8.95,,,,,,,,,,,,,,,,,,,,,,,,8.95,-,,,,,,,,,,,,,,,,,,,,,,,,,-,-,,,,,,,,,,,,,,,,,,,,,,,,,
,04-22-2015,08:41:39, Lane 1 ,Fwd,FF,,742,2,33,,2,8.56,,,,,,,,,,,,,,,,,,,,,,,,8.56,-,,,,,,,,,,,,,,,,,,,,,,,,,-,-,,,,,,,,,,,,,,,,,,,,,,,,,
,04-22-2015,08:41:41, Lane 1 ,Fwd,FF,,743,2,32,,2,9.50,,,,,,,,,,,,,,,,,,,,,,,,9.50,-,,,,,,,,,,,,,,,,,,,,,,,,,-,-,,,,,,,,,,,,,,,,,,,,,,,,,
,04-22-2015,08:41:43, Lane 1 ,Fwd,FF,,744,2,32,,2,9.97,,,,,,,,,,,,,,,,,,,,,,,,9.97,-,,,,,,,,,,,,,,,,,,,,,,,,,-,-,,,,,,,,,,,,,,,,,,,,,,,,,
,04-22-2015,08:41:46, Lane 1 ,Fwd,FF,,745,3,33,,2,11.22,,,,,,,,,,,,,,,,,,,,,,,,11.22,-,,,,,,,,,,,,,,,,,,,,,,,,,-,-,,,,,,,,,,,,,,,,,,,,,,,,,
,04-22-2015,08:41:49, Lane 1 ,Fwd,FF,,746,2,36,,2,9.02,,,,,,,,,,,,,,,,,,,,,,,,9.02,-,,,,,,,,,,,,,,,,,,,,,,,,,-,-,,,,,,,,,,,,,,,,,,,,,,,,,
,04-22-2015,08:41:54, Lane 1 ,Fwd,FF,,747,3,30,,2,10.69,,,,,,,,,,,,,,,,,,,,,,,,10.69,-,,,,,,,,,,,,,,,,,,,,,,,,,-,-,,,,,,,,,,,,,,,,,,,,,,,,,
,04-22-2015,08:41:57, Lane 1 ,Fwd,FF,,748,5,30,,2,19.29,,,,,,,,,,,,,,,,,,,,,,,,19.29,-,,,,,,,,,,,,,,,,,,,,,,,,,-,-,,,,,,,,,,,,,,,,,,,,,,,,,
,04-22-2015,08:42:00, Lane 1 ,Fwd,FF,,749,2,32,,2,9.51,,,,,,,,,,,,,,,,,,,,,,,,9.51,-,,,,,,,,,,,,,,,,,,,,,,,,,-,-,,,,,,,,,,,,,,,,,,,,,,,,,
,04-22-2015,08:42:04, Lane 1 ,Fwd,FF,,750,2,33,,2,8.88,,,,,,,,,,,,,,,,,,,,,,,,8.88,-,,,,,,,,,,,,,,,,,,,,,,,,,-,-,,,,,,,,,,,,,,,,,,,,,,,,,
,04-22-2015,08:42:06, Lane 1 ,Fwd,FF,,751,2,35,,2,8.95,,,,,,,,,,,,,,,,,,,,,,,,8.95,-,,,,,,,,,,,,,,,,,,,,,,,,,-,-,,,,,,,,,,,,,,,,,,,,,,,,,
,04-22-2015,08:42:08, Lane 1 ,Fwd,FF,,752,2,37,,2,8.99,,,,,,,,,,,,,,,,,,,,,,,,8.99,-,,,,,,,,,,,,,,,,,,,,,,,,,-,-,,,,,,,,,,,,,,,,,,,,,,,,,
,04-22-2015,08:42:12, Lane 1 ,Fwd,FF,,753,2,35,,2,8.71,,,,,,,,,,,,,,,,,,,,,,,,8.71,-,,,,,,,,,,,,,,,,,,,,,,,,,-,-,,,,,,,,,,,,,,,,,,,,,,,,,
,04-22-2015,08:42:13, Lane 1 ,Fwd,FF,,754,2,37,,2,7.80,,,,,,,,,,,,,,,,,,,,,,,,7.80,-,,,,,,,,,,,,,,,,,,,,,,,,,-,-,,,,,,,,,,,,,,,,,,,,,,,,,
,04-22-2015,08:42:15, Lane 1 ,Fwd,FF,,755,2,37,,2,9.19,,,,,,,,,,,,,,,,,,,,,,,,9.19,-,,,,,,,,,,,,,,,,,,,,,,,,,-,-,,,,,,,,,,,,,,,,,,,,,,,,,
,04-22-2015,08:42:17, Lane 1 ,Fwd,FF,,756,3,37,,2,10.91,,,,,,,,,,,,,,,,,,,,,,,,10.91,-,,,,,,,,,,,,,,,,,,,,,,,,,-,-,,,,,,,,,,,,,,,,,,,,,,,,,
,04-22-2015,08:42:22, Lane 1 ,Fwd,FF,,757,1,33,,2,5.14,,,,,,,,,,,,,,,,,,,,,,,,5.14,-,,,,,,,,,,,,,,,,,,,,,,,,,-,-,,,,,,,,,,,,,,,,,,,,,,,,,
,04-22-2015,08:42:26, Lane 1 ,Fwd,FF,,758,2,37,,2,8.93,,,,,,,,,,,,,,,,,,,,,,,,8.93,-,,,,,,,,,,,,,,,,,,,,,,,,,-,-,,,,,,,,,,,,,,,,,,,,,,,,,
,04-22-2015,08:42:27, Lane 1 ,Fwd,FF,,759,2,38,,2,8.54,,,,,,,,,,,,,,,,,,,,,,,,8.54,-,,,,,,,,,,,,,,,,,,,,,,,,,-,-,,,,,,,,,,,,,,,,,,,,,,,,,
,04-22-2015,08:42:32, Lane 1 ,Fwd,FF,,760,2,37,,2,9.20,,,,,,,,,,,,,,,,,,,,,,,,9.20,-,,,,,,,,,,,,,,,,,,,,,,,,,-,-,,,,,,,,,,,,,,,,,,,,,,,,,
,04-22-2015,08:42:35, Lane 1 ,Fwd,FF,,761,2,34,,2,8.67,,,,,,,,,,,,,,,,,,,,,,,,8.67,-,,,,,,,,,,,,,,,,,,,,,,,,,-,-,,,,,,,,,,,,,,,,,,,,,,,,,
,04-22-2015,08:42:36, Lane 1 ,Fwd,FF,,762,2,35,,2,8.26,,,,,,,,,,,,,,,,,,,,,,,,8.26,-,,,,,,,,,,,,,,,,,,,,,,,,,-,-,,,,,,,,,,,,,,,,,,,,,,,,,
,04-22-2015,08:42:39, Lane 1 ,Fwd,FF,,763,2,36,,2,8.32,,,,,,,,,,,,,,,,,,,,,,,,8.32,-,,,,,,,,,,,,,,,,,,,,,,,,,-,-,,,,,,,,,,,,,,,,,,,,,,,,,
,04-22-2015,08:42:40, Lane 1 ,Fwd,FF,,764,2,37,,2,8.52,,,,,,,,,,,,,,,,,,,,,,,,8.52,-,,,,,,,,,,,,,,,,,,,,,,,,,-,-,,,,,,,,,,,,,,,,,,,,,,,,,
,04-22-2015,08:42:43, Lane 1 ,Fwd,FF,,765,3,39,,2,11.27,,,,,,,,,,,,,,,,,,,,,,,,11.27,-,,,,,,,,,,,,,,,,,,,,,,,,,-,-,,,,,,,,,,,,,,,,,,,,,,,,,
,04-22-2015,08:42:48, Lane 1 ,Fwd,FF,,766,2,38,,2,9.66,,,,,,,,,,,,,,,,,,,,,,,,9.66,-,,,,,,,,,,,,,,,,,,,,,,,,,-,-,,,,,,,,,,,,,,,,,,,,,,,,,
,04-22-2015,08:42:50, Lane 1 ,Fwd,FF,,767,2,41,,2,8.56,,,,,,,,,,,,,,,,,,,,,,,,8.56,-,,,,,,,,,,,,,,,,,,,,,,,,,-,-,,,,,,,,,,,,,,,,,,,,,,,,,
,04-22-2015,08:42:54, Lane 1 ,Fwd,FF,,768,3,38,,2,11.28,,,,,,,,,,,,,,,,,,,,,,,,11.28,-,,,,,,,,,,,,,,,,,,,,,,,,,-,-,,,,,,,,,,,,,,,,,,,,,,,,,
,04-22-2015,08:42:57, Lane 1 ,Fwd,FF,,769,3,37,,2,10.31,,,,,,,,,,,,,,,,,,,,,,,,10.31,-,,,,,,,,,,,,,,,,,,,,,,,,,-,-,,,,,,,,,,,,,,,,,,,,,,,,,
,04-22-2015,08:42:58, Lane 1 ,Fwd,FF,,770,2,37,,2,8.99,,,,,,,,,,,,,,,,,,,,,,,,8.99,-,,,,,,,,,,,,,,,,,,,,,,,,,-,-,,,,,,,,,,,,,,,,,,,,,,,,,
,04-22-2015,08:43:02, Lane 1 ,Fwd,FF,,771,2,32,,2,8.37,,,,,,,,,,,,,,,,,,,,,,,,8.37,-,,,,,,,,,,,,,,,,,,,,,,,,,-,-,,,,,,,,,,,,,,,,,,,,,,,,,
,04-22-2015,08:43:04, Lane 1 ,Fwd,FF,,772,2,33,,2,8.68,,,,,,,,,,,,,,,,,,,,,,,,8.68,-,,,,,,,,,,,,,,,,,,,,,,,,,-,-,,,,,,,,,,,,,,,,,,,,,,,,,
,04-22-2015,08:43:06, Lane 1 ,Fwd,FF,,773,2,32,,2,8.47,,,,,,,,,,,,,,,,,,,,,,,,8.47,-,,,,,,,,,,,,,,,,,,,,,,,,,-,-,,,,,,,,,,,,,,,,,,,,,,,,,
,04-22-2015,08:43:10, Lane 1 ,Fwd,FF,,774,2,34,,2,9.05,,,,,,,,,,,,,,,,,,,,,,,,9.05,-,,,,,,,,,,,,,,,,,,,,,,,,,-,-,,,,,,,,,,,,,,,,,,,,,,,,,
,04-22-2015,08:43:13, Lane 1 ,Fwd,FF,,775,2,32,,2,9.16,,,,,,,,,,,,,,,,,,,,,,,,9.16,-,,,,,,,,,,,,,,,,,,,,,,,,,-,-,,,,,,,,,,,,,,,,,,,,,,,,,
,04-22-2015,08:43:15, Lane 1 ,Fwd,FF,,776,2,33,,2,8.62,,,,,,,,,,,,,,,,,,,,,,,,8.62,-,,,,,,,,,,,,,,,,,,,,,,,,,-,-,,,,,,,,,,,,,,,,,,,,,,,,,
,04-22-2015,08:43:17, Lane 1 ,Fwd,FF,,777,2,31,,2,8.56,,,,,,,,,,,,,,,,,,,,,,,,8.56,-,,,,,,,,,,,,,,,,,,,,,,,,,-,-,,,,,,,,,,,,,,,,,,,,,,,,,
,04-22-2015,08:43:19, Lane 1 ,Fwd,FF,,778,1,31,,2,4.59,,,,,,,,,,,,,,,,,,,,,,,,4.59,-,,,,,,,,,,,,,,,,,,,,,,,,,-,-,,,,,,,,,,,,,,,,,,,,,,,,,
,04-22-2015,08:43:21, Lane 1 ,Fwd,FF,,779,2,33,,2,9.48,,,,,,,,,,,,,,,,,,,,,,,,9.48,-,,,,,,,,,,,,,,,,,,,,,,,,,-,-,,,,,,,,,,,,,,,,,,,,,,,,,
,04-22-2015,08:43:23, Lane 1 ,Fwd,FF,,780,2,34,,2,8.77,,,,,,,,,,,,,,,,,,,,,,,,8.77,-,,,,,,,,,,,,,,,,,,,,,,,,,-,-,,,,,,,,,,,,,,,,,,,,,,,,,
,04-22-2015,08:43:25, Lane 1 ,Fwd,FF,,781,2,35,,2,9.66,,,,,,,,,,,,,,,,,,,,,,,,9.66,-,,,,,,,,,,,,,,,,,,,,,,,,,-,-,,,,,,,,,,,,,,,,,,,,,,,,,
,04-22-2015,08:43:28, Lane 1 ,Fwd,FF,,782,3,38,,2,10.73,,,,,,,,,,,,,,,,,,,,,,,,10.73,-,,,,,,,,,,,,,,,,,,,,,,,,,-,-,,,,,,,,,,,,,,,,,,,,,,,,,
,04-22-2015,08:43:31, Lane 1 ,Fwd,FF,,783,2,40,,2,8.45,,,,,,,,,,,,,,,,,,,,,,,,8.45,-,,,,,,,,,,,,,,,,,,,,,,,,,-,-,,,,,,,,,,,,,,,,,,,,,,,,,
,04-22-2015,08:43:33, Lane 1 ,Fwd,FF,,784,2,41,,2,8.97,,,,,,,,,,,,,,,,,,,,,,,,8.97,-,,,,,,,,,,,,,,,,,,,,,,,,,-,-,,,,,,,,,,,,,,,,,,,,,,,,,
,04-22-2015,08:43:35, Lane 1 ,Fwd,FF,,785,2,39,,2,9.90,,,,,,,,,,,,,,,,,,,,,,,,9.90,-,,,,,,,,,,,,,,,,,,,,,,,,,-,-,,,,,,,,,,,,,,,,,,,,,,,,,
,04-22-2015,08:43:38, Lane 1 ,Fwd,FF,,786,2,35,,2,9.47,,,,,,,,,,,,,,,,,,,,,,,,9.47,-,,,,,,,,,,,,,,,,,,,,,,,,,-,-,,,,,,,,,,,,,,,,,,,,,,,,,
,04-22-2015,08:43:40, Lane 1 ,Fwd,FF,,787,3,30,,2,11.48,,,,,,,,,,,,,,,,,,,,,,,,11.48,-,,,,,,,,,,,,,,,,,,,,,,,,,-,-,,,,,,,,,,,,,,,,,,,,,,,,,
,04-22-2015,08:43:43, Lane 1 ,Fwd,FF,,788,2,30,,2,9.66,,,,,,,,,,,,,,,,,,,,,,,,9.66,-,,,,,,,,,,,,,,,,,,,,,,,,,-,-,,,,,,,,,,,,,,,,,,,,,,,,,
,04-22-2015,08:43:45, Lane 1 ,Fwd,FF,,789,2,30,,2,8.77,,,,,,,,,,,,,,,,,,,,,,,,8.77,-,,,,,,,,,,,,,,,,,,,,,,,,,-,-,,,,,,,,,,,,,,,,,,,,,,,,,
,04-22-2015,08:43:48, Lane 1 ,Fwd,FF,,790,3,30,,2,11.82,,,,,,,,,,,,,,,,,,,,,,,,11.82,-,,,,,,,,,,,,,,,,,,,,,,,,,-,-,,,,,,,,,,,,,,,,,,,,,,,,,
,04-22-2015,08:43:51, Lane 1 ,Fwd,FF,,791,3,33,,2,12.54,,,,,,,,,,,,,,,,,,,,,,,,12.54,-,,,,,,,,,,,,,,,,,,,,,,,,,-,-,,,,,,,,,,,,,,,,,,,,,,,,,
,04-22-2015,08:43:57, Lane 1 ,Fwd,FF,,792,4,27,,2,22.29,,,,,,,,,,,,,,,,,,,,,,,,22.29,-,,,,,,,,,,,,,,,,,,,,,,,,,-,-,,,,,,,,,,,,,,,,,,,,,,,,,
,04-22-2015,08:44:00, Lane 1 ,Fwd,FF,,793,3,27,,2,11.26,,,,,,,,,,,,,,,,,,,,,,,,11.26,-,,,,,,,,,,,,,,,,,,,,,,,,,-,-,,,,,,,,,,,,,,,,,,,,,,,,,
,04-22-2015,08:44:02, Lane 1 ,Fwd,FF,,794,3,28,,2,10.61,,,,,,,,,,,,,,,,,,,,,,,,10.61,-,,,,,,,,,,,,,,,,,,,,,,,,,-,-,,,,,,,,,,,,,,,,,,,,,,,,,
,04-22-2015,08:44:04, Lane 1 ,Fwd,FF,,795,3,28,,2,10.87,,,,,,,,,,,,,,,,,,,,,,,,10.87,-,,,,,,,,,,,,,,,,,,,,,,,,,-,-,,,,,,,,,,,,,,,,,,,,,,,,,
,04-22-2015,08:44:06, Lane 1 ,Fwd,FF,,796,2,28,,2,8.40,,,,,,,,,,,,,,,,,,,,,,,,8.40,-,,,,,,,,,,,,,,,,,,,,,,,,,-,-,,,,,,,,,,,,,,,,,,,,,,,,,
,04-22-2015,08:44:09, Lane 1 ,Fwd,FF,,797,2,27,,2,8.51,,,,,,,,,,,,,,,,,,,,,,,,8.51,-,,,,,,,,,,,,,,,,,,,,,,,,,-,-,,,,,,,,,,,,,,,,,,,,,,,,,
,04-22-2015,08:44:11, Lane 1 ,Fwd,FF,,798,2,27,,2,9.11,,,,,,,,,,,,,,,,,,,,,,,,9.11,-,,,,,,,,,,,,,,,,,,,,,,,,,-,-,,,,,,,,,,,,,,,,,,,,,,,,,
,04-22-2015,08:44:12, Lane 1 ,Fwd,FF,,799,2,28,,2,9.18,,,,,,,,,,,,,,,,,,,,,,,,9.18,-,,,,,,,,,,,,,,,,,,,,,,,,,-,-,,,,,,,,,,,,,,,,,,,,,,,,,
,04-22-2015,08:44:14, Lane 1 ,Fwd,FF,,800,2,28,,2,8.44,,,,,,,,,,,,,,,,,,,,,,,,8.44,-,,,,,,,,,,,,,,,,,,,,,,,,,-,-,,,,,,,,,,,,,,,,,,,,,,,,,
,04-22-2015,08:44:16, Lane 1 ,Fwd,FF,,801,3,31,,2,11.86,,,,,,,,,,,,,,,,,,,,,,,,11.86,-,,,,,,,,,,,,,,,,,,,,,,,,,-,-,,,,,,,,,,,,,,,,,,,,,,,,,
,04-22-2015,08:44:19, Lane 1 ,Fwd,FF,,802,2,31,,2,8.35,,,,,,,,,,,,,,,,,,,,,,,,8.35,-,,,,,,,,,,,,,,,,,,,,,,,,,-,-,,,,,,,,,,,,,,,,,,,,,,,,,
,04-22-2015,08:44:21, Lane 1 ,Fwd,FF,,803,2,31,,2,9.64,,,,,,,,,,,,,,,,,,,,,,,,9.64,-,,,,,,,,,,,,,,,,,,,,,,,,,-,-,,,,,,,,,,,,,,,,,,,,,,,,,
,04-22-2015,08:44:23, Lane 1 ,Fwd,FF,,804,3,30,,2,11.16,,,,,,,,,,,,,,,,,,,,,,,,11.16,-,,,,,,,,,,,,,,,,,,,,,,,,,-,-,,,,,,,,,,,,,,,,,,,,,,,,,
,04-22-2015,08:44:25, Lane 1 ,Fwd,FF,,805,2,30,,2,9.66,,,,,,,,,,,,,,,,,,,,,,,,9.66,-,,,,,,,,,,,,,,,,,,,,,,,,,-,-,,,,,,,,,,,,,,,,,,,,,,,,,
,04-22-2015,08:44:27, Lane 1 ,Fwd,FF,,806,2,30,,2,9.21,,,,,,,,,,,,,,,,,,,,,,,,9.21,-,,,,,,,,,,,,,,,,,,,,,,,,,-,-,,,,,,,,,,,,,,,,,,,,,,,,,
,04-22-2015,08:44:29, Lane 1 ,Fwd,FF,,807,2,31,,2,9.09,,,,,,,,,,,,,,,,,,,,,,,,9.09,-,,,,,,,,,,,,,,,,,,,,,,,,,-,-,,,,,,,,,,,,,,,,,,,,,,,,,
,04-22-2015,08:44:32, Lane 1 ,Fwd,FF,,808,2,35,,2,9.09,,,,,,,,,,,,,,,,,,,,,,,,9.09,-,,,,,,,,,,,,,,,,,,,,,,,,,-,-,,,,,,,,,,,,,,,,,,,,,,,,,
,04-22-2015,08:44:36, Lane 1 ,Fwd,FF,,809,2,32,,4,5.20,28.07,9.69,,,,,,,,,,,,,,,,,,,,,,42.96,-,,,,,,,,,,,,,,,,,,,,,,,,,-,-,,,,,,,,,,,,,,,,,,,,,,,,,
,04-22-2015,08:44:40, Lane 1 ,Fwd,FF,,810,2,30,,2,9.79,,,,,,,,,,,,,,,,,,,,,,,,9.79,-,,,,,,,,,,,,,,,,,,,,,,,,,-,-,,,,,,,,,,,,,,,,,,,,,,,,,
,04-22-2015,08:44:42, Lane 1 ,Fwd,FF,,811,3,30,,2,11.52,,,,,,,,,,,,,,,,,,,,,,,,11.52,-,,,,,,,,,,,,,,,,,,,,,,,,,-,-,,,,,,,,,,,,,,,,,,,,,,,,,
,04-22-2015,08:44:44, Lane 1 ,Fwd,FF,,812,3,31,,2,11.41,,,,,,,,,,,,,,,,,,,,,,,,11.41,-,,,,,,,,,,,,,,,,,,,,,,,,,-,-,,,,,,,,,,,,,,,,,,,,,,,,,
,04-22-2015,08:44:47, Lane 1 ,Fwd,FF,,813,3,35,,2,11.18,,,,,,,,,,,,,,,,,,,,,,,,11.18,-,,,,,,,,,,,,,,,,,,,,,,,,,-,-,,,,,,,,,,,,,,,,,,,,,,,,,
,04-22-2015,08:44:50, Lane 1 ,Fwd,FF,,814,2,34,,2,8.80,,,,,,,,,,,,,,,,,,,,,,,,8.80,-,,,,,,,,,,,,,,,,,,,,,,,,,-,-,,,,,,,,,,,,,,,,,,,,,,,,,
,04-22-2015,08:44:52, Lane 1 ,Fwd,FF,,815,2,39,,2,9.50,,,,,,,,,,,,,,,,,,,,,,,,9.50,-,,,,,,,,,,,,,,,,,,,,,,,,,-,-,,,,,,,,,,,,,,,,,,,,,,,,,
,04-22-2015,08:44:55, Lane 1 ,Fwd,FF,,816,2,41,,2,9.48,,,,,,,,,,,,,,,,,,,,,,,,9.48,-,,,,,,,,,,,,,,,,,,,,,,,,,-,-,,,,,,,,,,,,,,,,,,,,,,,,,
,04-22-2015,08:44:57, Lane 1 ,Fwd,FF,,817,2,40,,2,8.75,,,,,,,,,,,,,,,,,,,,,,,,8.75,-,,,,,,,,,,,,,,,,,,,,,,,,,-,-,,,,,,,,,,,,,,,,,,,,,,,,,
,04-22-2015,08:44:59, Lane 1 ,Fwd,FF,,818,2,40,,2,8.64,,,,,,,,,,,,,,,,,,,,,,,,8.64,-,,,,,,,,,,,,,,,,,,,,,,,,,-,-,,,,,,,,,,,,,,,,,,,,,,,,,
,04-22-2015,08:45:00, Lane 1 ,Fwd,FF,,819,2,42,,2,9.26,,,,,,,,,,,,,,,,,,,,,,,,9.26,-,,,,,,,,,,,,,,,,,,,,,,,,,-,-,,,,,,,,,,,,,,,,,,,,,,,,,
,04-22-2015,08:45:05, Lane 1 ,Fwd,FF,,820,2,40,,2,8.93,,,,,,,,,,,,,,,,,,,,,,,,8.93,-,,,,,,,,,,,,,,,,,,,,,,,,,-,-,,,,,,,,,,,,,,,,,,,,,,,,,
,04-22-2015,08:45:07, Lane 1 ,Fwd,FF,,821,2,39,,2,9.33,,,,,,,,,,,,,,,,,,,,,,,,9.33,-,,,,,,,,,,,,,,,,,,,,,,,,,-,-,,,,,,,,,,,,,,,,,,,,,,,,,
,04-22-2015,08:45:10, Lane 1 ,Fwd,FF,,822,2,46,,2,8.80,,,,,,,,,,,,,,,,,,,,,,,,8.80,-,,,,,,,,,,,,,,,,,,,,,,,,,-,-,,,,,,,,,,,,,,,,,,,,,,,,,
,04-22-2015,08:45:14, Lane 1 ,Fwd,FF,,823,2,55,,2,8.60,,,,,,,,,,,,,,,,,,,,,,,,8.60,-,,,,,,,,,,,,,,,,,,,,,,,,,-,-,,,,,,,,,,,,,,,,,,,,,,,,,
,04-22-2015,08:45:17, Lane 1 ,Fwd,FF,,824,2,56,,2,9.12,,,,,,,,,,,,,,,,,,,,,,,,9.12,-,,,,,,,,,,,,,,,,,,,,,,,,,-,-,,,,,,,,,,,,,,,,,,,,,,,,,
,04-22-2015,08:45:18, Lane 1 ,Fwd,FF,,825,2,56,,2,8.94,,,,,,,,,,,,,,,,,,,,,,,,8.94,-,,,,,,,,,,,,,,,,,,,,,,,,,-,-,,,,,,,,,,,,,,,,,,,,,,,,,
,04-22-2015,08:45:22, Lane 1 ,Fwd,FF,,826,2,57,,2,9.75,,,,,,,,,,,,,,,,,,,,,,,,9.75,-,,,,,,,,,,,,,,,,,,,,,,,,,-,-,,,,,,,,,,,,,,,,,,,,,,,,,
,04-22-2015,08:45:24, Lane 1 ,Fwd,FF,,827,2,58,,2,9.45,,,,,,,,,,,,,,,,,,,,,,,,9.45,-,,,,,,,,,,,,,,,,,,,,,,,,,-,-,,,,,,,,,,,,,,,,,,,,,,,,,
,04-22-2015,08:45:26, Lane 1 ,Fwd,FF,,828,2,53,,2,8.90,,,,,,,,,,,,,,,,,,,,,,,,8.90,-,,,,,,,,,,,,,,,,,,,,,,,,,-,-,,,,,,,,,,,,,,,,,,,,,,,,,
,04-22-2015,08:45:27, Lane 1 ,Fwd,FF,,829,2,55,,2,9.02,,,,,,,,,,,,,,,,,,,,,,,,9.02,-,,,,,,,,,,,,,,,,,,,,,,,,,-,-,,,,,,,,,,,,,,,,,,,,,,,,,
,04-22-2015,08:45:29, Lane 1 ,Fwd,FF,,830,2,57,,2,8.73,,,,,,,,,,,,,,,,,,,,,,,,8.73,-,,,,,,,,,,,,,,,,,,,,,,,,,-,-,,,,,,,,,,,,,,,,,,,,,,,,,
,04-22-2015,08:45:33, Lane 1 ,Fwd,FF,,831,2,61,,2,8.62,,,,,,,,,,,,,,,,,,,,,,,,8.62,-,,,,,,,,,,,,,,,,,,,,,,,,,-,-,,,,,,,,,,,,,,,,,,,,,,,,,
,04-22-2015,08:45:47, Lane 1 ,Fwd,FF,,832,2,57,,2,9.57,,,,,,,,,,,,,,,,,,,,,,,,9.57,-,,,,,,,,,,,,,,,,,,,,,,,,,-,-,,,,,,,,,,,,,,,,,,,,,,,,,
,04-22-2015,08:45:52, Lane 1 ,Fwd,FF,,833,2,59,,2,8.46,,,,,,,,,,,,,,,,,,,,,,,,8.46,-,,,,,,,,,,,,,,,,,,,,,,,,,-,-,,,,,,,,,,,,,,,,,,,,,,,,,
,04-22-2015,08:45:53, Lane 1 ,Fwd,FF,,834,2,58,,2,8.25,,,,,,,,,,,,,,,,,,,,,,,,8.25,-,,,,,,,,,,,,,,,,,,,,,,,,,-,-,,,,,,,,,,,,,,,,,,,,,,,,,
,04-22-2015,08:45:55, Lane 1 ,Fwd,FF,,835,2,56,,2,8.44,,,,,,,,,,,,,,,,,,,,,,,,8.44,-,,,,,,,,,,,,,,,,,,,,,,,,,-,-,,,,,,,,,,,,,,,,,,,,,,,,,
,04-22-2015,08:45:57, Lane 1 ,Fwd,FF,,836,1,55,,2,4.83,,,,,,,,,,,,,,,,,,,,,,,,4.83,-,,,,,,,,,,,,,,,,,,,,,,,,,-,-,,,,,,,,,,,,,,,,,,,,,,,,,
,04-22-2015,08:46:31, Lane 1 ,Fwd,FF,,837,2,64,,2,9.17,,,,,,,,,,,,,,,,,,,,,,,,9.17,-,,,,,,,,,,,,,,,,,,,,,,,,,-,-,,,,,,,,,,,,,,,,,,,,,,,,,
,04-22-2015,08:46:36, Lane 1 ,Fwd,FF,,838,2,56,,2,8.52,,,,,,,,,,,,,,,,,,,,,,,,8.52,-,,,,,,,,,,,,,,,,,,,,,,,,,-,-,,,,,,,,,,,,,,,,,,,,,,,,,
,04-22-2015,08:46:37, Lane 1 ,Fwd,FF,,839,3,59,,2,10.35,,,,,,,,,,,,,,,,,,,,,,,,10.35,-,,,,,,,,,,,,,,,,,,,,,,,,,-,-,,,,,,,,,,,,,,,,,,,,,,,,,
,04-22-2015,08:46:39, Lane 1 ,Fwd,FF,,840,2,55,,2,8.70,,,,,,,,,,,,,,,,,,,,,,,,8.70,-,,,,,,,,,,,,,,,,,,,,,,,,,-,-,,,,,,,,,,,,,,,,,,,,,,,,,
,04-22-2015,08:46:42, Lane 1 ,Fwd,FF,,841,2,51,,2,8.18,,,,,,,,,,,,,,,,,,,,,,,,8.18,-,,,,,,,,,,,,,,,,,,,,,,,,,-,-,,,,,,,,,,,,,,,,,,,,,,,,,
,04-22-2015,08:46:44, Lane 1 ,Fwd,FF,,842,3,55,,2,10.63,,,,,,,,,,,,,,,,,,,,,,,,10.63,-,,,,,,,,,,,,,,,,,,,,,,,,,-,-,,,,,,,,,,,,,,,,,,,,,,,,,
,04-22-2015,08:46:58, Lane 1 ,Fwd,FF,,843,3,63,,2,10.72,,,,,,,,,,,,,,,,,,,,,,,,10.72,-,,,,,,,,,,,,,,,,,,,,,,,,,-,-,,,,,,,,,,,,,,,,,,,,,,,,,
,04-22-2015,08:47:15, Lane 1 ,Fwd,FF,,844,3,55,,2,11.76,,,,,,,,,,,,,,,,,,,,,,,,11.76,-,,,,,,,,,,,,,,,,,,,,,,,,,-,-,,,,,,,,,,,,,,,,,,,,,,,,,
,04-22-2015,08:47:16, Lane 1 ,Fwd,FF,,845,2,53,,2,9.12,,,,,,,,,,,,,,,,,,,,,,,,9.12,-,,,,,,,,,,,,,,,,,,,,,,,,,-,-,,,,,,,,,,,,,,,,,,,,,,,,,
,04-22-2015,08:47:17, Lane 1 ,Fwd,FF,,846,3,52,,2,11.77,,,,,,,,,,,,,,,,,,,,,,,,11.77,-,,,,,,,,,,,,,,,,,,,,,,,,,-,-,,,,,,,,,,,,,,,,,,,,,,,,,
,04-22-2015,08:47:19, Lane 1 ,Fwd,FF,,847,2,53,,2,9.76,,,,,,,,,,,,,,,,,,,,,,,,9.76,-,,,,,,,,,,,,,,,,,,,,,,,,,-,-,,,,,,,,,,,,,,,,,,,,,,,,,
,04-22-2015,08:47:20, Lane 1 ,Fwd,FF,,848,2,53,,2,9.27,,,,,,,,,,,,,,,,,,,,,,,,9.27,-,,,,,,,,,,,,,,,,,,,,,,,,,-,-,,,,,,,,,,,,,,,,,,,,,,,,,
,04-22-2015,08:47:21, Lane 1 ,Fwd,FF,,849,2,52,,2,9.25,,,,,,,,,,,,,,,,,,,,,,,,9.25,-,,,,,,,,,,,,,,,,,,,,,,,,,-,-,,,,,,,,,,,,,,,,,,,,,,,,,
,04-22-2015,08:47:23, Lane 1 ,Fwd,FF,,850,2,49,,2,9.22,,,,,,,,,,,,,,,,,,,,,,,,9.22,-,,,,,,,,,,,,,,,,,,,,,,,,,-,-,,,,,,,,,,,,,,,,,,,,,,,,,
,04-22-2015,08:47:26, Lane 1 ,Fwd,FF,,851,3,52,,2,10.32,,,,,,,,,,,,,,,,,,,,,,,,10.32,-,,,,,,,,,,,,,,,,,,,,,,,,,-,-,,,,,,,,,,,,,,,,,,,,,,,,,
,04-22-2015,08:47:27, Lane 1 ,Fwd,FF,,852,2,54,,2,9.79,,,,,,,,,,,,,,,,,,,,,,,,9.79,-,,,,,,,,,,,,,,,,,,,,,,,,,-,-,,,,,,,,,,,,,,,,,,,,,,,,,
,04-22-2015,08:47:29, Lane 1 ,Fwd,FF,,853,2,53,,2,9.21,,,,,,,,,,,,,,,,,,,,,,,,9.21,-,,,,,,,,,,,,,,,,,,,,,,,,,-,-,,,,,,,,,,,,,,,,,,,,,,,,,
,04-22-2015,08:47:54, Lane 1 ,Fwd,FF,,854,2,63,,2,8.77,,,,,,,,,,,,,,,,,,,,,,,,8.77,-,,,,,,,,,,,,,,,,,,,,,,,,,-,-,,,,,,,,,,,,,,,,,,,,,,,,,
,04-22-2015,08:48:03, Lane 1 ,Fwd,FF,,855,2,59,,4,20.26,21.57,8.09,,,,,,,,,,,,,,,,,,,,,,49.92,-,,,,,,,,,,,,,,,,,,,,,,,,,-,-,,,,,,,,,,,,,,,,,,,,,,,,,
,04-22-2015,08:48:05, Lane 1 ,Fwd,FF,,856,3,59,,2,11.83,,,,,,,,,,,,,,,,,,,,,,,,11.83,-,,,,,,,,,,,,,,,,,,,,,,,,,-,-,,,,,,,,,,,,,,,,,,,,,,,,,
,04-22-2015,08:48:11, Lane 1 ,Fwd,FF,,857,3,62,,2,11.46,,,,,,,,,,,,,,,,,,,,,,,,11.46,-,,,,,,,,,,,,,,,,,,,,,,,,,-,-,,,,,,,,,,,,,,,,,,,,,,,,,
,04-22-2015,08:48:14, Lane 1 ,Fwd,FF,,858,2,62,,2,9.20,,,,,,,,,,,,,,,,,,,,,,,,9.20,-,,,,,,,,,,,,,,,,,,,,,,,,,-,-,,,,,,,,,,,,,,,,,,,,,,,,,
,04-22-2015,08:48:17, Lane 1 ,Fwd,FF,,859,2,62,,2,9.46,,,,,,,,,,,,,,,,,,,,,,,,9.46,-,,,,,,,,,,,,,,,,,,,,,,,,,-,-,,,,,,,,,,,,,,,,,,,,,,,,,
,04-22-2015,08:48:21, Lane 1 ,Fwd,FF,,860,2,61,,2,9.67,,,,,,,,,,,,,,,,,,,,,,,,9.67,-,,,,,,,,,,,,,,,,,,,,,,,,,-,-,,,,,,,,,,,,,,,,,,,,,,,,,
,04-22-2015,08:48:22, Lane 1 ,Fwd,FF,,861,3,61,,2,11.56,,,,,,,,,,,,,,,,,,,,,,,,11.56,-,,,,,,,,,,,,,,,,,,,,,,,,,-,-,,,,,,,,,,,,,,,,,,,,,,,,,
,04-22-2015,08:48:24, Lane 1 ,Fwd,FF,,862,3,62,,2,11.46,,,,,,,,,,,,,,,,,,,,,,,,11.46,-,,,,,,,,,,,,,,,,,,,,,,,,,-,-,,,,,,,,,,,,,,,,,,,,,,,,,
,04-22-2015,08:48:26, Lane 1 ,Fwd,FF,,863,2,62,,2,9.38,,,,,,,,,,,,,,,,,,,,,,,,9.38,-,,,,,,,,,,,,,,,,,,,,,,,,,-,-,,,,,,,,,,,,,,,,,,,,,,,,,
,04-22-2015,08:48:28, Lane 1 ,Fwd,FF,,864,3,61,,2,10.67,,,,,,,,,,,,,,,,,,,,,,,,10.67,-,,,,,,,,,,,,,,,,,,,,,,,,,-,-,,,,,,,,,,,,,,,,,,,,,,,,,
,04-22-2015,08:48:30, Lane 1 ,Fwd,FF,,865,3,60,,2,10.32,,,,,,,,,,,,,,,,,,,,,,,,10.32,-,,,,,,,,,,,,,,,,,,,,,,,,,-,-,,,,,,,,,,,,,,,,,,,,,,,,,
,04-22-2015,08:48:34, Lane 1 ,Fwd,FF,,866,2,58,,2,8.45,,,,,,,,,,,,,,,,,,,,,,,,8.45,-,,,,,,,,,,,,,,,,,,,,,,,,,-,-,,,,,,,,,,,,,,,,,,,,,,,,,
,04-22-2015,08:48:35, Lane 1 ,Fwd,FF,,867,2,57,,2,9.25,,,,,,,,,,,,,,,,,,,,,,,,9.25,-,,,,,,,,,,,,,,,,,,,,,,,,,-,-,,,,,,,,,,,,,,,,,,,,,,,,,
,04-22-2015,08:48:36, Lane 1 ,Fwd,FF,,868,2,56,,2,9.14,,,,,,,,,,,,,,,,,,,,,,,,9.14,-,,,,,,,,,,,,,,,,,,,,,,,,,-,-,,,,,,,,,,,,,,,,,,,,,,,,,
,04-22-2015,08:48:40, Lane 1 ,Fwd,FF,,869,2,58,,2,8.60,,,,,,,,,,,,,,,,,,,,,,,,8.60,-,,,,,,,,,,,,,,,,,,,,,,,,,-,-,,,,,,,,,,,,,,,,,,,,,,,,,
,04-22-2015,08:48:44, Lane 1 ,Fwd,FF,,870,2,55,,2,9.12,,,,,,,,,,,,,,,,,,,,,,,,9.12,-,,,,,,,,,,,,,,,,,,,,,,,,,-,-,,,,,,,,,,,,,,,,,,,,,,,,,
,04-22-2015,08:48:53, Lane 1 ,Fwd,FF,,871,2,59,,2,8.70,,,,,,,,,,,,,,,,,,,,,,,,8.70,-,,,,,,,,,,,,,,,,,,,,,,,,,-,-,,,,,,,,,,,,,,,,,,,,,,,,,
,04-22-2015,08:49:03, Lane 1 ,Fwd,FF,,872,2,55,,2,8.76,,,,,,,,,,,,,,,,,,,,,,,,8.76,-,,,,,,,,,,,,,,,,,,,,,,,,,-,-,,,,,,,,,,,,,,,,,,,,,,,,,
,04-22-2015,08:49:04, Lane 1 ,Fwd,FF,,873,2,55,,2,8.84,,,,,,,,,,,,,,,,,,,,,,,,8.84,-,,,,,,,,,,,,,,,,,,,,,,,,,-,-,,,,,,,,,,,,,,,,,,,,,,,,,
,04-22-2015,08:49:06, Lane 1 ,Fwd,FF,,874,2,60,,2,8.94,,,,,,,,,,,,,,,,,,,,,,,,8.94,-,,,,,,,,,,,,,,,,,,,,,,,,,-,-,,,,,,,,,,,,,,,,,,,,,,,,,
,04-22-2015,08:49:16, Lane 1 ,Fwd,FF,,875,3,56,,2,11.17,,,,,,,,,,,,,,,,,,,,,,,,11.17,-,,,,,,,,,,,,,,,,,,,,,,,,,-,-,,,,,,,,,,,,,,,,,,,,,,,,,
,04-22-2015,08:49:18, Lane 1 ,Fwd,FF,,876,2,57,,2,9.08,,,,,,,,,,,,,,,,,,,,,,,,9.08,-,,,,,,,,,,,,,,,,,,,,,,,,,-,-,,,,,,,,,,,,,,,,,,,,,,,,,
,04-22-2015,08:49:20, Lane 1 ,Fwd,FF,,877,2,59,,2,8.72,,,,,,,,,,,,,,,,,,,,,,,,8.72,-,,,,,,,,,,,,,,,,,,,,,,,,,-,-,,,,,,,,,,,,,,,,,,,,,,,,,
,04-22-2015,08:49:23, Lane 1 ,Fwd,FF,,878,2,53,,2,9.15,,,,,,,,,,,,,,,,,,,,,,,,9.15,-,,,,,,,,,,,,,,,,,,,,,,,,,-,-,,,,,,,,,,,,,,,,,,,,,,,,,
,04-22-2015,08:49:26, Lane 1 ,Fwd,FF,,879,2,56,,2,8.69,,,,,,,,,,,,,,,,,,,,,,,,8.69,-,,,,,,,,,,,,,,,,,,,,,,,,,-,-,,,,,,,,,,,,,,,,,,,,,,,,,
,04-22-2015,08:49:32, Lane 1 ,Fwd,FF,,880,3,55,,2,11.52,,,,,,,,,,,,,,,,,,,,,,,,11.52,-,,,,,,,,,,,,,,,,,,,,,,,,,-,-,,,,,,,,,,,,,,,,,,,,,,,,,
,04-22-2015,08:49:33, Lane 1 ,Fwd,FF,,881,2,52,,2,9.78,,,,,,,,,,,,,,,,,,,,,,,,9.78,-,,,,,,,,,,,,,,,,,,,,,,,,,-,-,,,,,,,,,,,,,,,,,,,,,,,,,
,04-22-2015,08:49:35, Lane 1 ,Fwd,FF,,882,2,52,,2,9.74,,,,,,,,,,,,,,,,,,,,,,,,9.74,-,,,,,,,,,,,,,,,,,,,,,,,,,-,-,,,,,,,,,,,,,,,,,,,,,,,,,
,04-22-2015,08:49:37, Lane 1 ,Fwd,FF,,883,2,54,,2,8.92,,,,,,,,,,,,,,,,,,,,,,,,8.92,-,,,,,,,,,,,,,,,,,,,,,,,,,-,-,,,,,,,,,,,,,,,,,,,,,,,,,
,04-22-2015,08:49:39, Lane 1 ,Fwd,FF,,884,3,54,,2,11.84,,,,,,,,,,,,,,,,,,,,,,,,11.84,-,,,,,,,,,,,,,,,,,,,,,,,,,-,-,,,,,,,,,,,,,,,,,,,,,,,,,
,04-22-2015,08:49:41, Lane 1 ,Fwd,FF,,885,2,58,,2,9.17,,,,,,,,,,,,,,,,,,,,,,,,9.17,-,,,,,,,,,,,,,,,,,,,,,,,,,-,-,,,,,,,,,,,,,,,,,,,,,,,,,
,04-22-2015,08:50:05, Lane 1 ,Fwd,FF,,886,2,56,,2,8.57,,,,,,,,,,,,,,,,,,,,,,,,8.57,-,,,,,,,,,,,,,,,,,,,,,,,,,-,-,,,,,,,,,,,,,,,,,,,,,,,,,
,04-22-2015,08:50:08, Lane 1 ,Fwd,FF,,887,2,56,,2,8.52,,,,,,,,,,,,,,,,,,,,,,,,8.52,-,,,,,,,,,,,,,,,,,,,,,,,,,-,-,,,,,,,,,,,,,,,,,,,,,,,,,
,04-22-2015,08:50:30, Lane 1 ,Fwd,FF,,888,2,56,,2,9.71,,,,,,,,,,,,,,,,,,,,,,,,9.71,-,,,,,,,,,,,,,,,,,,,,,,,,,-,-,,,,,,,,,,,,,,,,,,,,,,,,,
,04-22-2015,08:50:38, Lane 1 ,Fwd,FF,,889,2,50,,2,8.71,,,,,,,,,,,,,,,,,,,,,,,,8.71,-,,,,,,,,,,,,,,,,,,,,,,,,,-,-,,,,,,,,,,,,,,,,,,,,,,,,,
,04-22-2015,08:50:39, Lane 1 ,Fwd,FF,,890,2,50,,2,8.47,,,,,,,,,,,,,,,,,,,,,,,,8.47,-,,,,,,,,,,,,,,,,,,,,,,,,,-,-,,,,,,,,,,,,,,,,,,,,,,,,,
,04-22-2015,08:50:40, Lane 1 ,Fwd,FF,,891,3,49,,2,11.43,,,,,,,,,,,,,,,,,,,,,,,,11.43,-,,,,,,,,,,,,,,,,,,,,,,,,,-,-,,,,,,,,,,,,,,,,,,,,,,,,,
,04-22-2015,08:50:41, Lane 1 ,Fwd,FF,,892,3,53,,2,10.68,,,,,,,,,,,,,,,,,,,,,,,,10.68,-,,,,,,,,,,,,,,,,,,,,,,,,,-,-,,,,,,,,,,,,,,,,,,,,,,,,,
,04-22-2015,08:50:51, Lane 1 ,Fwd,FF,,893,2,58,,2,9.00,,,,,,,,,,,,,,,,,,,,,,,,9.00,-,,,,,,,,,,,,,,,,,,,,,,,,,-,-,,,,,,,,,,,,,,,,,,,,,,,,,
,04-22-2015,08:50:54, Lane 1 ,Fwd,FF,,894,2,60,,2,9.72,,,,,,,,,,,,,,,,,,,,,,,,9.72,-,,,,,,,,,,,,,,,,,,,,,,,,,-,-,,,,,,,,,,,,,,,,,,,,,,,,,
,04-22-2015,08:51:26, Lane 1 ,Fwd,FF,,895,3,52,,2,10.85,,,,,,,,,,,,,,,,,,,,,,,,10.85,-,,,,,,,,,,,,,,,,,,,,,,,,,-,-,,,,,,,,,,,,,,,,,,,,,,,,,
,04-22-2015,08:51:28, Lane 1 ,Fwd,FF,,896,2,53,,2,9.69,,,,,,,,,,,,,,,,,,,,,,,,9.69,-,,,,,,,,,,,,,,,,,,,,,,,,,-,-,,,,,,,,,,,,,,,,,,,,,,,,,
,04-22-2015,08:51:29, Lane 1 ,Fwd,FF,,897,2,54,,2,9.26,,,,,,,,,,,,,,,,,,,,,,,,9.26,-,,,,,,,,,,,,,,,,,,,,,,,,,-,-,,,,,,,,,,,,,,,,,,,,,,,,,
,04-22-2015,08:51:31, Lane 1 ,Fwd,FF,,898,3,57,,2,11.83,,,,,,,,,,,,,,,,,,,,,,,,11.83,-,,,,,,,,,,,,,,,,,,,,,,,,,-,-,,,,,,,,,,,,,,,,,,,,,,,,,
,04-22-2015,08:51:33, Lane 1 ,Fwd,FF,,899,2,58,,2,9.55,,,,,,,,,,,,,,,,,,,,,,,,9.55,-,,,,,,,,,,,,,,,,,,,,,,,,,-,-,,,,,,,,,,,,,,,,,,,,,,,,,
,04-22-2015,08:51:35, Lane 1 ,Fwd,FF,,900,2,53,,2,8.69,,,,,,,,,,,,,,,,,,,,,,,,8.69,-,,,,,,,,,,,,,,,,,,,,,,,,,-,-,,,,,,,,,,,,,,,,,,,,,,,,,
,04-22-2015,08:51:37, Lane 1 ,Fwd,FF,,901,2,52,,2,8.81,,,,,,,,,,,,,,,,,,,,,,,,8.81,-,,,,,,,,,,,,,,,,,,,,,,,,,-,-,,,,,,,,,,,,,,,,,,,,,,,,,
,04-22-2015,08:51:39, Lane 1 ,Fwd,FF,,902,2,48,,2,8.73,,,,,,,,,,,,,,,,,,,,,,,,8.73,-,,,,,,,,,,,,,,,,,,,,,,,,,-,-,,,,,,,,,,,,,,,,,,,,,,,,,
,04-22-2015,08:51:42, Lane 1 ,Fwd,FF,,903,5,51,,2,15.85,,,,,,,,,,,,,,,,,,,,,,,,15.85,-,,,,,,,,,,,,,,,,,,,,,,,,,-,-,,,,,,,,,,,,,,,,,,,,,,,,,
,04-22-2015,08:51:45, Lane 1 ,Fwd,FF,,904,2,52,,2,8.66,,,,,,,,,,,,,,,,,,,,,,,,8.66,-,,,,,,,,,,,,,,,,,,,,,,,,,-,-,,,,,,,,,,,,,,,,,,,,,,,,,
,04-22-2015,08:51:48, Lane 1 ,Fwd,FF,,905,3,54,,3,12.62,15.93,,,,,,,,,,,,,,,,,,,,,,,28.55,-,,,,,,,,,,,,,,,,,,,,,,,,,-,-,,,,,,,,,,,,,,,,,,,,,,,,,
,04-22-2015,08:51:50, Lane 1 ,Fwd,FF,,906,2,54,,2,8.76,,,,,,,,,,,,,,,,,,,,,,,,8.76,-,,,,,,,,,,,,,,,,,,,,,,,,,-,-,,,,,,,,,,,,,,,,,,,,,,,,,
,04-22-2015,08:51:51, Lane 1 ,Fwd,FF,,907,2,54,,2,8.74,,,,,,,,,,,,,,,,,,,,,,,,8.74,-,,,,,,,,,,,,,,,,,,,,,,,,,-,-,,,,,,,,,,,,,,,,,,,,,,,,,
,04-22-2015,08:51:55, Lane 1 ,Fwd,FF,,908,2,55,,2,9.44,,,,,,,,,,,,,,,,,,,,,,,,9.44,-,,,,,,,,,,,,,,,,,,,,,,,,,-,-,,,,,,,,,,,,,,,,,,,,,,,,,
,04-22-2015,08:52:03, Lane 1 ,Fwd,FF,,909,2,56,,2,9.35,,,,,,,,,,,,,,,,,,,,,,,,9.35,-,,,,,,,,,,,,,,,,,,,,,,,,,-,-,,,,,,,,,,,,,,,,,,,,,,,,,
,04-22-2015,08:52:09, Lane 1 ,Fwd,FF,,910,3,60,,2,11.03,,,,,,,,,,,,,,,,,,,,,,,,11.03,-,,,,,,,,,,,,,,,,,,,,,,,,,-,-,,,,,,,,,,,,,,,,,,,,,,,,,
,04-22-2015,08:52:12, Lane 1 ,Fwd,FF,,911,2,56,,4,8.61,31.20,7.45,,,,,,,,,,,,,,,,,,,,,,47.26,-,,,,,,,,,,,,,,,,,,,,,,,,,-,-,,,,,,,,,,,,,,,,,,,,,,,,,
,04-22-2015,08:52:35, Lane 1 ,Fwd,FF,,912,3,60,,2,12.70,,,,,,,,,,,,,,,,,,,,,,,,12.70,-,,,,,,,,,,,,,,,,,,,,,,,,,-,-,,,,,,,,,,,,,,,,,,,,,,,,,
,04-22-2015,08:52:36, Lane 1 ,Fwd,FF,,913,2,60,,2,8.94,,,,,,,,,,,,,,,,,,,,,,,,8.94,-,,,,,,,,,,,,,,,,,,,,,,,,,-,-,,,,,,,,,,,,,,,,,,,,,,,,,
,04-22-2015,08:52:38, Lane 1 ,Fwd,FF,,914,2,61,,2,8.89,,,,,,,,,,,,,,,,,,,,,,,,8.89,-,,,,,,,,,,,,,,,,,,,,,,,,,-,-,,,,,,,,,,,,,,,,,,,,,,,,,
,04-22-2015,08:52:40, Lane 1 ,Fwd,FF,,915,2,63,,2,9.23,,,,,,,,,,,,,,,,,,,,,,,,9.23,-,,,,,,,,,,,,,,,,,,,,,,,,,-,-,,,,,,,,,,,,,,,,,,,,,,,,,
,04-22-2015,08:52:43, Lane 1 ,Fwd,FF,,916,3,63,,2,11.54,,,,,,,,,,,,,,,,,,,,,,,,11.54,-,,,,,,,,,,,,,,,,,,,,,,,,,-,-,,,,,,,,,,,,,,,,,,,,,,,,,
,04-22-2015,08:52:50, Lane 1 ,Fwd,FF,,917,2,56,,2,8.69,,,,,,,,,,,,,,,,,,,,,,,,8.69,-,,,,,,,,,,,,,,,,,,,,,,,,,-,-,,,,,,,,,,,,,,,,,,,,,,,,,
,04-22-2015,08:52:52, Lane 1 ,Fwd,FF,,918,2,57,,2,9.06,,,,,,,,,,,,,,,,,,,,,,,,9.06,-,,,,,,,,,,,,,,,,,,,,,,,,,-,-,,,,,,,,,,,,,,,,,,,,,,,,,
,04-22-2015,08:52:58, Lane 1 ,Fwd,FF,,919,2,56,,2,8.47,,,,,,,,,,,,,,,,,,,,,,,,8.47,-,,,,,,,,,,,,,,,,,,,,,,,,,-,-,,,,,,,,,,,,,,,,,,,,,,,,,
,04-22-2015,08:53:01, Lane 1 ,Fwd,FF,,920,2,53,,2,8.57,,,,,,,,,,,,,,,,,,,,,,,,8.57,-,,,,,,,,,,,,,,,,,,,,,,,,,-,-,,,,,,,,,,,,,,,,,,,,,,,,,
,04-22-2015,08:53:02, Lane 1 ,Fwd,FF,,921,3,54,,2,11.76,,,,,,,,,,,,,,,,,,,,,,,,11.76,-,,,,,,,,,,,,,,,,,,,,,,,,,-,-,,,,,,,,,,,,,,,,,,,,,,,,,
,04-22-2015,08:53:06, Lane 1 ,Fwd,FF,,922,2,57,,3,13.00,13.67,,,,,,,,,,,,,,,,,,,,,,,26.67,-,,,,,,,,,,,,,,,,,,,,,,,,,-,-,,,,,,,,,,,,,,,,,,,,,,,,,
,04-22-2015,08:53:08, Lane 1 ,Fwd,FF,,923,3,56,,2,12.90,,,,,,,,,,,,,,,,,,,,,,,,12.90,-,,,,,,,,,,,,,,,,,,,,,,,,,-,-,,,,,,,,,,,,,,,,,,,,,,,,,
,04-22-2015,08:53:10, Lane 1 ,Fwd,FF,,924,3,54,,2,12.87,,,,,,,,,,,,,,,,,,,,,,,,12.87,-,,,,,,,,,,,,,,,,,,,,,,,,,-,-,,,,,,,,,,,,,,,,,,,,,,,,,
,04-22-2015,08:53:11, Lane 1 ,Fwd,FF,,925,2,55,,2,8.51,,,,,,,,,,,,,,,,,,,,,,,,8.51,-,,,,,,,,,,,,,,,,,,,,,,,,,-,-,,,,,,,,,,,,,,,,,,,,,,,,,
,04-22-2015,08:53:13, Lane 1 ,Fwd,FF,,926,2,58,,2,8.74,,,,,,,,,,,,,,,,,,,,,,,,8.74,-,,,,,,,,,,,,,,,,,,,,,,,,,-,-,,,,,,,,,,,,,,,,,,,,,,,,,
,04-22-2015,08:53:15, Lane 1 ,Fwd,FF,,927,2,56,,2,8.77,,,,,,,,,,,,,,,,,,,,,,,,8.77,-,,,,,,,,,,,,,,,,,,,,,,,,,-,-,,,,,,,,,,,,,,,,,,,,,,,,,
,04-22-2015,08:53:32, Lane 1 ,Fwd,FF,,928,3,65,,2,11.24,,,,,,,,,,,,,,,,,,,,,,,,11.24,-,,,,,,,,,,,,,,,,,,,,,,,,,-,-,,,,,,,,,,,,,,,,,,,,,,,,,
,04-22-2015,08:53:34, Lane 1 ,Fwd,FF,,929,2,64,,2,9.35,,,,,,,,,,,,,,,,,,,,,,,,9.35,-,,,,,,,,,,,,,,,,,,,,,,,,,-,-,,,,,,,,,,,,,,,,,,,,,,,,,
,04-22-2015,08:53:36, Lane 1 ,Fwd,FF,,930,3,66,,2,10.66,,,,,,,,,,,,,,,,,,,,,,,,10.66,-,,,,,,,,,,,,,,,,,,,,,,,,,-,-,,,,,,,,,,,,,,,,,,,,,,,,,
,04-22-2015,08:53:41, Lane 1 ,Fwd,FF,,931,3,63,,2,11.35,,,,,,,,,,,,,,,,,,,,,,,,11.35,-,,,,,,,,,,,,,,,,,,,,,,,,,-,-,,,,,,,,,,,,,,,,,,,,,,,,,
,04-22-2015,08:53:43, Lane 1 ,Fwd,FF,,932,2,63,,2,9.34,,,,,,,,,,,,,,,,,,,,,,,,9.34,-,,,,,,,,,,,,,,,,,,,,,,,,,-,-,,,,,,,,,,,,,,,,,,,,,,,,,
,04-22-2015,08:54:16, Lane 1 ,Fwd,FF,,933,8,63,,3,14.22,15.88,,,,,,,,,,,,,,,,,,,,,,,30.10,-,,,,,,,,,,,,,,,,,,,,,,,,,-,-,,,,,,,,,,,,,,,,,,,,,,,,,
,04-22-2015,08:54:18, Lane 1 ,Fwd,FF,,934,2,64,,2,9.45,,,,,,,,,,,,,,,,,,,,,,,,9.45,-,,,,,,,,,,,,,,,,,,,,,,,,,-,-,,,,,,,,,,,,,,,,,,,,,,,,,
,04-22-2015,08:54:25, Lane 1 ,Fwd,FF,,935,3,55,,2,10.71,,,,,,,,,,,,,,,,,,,,,,,,10.71,-,,,,,,,,,,,,,,,,,,,,,,,,,-,-,,,,,,,,,,,,,,,,,,,,,,,,,
,04-22-2015,08:54:29, Lane 1 ,Fwd,FF,,936,2,58,,2,8.49,,,,,,,,,,,,,,,,,,,,,,,,8.49,-,,,,,,,,,,,,,,,,,,,,,,,,,-,-,,,,,,,,,,,,,,,,,,,,,,,,,
,04-22-2015,08:54:39, Lane 1 ,Fwd,FF,,937,1,52,,2,5.96,,,,,,,,,,,,,,,,,,,,,,,,5.96,-,,,,,,,,,,,,,,,,,,,,,,,,,-,-,,,,,,,,,,,,,,,,,,,,,,,,,
,04-22-2015,08:54:40, Lane 1 ,Fwd,FF,,938,2,53,,2,8.54,,,,,,,,,,,,,,,,,,,,,,,,8.54,-,,,,,,,,,,,,,,,,,,,,,,,,,-,-,,,,,,,,,,,,,,,,,,,,,,,,,
,04-22-2015,08:54:45, Lane 1 ,Fwd,FF,,939,2,57,,2,8.89,,,,,,,,,,,,,,,,,,,,,,,,8.89,-,,,,,,,,,,,,,,,,,,,,,,,,,-,-,,,,,,,,,,,,,,,,,,,,,,,,,
,04-22-2015,08:55:12, Lane 1 ,Fwd,FF,,940,2,52,,2,8.83,,,,,,,,,,,,,,,,,,,,,,,,8.83,-,,,,,,,,,,,,,,,,,,,,,,,,,-,-,,,,,,,,,,,,,,,,,,,,,,,,,
,04-22-2015,08:55:20, Lane 1 ,Fwd,FF,,941,2,58,,2,8.54,,,,,,,,,,,,,,,,,,,,,,,,8.54,-,,,,,,,,,,,,,,,,,,,,,,,,,-,-,,,,,,,,,,,,,,,,,,,,,,,,,
,04-22-2015,08:55:21, Lane 1 ,Fwd,FF,,942,2,59,,2,8.89,,,,,,,,,,,,,,,,,,,,,,,,8.89,-,,,,,,,,,,,,,,,,,,,,,,,,,-,-,,,,,,,,,,,,,,,,,,,,,,,,,
,04-22-2015,08:55:26, Lane 1 ,Fwd,FF,,943,2,55,,2,8.86,,,,,,,,,,,,,,,,,,,,,,,,8.86,-,,,,,,,,,,,,,,,,,,,,,,,,,-,-,,,,,,,,,,,,,,,,,,,,,,,,,
,04-22-2015,08:55:32, Lane 1 ,Fwd,FF,,944,2,54,,2,8.68,,,,,,,,,,,,,,,,,,,,,,,,8.68,-,,,,,,,,,,,,,,,,,,,,,,,,,-,-,,,,,,,,,,,,,,,,,,,,,,,,,
,04-22-2015,08:55:33, Lane 1 ,Fwd,FF,,945,2,54,,2,8.94,,,,,,,,,,,,,,,,,,,,,,,,8.94,-,,,,,,,,,,,,,,,,,,,,,,,,,-,-,,,,,,,,,,,,,,,,,,,,,,,,,
,04-22-2015,08:55:35, Lane 1 ,Fwd,FF,,946,2,51,,2,8.72,,,,,,,,,,,,,,,,,,,,,,,,8.72,-,,,,,,,,,,,,,,,,,,,,,,,,,-,-,,,,,,,,,,,,,,,,,,,,,,,,,
,04-22-2015,08:55:36, Lane 1 ,Fwd,FF,,947,2,51,,2,9.75,,,,,,,,,,,,,,,,,,,,,,,,9.75,-,,,,,,,,,,,,,,,,,,,,,,,,,-,-,,,,,,,,,,,,,,,,,,,,,,,,,
,04-22-2015,08:55:39, Lane 1 ,Fwd,FF,,948,2,51,,2,9.78,,,,,,,,,,,,,,,,,,,,,,,,9.78,-,,,,,,,,,,,,,,,,,,,,,,,,,-,-,,,,,,,,,,,,,,,,,,,,,,,,,
,04-22-2015,08:55:41, Lane 1 ,Fwd,FF,,949,2,52,,2,8.43,,,,,,,,,,,,,,,,,,,,,,,,8.43,-,,,,,,,,,,,,,,,,,,,,,,,,,-,-,,,,,,,,,,,,,,,,,,,,,,,,,
,04-22-2015,08:55:42, Lane 1 ,Fwd,FF,,950,2,52,,2,9.71,,,,,,,,,,,,,,,,,,,,,,,,9.71,-,,,,,,,,,,,,,,,,,,,,,,,,,-,-,,,,,,,,,,,,,,,,,,,,,,,,,
,04-22-2015,08:55:48, Lane 1 ,Fwd,FF,,951,2,50,,2,8.69,,,,,,,,,,,,,,,,,,,,,,,,8.69,-,,,,,,,,,,,,,,,,,,,,,,,,,-,-,,,,,,,,,,,,,,,,,,,,,,,,,
,04-22-2015,08:55:51, Lane 1 ,Fwd,FF,,952,3,51,,2,12.90,,,,,,,,,,,,,,,,,,,,,,,,12.90,-,,,,,,,,,,,,,,,,,,,,,,,,,-,-,,,,,,,,,,,,,,,,,,,,,,,,,
,04-22-2015,08:55:52, Lane 1 ,Fwd,FF,,953,2,52,,2,9.78,,,,,,,,,,,,,,,,,,,,,,,,9.78,-,,,,,,,,,,,,,,,,,,,,,,,,,-,-,,,,,,,,,,,,,,,,,,,,,,,,,
,04-22-2015,08:55:54, Lane 1 ,Fwd,FF,,954,3,52,,2,12.98,,,,,,,,,,,,,,,,,,,,,,,,12.98,-,,,,,,,,,,,,,,,,,,,,,,,,,-,-,,,,,,,,,,,,,,,,,,,,,,,,,
,04-22-2015,08:55:56, Lane 1 ,Fwd,FF,,955,2,55,,2,8.56,,,,,,,,,,,,,,,,,,,,,,,,8.56,-,,,,,,,,,,,,,,,,,,,,,,,,,-,-,,,,,,,,,,,,,,,,,,,,,,,,,
,04-22-2015,08:55:57, Lane 1 ,Fwd,FF,,956,2,57,,2,8.08,,,,,,,,,,,,,,,,,,,,,,,,8.08,-,,,,,,,,,,,,,,,,,,,,,,,,,-,-,,,,,,,,,,,,,,,,,,,,,,,,,
,04-22-2015,08:55:59, Lane 1 ,Fwd,FF,,957,2,68,,2,9.00,,,,,,,,,,,,,,,,,,,,,,,,9.00,-,,,,,,,,,,,,,,,,,,,,,,,,,-,-,,,,,,,,,,,,,,,,,,,,,,,,,
,04-22-2015,08:56:15, Lane 1 ,Fwd,FF,,958,2,59,,2,8.72,,,,,,,,,,,,,,,,,,,,,,,,8.72,-,,,,,,,,,,,,,,,,,,,,,,,,,-,-,,,,,,,,,,,,,,,,,,,,,,,,,
,04-22-2015,08:56:24, Lane 1 ,Fwd,FF,,959,2,60,,2,9.37,,,,,,,,,,,,,,,,,,,,,,,,9.37,-,,,,,,,,,,,,,,,,,,,,,,,,,-,-,,,,,,,,,,,,,,,,,,,,,,,,,
,04-22-2015,08:56:25, Lane 1 ,Fwd,FF,,960,2,59,,2,8.64,,,,,,,,,,,,,,,,,,,,,,,,8.64,-,,,,,,,,,,,,,,,,,,,,,,,,,-,-,,,,,,,,,,,,,,,,,,,,,,,,,
,04-22-2015,08:56:33, Lane 1 ,Fwd,FF,,961,2,61,,2,9.78,,,,,,,,,,,,,,,,,,,,,,,,9.78,-,,,,,,,,,,,,,,,,,,,,,,,,,-,-,,,,,,,,,,,,,,,,,,,,,,,,,
,04-22-2015,08:56:40, Lane 1 ,Fwd,FF,,962,2,71,,2,8.98,,,,,,,,,,,,,,,,,,,,,,,,8.98,-,,,,,,,,,,,,,,,,,,,,,,,,,-,-,,,,,,,,,,,,,,,,,,,,,,,,,
,04-22-2015,08:56:41, Lane 1 ,Fwd,FF,,963,2,57,,2,8.65,,,,,,,,,,,,,,,,,,,,,,,,8.65,-,,,,,,,,,,,,,,,,,,,,,,,,,-,-,,,,,,,,,,,,,,,,,,,,,,,,,
,04-22-2015,08:56:43, Lane 1 ,Fwd,FF,,964,2,59,,2,8.87,,,,,,,,,,,,,,,,,,,,,,,,8.87,-,,,,,,,,,,,,,,,,,,,,,,,,,-,-,,,,,,,,,,,,,,,,,,,,,,,,,
,04-22-2015,08:56:45, Lane 1 ,Fwd,FF,,965,2,57,,2,9.23,,,,,,,,,,,,,,,,,,,,,,,,9.23,-,,,,,,,,,,,,,,,,,,,,,,,,,-,-,,,,,,,,,,,,,,,,,,,,,,,,,
,04-22-2015,08:56:46, Lane 1 ,Fwd,FF,,966,2,55,,2,8.27,,,,,,,,,,,,,,,,,,,,,,,,8.27,-,,,,,,,,,,,,,,,,,,,,,,,,,-,-,,,,,,,,,,,,,,,,,,,,,,,,,
,04-22-2015,08:56:49, Lane 1 ,Fwd,FF,,967,3,58,,2,11.33,,,,,,,,,,,,,,,,,,,,,,,,11.33,-,,,,,,,,,,,,,,,,,,,,,,,,,-,-,,,,,,,,,,,,,,,,,,,,,,,,,
,04-22-2015,08:56:51, Lane 1 ,Fwd,FF,,968,2,58,,2,9.55,,,,,,,,,,,,,,,,,,,,,,,,9.55,-,,,,,,,,,,,,,,,,,,,,,,,,,-,-,,,,,,,,,,,,,,,,,,,,,,,,,
,04-22-2015,08:57:06, Lane 1 ,Fwd,FF,,969,2,62,,2,9.02,,,,,,,,,,,,,,,,,,,,,,,,9.02,-,,,,,,,,,,,,,,,,,,,,,,,,,-,-,,,,,,,,,,,,,,,,,,,,,,,,,
,04-22-2015,08:57:09, Lane 1 ,Fwd,FF,,970,3,63,,2,12.56,,,,,,,,,,,,,,,,,,,,,,,,12.56,-,,,,,,,,,,,,,,,,,,,,,,,,,-,-,,,,,,,,,,,,,,,,,,,,,,,,,
,04-22-2015,08:57:12, Lane 1 ,Fwd,FF,,971,2,62,,2,8.91,,,,,,,,,,,,,,,,,,,,,,,,8.91,-,,,,,,,,,,,,,,,,,,,,,,,,,-,-,,,,,,,,,,,,,,,,,,,,,,,,,
,04-22-2015,08:57:13, Lane 1 ,Fwd,FF,,972,1,62,,2,5.32,,,,,,,,,,,,,,,,,,,,,,,,5.32,-,,,,,,,,,,,,,,,,,,,,,,,,,-,-,,,,,,,,,,,,,,,,,,,,,,,,,
,04-22-2015,08:57:18, Lane 1 ,Fwd,FF,,973,2,60,,2,9.02,,,,,,,,,,,,,,,,,,,,,,,,9.02,-,,,,,,,,,,,,,,,,,,,,,,,,,-,-,,,,,,,,,,,,,,,,,,,,,,,,,
,04-22-2015,08:57:21, Lane 1 ,Fwd,FF,,974,2,55,,2,8.30,,,,,,,,,,,,,,,,,,,,,,,,8.30,-,,,,,,,,,,,,,,,,,,,,,,,,,-,-,,,,,,,,,,,,,,,,,,,,,,,,,
,04-22-2015,08:57:31, Lane 1 ,Fwd,FF,,975,3,58,,3,11.83,14.90,,,,,,,,,,,,,,,,,,,,,,,26.73,-,,,,,,,,,,,,,,,,,,,,,,,,,-,-,,,,,,,,,,,,,,,,,,,,,,,,,
,04-22-2015,08:57:35, Lane 1 ,Fwd,FF,,976,2,56,,2,7.48,,,,,,,,,,,,,,,,,,,,,,,,7.48,-,,,,,,,,,,,,,,,,,,,,,,,,,-,-,,,,,,,,,,,,,,,,,,,,,,,,,
,04-22-2015,08:57:43, Lane 1 ,Fwd,FF,,977,2,59,,2,8.78,,,,,,,,,,,,,,,,,,,,,,,,8.78,-,,,,,,,,,,,,,,,,,,,,,,,,,-,-,,,,,,,,,,,,,,,,,,,,,,,,,
,04-22-2015,08:57:47, Lane 1 ,Fwd,FF,,978,3,63,,2,12.65,,,,,,,,,,,,,,,,,,,,,,,,12.65,-,,,,,,,,,,,,,,,,,,,,,,,,,-,-,,,,,,,,,,,,,,,,,,,,,,,,,
,04-22-2015,08:57:49, Lane 1 ,Fwd,FF,,979,2,63,,2,7.97,,,,,,,,,,,,,,,,,,,,,,,,7.97,-,,,,,,,,,,,,,,,,,,,,,,,,,-,-,,,,,,,,,,,,,,,,,,,,,,,,,
,04-22-2015,08:57:52, Lane 1 ,Fwd,FF,,980,3,58,,2,12.09,,,,,,,,,,,,,,,,,,,,,,,,12.09,-,,,,,,,,,,,,,,,,,,,,,,,,,-,-,,,,,,,,,,,,,,,,,,,,,,,,,
,04-22-2015,08:58:01, Lane 1 ,Fwd,FF,,981,3,55,,2,12.89,,,,,,,,,,,,,,,,,,,,,,,,12.89,-,,,,,,,,,,,,,,,,,,,,,,,,,-,-,,,,,,,,,,,,,,,,,,,,,,,,,
,04-22-2015,08:58:04, Lane 1 ,Fwd,FF,,982,2,54,,2,8.74,,,,,,,,,,,,,,,,,,,,,,,,8.74,-,,,,,,,,,,,,,,,,,,,,,,,,,-,-,,,,,,,,,,,,,,,,,,,,,,,,,
,04-22-2015,08:58:07, Lane 1 ,Fwd,FF,,983,3,53,,2,10.30,,,,,,,,,,,,,,,,,,,,,,,,10.30,-,,,,,,,,,,,,,,,,,,,,,,,,,-,-,,,,,,,,,,,,,,,,,,,,,,,,,
,04-22-2015,08:58:09, Lane 1 ,Fwd,FF,,984,2,55,,2,9.02,,,,,,,,,,,,,,,,,,,,,,,,9.02,-,,,,,,,,,,,,,,,,,,,,,,,,,-,-,,,,,,,,,,,,,,,,,,,,,,,,,
,04-22-2015,08:58:12, Lane 1 ,Fwd,FF,,985,2,53,,3,8.62,12.62,,,,,,,,,,,,,,,,,,,,,,,21.24,-,,,,,,,,,,,,,,,,,,,,,,,,,-,-,,,,,,,,,,,,,,,,,,,,,,,,,
,04-22-2015,08:58:45, Lane 1 ,Fwd,FF,,986,2,56,,2,9.47,,,,,,,,,,,,,,,,,,,,,,,,9.47,-,,,,,,,,,,,,,,,,,,,,,,,,,-,-,,,,,,,,,,,,,,,,,,,,,,,,,
,04-22-2015,08:58:47, Lane 1 ,Fwd,FF,,987,2,56,,2,8.71,,,,,,,,,,,,,,,,,,,,,,,,8.71,-,,,,,,,,,,,,,,,,,,,,,,,,,-,-,,,,,,,,,,,,,,,,,,,,,,,,,
,04-22-2015,08:58:48, Lane 1 ,Fwd,FF,,988,2,54,,2,8.82,,,,,,,,,,,,,,,,,,,,,,,,8.82,-,,,,,,,,,,,,,,,,,,,,,,,,,-,-,,,,,,,,,,,,,,,,,,,,,,,,,
,04-22-2015,08:58:49, Lane 1 ,Fwd,FF,,989,5,54,,2,13.11,,,,,,,,,,,,,,,,,,,,,,,,13.11,-,,,,,,,,,,,,,,,,,,,,,,,,,-,-,,,,,,,,,,,,,,,,,,,,,,,,,
,04-22-2015,08:58:52, Lane 1 ,Fwd,FF,,990,2,54,,2,8.39,,,,,,,,,,,,,,,,,,,,,,,,8.39,-,,,,,,,,,,,,,,,,,,,,,,,,,-,-,,,,,,,,,,,,,,,,,,,,,,,,,
,04-22-2015,08:58:53, Lane 1 ,Fwd,FF,,991,2,54,,2,8.21,,,,,,,,,,,,,,,,,,,,,,,,8.21,-,,,,,,,,,,,,,,,,,,,,,,,,,-,-,,,,,,,,,,,,,,,,,,,,,,,,,
,04-22-2015,08:59:00, Lane 1 ,Fwd,FF,,992,2,53,,2,9.00,,,,,,,,,,,,,,,,,,,,,,,,9.00,-,,,,,,,,,,,,,,,,,,,,,,,,,-,-,,,,,,,,,,,,,,,,,,,,,,,,,
,04-22-2015,08:59:03, Lane 1 ,Fwd,FF,,993,2,52,,2,8.81,,,,,,,,,,,,,,,,,,,,,,,,8.81,-,,,,,,,,,,,,,,,,,,,,,,,,,-,-,,,,,,,,,,,,,,,,,,,,,,,,,
,04-22-2015,08:59:04, Lane 1 ,Fwd,FF,,994,2,52,,2,9.42,,,,,,,,,,,,,,,,,,,,,,,,9.42,-,,,,,,,,,,,,,,,,,,,,,,,,,-,-,,,,,,,,,,,,,,,,,,,,,,,,,
,04-22-2015,08:59:06, Lane 1 ,Fwd,FF,,995,3,58,,2,10.63,,,,,,,,,,,,,,,,,,,,,,,,10.63,-,,,,,,,,,,,,,,,,,,,,,,,,,-,-,,,,,,,,,,,,,,,,,,,,,,,,,
,04-22-2015,08:59:08, Lane 1 ,Fwd,FF,,996,2,56,,2,8.22,,,,,,,,,,,,,,,,,,,,,,,,8.22,-,,,,,,,,,,,,,,,,,,,,,,,,,-,-,,,,,,,,,,,,,,,,,,,,,,,,,
,04-22-2015,08:59:09, Lane 1 ,Fwd,FF,,997,2,56,,2,8.98,,,,,,,,,,,,,,,,,,,,,,,,8.98,-,,,,,,,,,,,,,,,,,,,,,,,,,-,-,,,,,,,,,,,,,,,,,,,,,,,,,
,04-22-2015,08:59:12, Lane 1 ,Fwd,FF,,998,2,56,,2,9.69,,,,,,,,,,,,,,,,,,,,,,,,9.69,-,,,,,,,,,,,,,,,,,,,,,,,,,-,-,,,,,,,,,,,,,,,,,,,,,,,,,
,04-22-2015,08:59:15, Lane 1 ,Fwd,FF,,999,2,58,,2,9.19,,,,,,,,,,,,,,,,,,,,,,,,9.19,-,,,,,,,,,,,,,,,,,,,,,,,,,-,-,,,,,,,,,,,,,,,,,,,,,,,,,
,04-22-2015,08:59:16, Lane 1 ,Fwd,FF,,1000,2,58,,2,8.57,,,,,,,,,,,,,,,,,,,,,,,,8.57,-,,,,,,,,,,,,,,,,,,,,,,,,,-,-,,,,,,,,,,,,,,,,,,,,,,,,,
,04-22-2015,08:59:17, Lane 1 ,Fwd,FF,,1001,3,55,,2,10.55,,,,,,,,,,,,,,,,,,,,,,,,10.55,-,,,,,,,,,,,,,,,,,,,,,,,,,-,-,,,,,,,,,,,,,,,,,,,,,,,,,
,04-22-2015,08:59:20, Lane 1 ,Fwd,FF,,1002,2,58,,2,8.49,,,,,,,,,,,,,,,,,,,,,,,,8.49,-,,,,,,,,,,,,,,,,,,,,,,,,,-,-,,,,,,,,,,,,,,,,,,,,,,,,,
,04-22-2015,08:59:22, Lane 1 ,Fwd,FF,,1003,2,59,,2,8.55,,,,,,,,,,,,,,,,,,,,,,,,8.55,-,,,,,,,,,,,,,,,,,,,,,,,,,-,-,,,,,,,,,,,,,,,,,,,,,,,,,
,04-22-2015,08:59:26, Lane 1 ,Fwd,FF,,1004,2,60,,2,9.71,,,,,,,,,,,,,,,,,,,,,,,,9.71,-,,,,,,,,,,,,,,,,,,,,,,,,,-,-,,,,,,,,,,,,,,,,,,,,,,,,,
,04-22-2015,08:59:32, Lane 1 ,Fwd,FF,,1005,2,58,,2,8.96,,,,,,,,,,,,,,,,,,,,,,,,8.96,-,,,,,,,,,,,,,,,,,,,,,,,,,-,-,,,,,,,,,,,,,,,,,,,,,,,,,
,04-22-2015,08:59:40, Lane 1 ,Fwd,FF,,1006,2,60,,2,8.74,,,,,,,,,,,,,,,,,,,,,,,,8.74,-,,,,,,,,,,,,,,,,,,,,,,,,,-,-,,,,,,,,,,,,,,,,,,,,,,,,,
,04-22-2015,08:59:43, Lane 1 ,Fwd,FF,,1007,2,58,,2,9.19,,,,,,,,,,,,,,,,,,,,,,,,9.19,-,,,,,,,,,,,,,,,,,,,,,,,,,-,-,,,,,,,,,,,,,,,,,,,,,,,,,
,04-22-2015,09:00:01, Lane 1 ,Fwd,FF,,1,2,53,,2,9.59,,,,,,,,,,,,,,,,,,,,,,,,9.59,-,,,,,,,,,,,,,,,,,,,,,,,,,-,-,,,,,,,,,,,,,,,,,,,,,,,,,
,04-22-2015,09:00:02, Lane 1 ,Fwd,FF,,2,2,53,,2,8.69,,,,,,,,,,,,,,,,,,,,,,,,8.69,-,,,,,,,,,,,,,,,,,,,,,,,,,-,-,,,,,,,,,,,,,,,,,,,,,,,,,
,04-22-2015,09:00:13, Lane 1 ,Fwd,FF,,3,2,60,,2,9.00,,,,,,,,,,,,,,,,,,,,,,,,9.00,-,,,,,,,,,,,,,,,,,,,,,,,,,-,-,,,,,,,,,,,,,,,,,,,,,,,,,
,04-22-2015,09:00:29, Lane 1 ,Fwd,FF,,4,2,59,,2,8.87,,,,,,,,,,,,,,,,,,,,,,,,8.87,-,,,,,,,,,,,,,,,,,,,,,,,,,-,-,,,,,,,,,,,,,,,,,,,,,,,,,
,04-22-2015,09:00:31, Lane 1 ,Fwd,FF,,5,2,57,,2,8.67,,,,,,,,,,,,,,,,,,,,,,,,8.67,-,,,,,,,,,,,,,,,,,,,,,,,,,-,-,,,,,,,,,,,,,,,,,,,,,,,,,
,04-22-2015,09:00:35, Lane 1 ,Fwd,FF,,6,2,59,,2,8.64,,,,,,,,,,,,,,,,,,,,,,,,8.64,-,,,,,,,,,,,,,,,,,,,,,,,,,-,-,,,,,,,,,,,,,,,,,,,,,,,,,
,04-22-2015,09:00:38, Lane 1 ,Fwd,FF,,7,3,60,,2,10.85,,,,,,,,,,,,,,,,,,,,,,,,10.85,-,,,,,,,,,,,,,,,,,,,,,,,,,-,-,,,,,,,,,,,,,,,,,,,,,,,,,
,04-22-2015,09:00:45, Lane 1 ,Fwd,FF,,8,2,62,,2,8.66,,,,,,,,,,,,,,,,,,,,,,,,8.66,-,,,,,,,,,,,,,,,,,,,,,,,,,-,-,,,,,,,,,,,,,,,,,,,,,,,,,
,04-22-2015,09:00:46, Lane 1 ,Fwd,FF,,9,2,64,,2,8.32,,,,,,,,,,,,,,,,,,,,,,,,8.32,-,,,,,,,,,,,,,,,,,,,,,,,,,-,-,,,,,,,,,,,,,,,,,,,,,,,,,
,04-22-2015,09:01:02, Lane 1 ,Fwd,FF,,10,2,53,,2,8.67,,,,,,,,,,,,,,,,,,,,,,,,8.67,-,,,,,,,,,,,,,,,,,,,,,,,,,-,-,,,,,,,,,,,,,,,,,,,,,,,,,
,04-22-2015,09:01:07, Lane 1 ,Fwd,FF,,11,2,58,,2,8.87,,,,,,,,,,,,,,,,,,,,,,,,8.87,-,,,,,,,,,,,,,,,,,,,,,,,,,-,-,,,,,,,,,,,,,,,,,,,,,,,,,
,04-22-2015,09:01:09, Lane 1 ,Fwd,FF,,12,2,60,,2,8.23,,,,,,,,,,,,,,,,,,,,,,,,8.23,-,,,,,,,,,,,,,,,,,,,,,,,,,-,-,,,,,,,,,,,,,,,,,,,,,,,,,
,04-22-2015,09:01:13, Lane 1 ,Fwd,FF,,13,2,58,,2,9.02,,,,,,,,,,,,,,,,,,,,,,,,9.02,-,,,,,,,,,,,,,,,,,,,,,,,,,-,-,,,,,,,,,,,,,,,,,,,,,,,,,
,04-22-2015,09:01:15, Lane 1 ,Fwd,FF,,14,2,58,,2,8.66,,,,,,,,,,,,,,,,,,,,,,,,8.66,-,,,,,,,,,,,,,,,,,,,,,,,,,-,-,,,,,,,,,,,,,,,,,,,,,,,,,
,04-22-2015,09:01:23, Lane 1 ,Fwd,FF,,15,8,60,,3,16.50,19.41,,,,,,,,,,,,,,,,,,,,,,,35.91,-,,,,,,,,,,,,,,,,,,,,,,,,,-,-,,,,,,,,,,,,,,,,,,,,,,,,,
,04-22-2015,09:01:24, Lane 1 ,Fwd,FF,,16,2,62,,2,8.73,,,,,,,,,,,,,,,,,,,,,,,,8.73,-,,,,,,,,,,,,,,,,,,,,,,,,,-,-,,,,,,,,,,,,,,,,,,,,,,,,,
,04-22-2015,09:01:26, Lane 1 ,Fwd,FF,,17,2,61,,2,9.13,,,,,,,,,,,,,,,,,,,,,,,,9.13,-,,,,,,,,,,,,,,,,,,,,,,,,,-,-,,,,,,,,,,,,,,,,,,,,,,,,,
,04-22-2015,09:01:29, Lane 1 ,Fwd,FF,,18,2,58,,2,8.68,,,,,,,,,,,,,,,,,,,,,,,,8.68,-,,,,,,,,,,,,,,,,,,,,,,,,,-,-,,,,,,,,,,,,,,,,,,,,,,,,,
,04-22-2015,09:01:34, Lane 1 ,Fwd,FF,,19,3,60,,3,11.30,17.96,,,,,,,,,,,,,,,,,,,,,,,29.26,-,,,,,,,,,,,,,,,,,,,,,,,,,-,-,,,,,,,,,,,,,,,,,,,,,,,,,
,04-22-2015,09:01:36, Lane 1 ,Fwd,FF,,20,2,61,,2,8.60,,,,,,,,,,,,,,,,,,,,,,,,8.60,-,,,,,,,,,,,,,,,,,,,,,,,,,-,-,,,,,,,,,,,,,,,,,,,,,,,,,
,04-22-2015,09:01:46, Lane 1 ,Fwd,FF,,21,2,60,,2,8.91,,,,,,,,,,,,,,,,,,,,,,,,8.91,-,,,,,,,,,,,,,,,,,,,,,,,,,-,-,,,,,,,,,,,,,,,,,,,,,,,,,
,04-22-2015,09:02:06, Lane 1 ,Fwd,FF,,22,2,64,,2,8.34,,,,,,,,,,,,,,,,,,,,,,,,8.34,-,,,,,,,,,,,,,,,,,,,,,,,,,-,-,,,,,,,,,,,,,,,,,,,,,,,,,
,04-22-2015,09:02:15, Lane 1 ,Fwd,FF,,23,3,56,,2,12.91,,,,,,,,,,,,,,,,,,,,,,,,12.91,-,,,,,,,,,,,,,,,,,,,,,,,,,-,-,,,,,,,,,,,,,,,,,,,,,,,,,
,04-22-2015,09:02:35, Lane 1 ,Fwd,FF,,24,2,62,,2,9.00,,,,,,,,,,,,,,,,,,,,,,,,9.00,-,,,,,,,,,,,,,,,,,,,,,,,,,-,-,,,,,,,,,,,,,,,,,,,,,,,,,
,04-22-2015,09:02:51, Lane 1 ,Fwd,FF,,25,2,64,,2,9.66,,,,,,,,,,,,,,,,,,,,,,,,9.66,-,,,,,,,,,,,,,,,,,,,,,,,,,-,-,,,,,,,,,,,,,,,,,,,,,,,,,
,04-22-2015,09:02:54, Lane 1 ,Fwd,FF,,26,3,62,,2,10.64,,,,,,,,,,,,,,,,,,,,,,,,10.64,-,,,,,,,,,,,,,,,,,,,,,,,,,-,-,,,,,,,,,,,,,,,,,,,,,,,,,
,04-22-2015,09:02:57, Lane 1 ,Fwd,FF,,27,3,59,,2,12.43,,,,,,,,,,,,,,,,,,,,,,,,12.43,-,,,,,,,,,,,,,,,,,,,,,,,,,-,-,,,,,,,,,,,,,,,,,,,,,,,,,
,04-22-2015,09:02:58, Lane 1 ,Fwd,FF,,28,2,58,,2,8.60,,,,,,,,,,,,,,,,,,,,,,,,8.60,-,,,,,,,,,,,,,,,,,,,,,,,,,-,-,,,,,,,,,,,,,,,,,,,,,,,,,
,04-22-2015,09:02:59, Lane 1 ,Fwd,FF,,29,2,59,,2,8.87,,,,,,,,,,,,,,,,,,,,,,,,8.87,-,,,,,,,,,,,,,,,,,,,,,,,,,-,-,,,,,,,,,,,,,,,,,,,,,,,,,
,04-22-2015,09:03:01, Lane 1 ,Fwd,FF,,30,2,55,,2,9.25,,,,,,,,,,,,,,,,,,,,,,,,9.25,-,,,,,,,,,,,,,,,,,,,,,,,,,-,-,,,,,,,,,,,,,,,,,,,,,,,,,
,04-22-2015,09:03:03, Lane 1 ,Fwd,FF,,31,2,51,,2,9.75,,,,,,,,,,,,,,,,,,,,,,,,9.75,-,,,,,,,,,,,,,,,,,,,,,,,,,-,-,,,,,,,,,,,,,,,,,,,,,,,,,
,04-22-2015,09:03:06, Lane 1 ,Fwd,FF,,32,2,55,,2,8.54,,,,,,,,,,,,,,,,,,,,,,,,8.54,-,,,,,,,,,,,,,,,,,,,,,,,,,-,-,,,,,,,,,,,,,,,,,,,,,,,,,
,04-22-2015,09:03:08, Lane 1 ,Fwd,FF,,33,2,56,,2,9.19,,,,,,,,,,,,,,,,,,,,,,,,9.19,-,,,,,,,,,,,,,,,,,,,,,,,,,-,-,,,,,,,,,,,,,,,,,,,,,,,,,
,04-22-2015,09:03:10, Lane 1 ,Fwd,FF,,34,3,58,,3,11.33,17.33,,,,,,,,,,,,,,,,,,,,,,,28.66,-,,,,,,,,,,,,,,,,,,,,,,,,,-,-,,,,,,,,,,,,,,,,,,,,,,,,,
,04-22-2015,09:03:23, Lane 1 ,Fwd,FF,,35,2,53,,2,8.81,,,,,,,,,,,,,,,,,,,,,,,,8.81,-,,,,,,,,,,,,,,,,,,,,,,,,,-,-,,,,,,,,,,,,,,,,,,,,,,,,,
,04-22-2015,09:03:28, Lane 1 ,Fwd,FF,,36,9,8,,5,0.91,2.21,6.90,0.78,,,,,,,,,,,,,,,,,,,,,10.80,-,,,,,,,,,,,,,,,,,,,,,,,,,-,-,,,,,,,,,,,,,,,,,,,,,,,,,
,04-22-2015,09:03:36, Lane 1 ,Fwd,FF,,37,5,38,,2,13.52,,,,,,,,,,,,,,,,,,,,,,,,13.52,-,,,,,,,,,,,,,,,,,,,,,,,,,-,-,,,,,,,,,,,,,,,,,,,,,,,,,
,04-22-2015,09:03:37, Lane 1 ,Fwd,FF,,38,2,40,,2,9.66,,,,,,,,,,,,,,,,,,,,,,,,9.66,-,,,,,,,,,,,,,,,,,,,,,,,,,-,-,,,,,,,,,,,,,,,,,,,,,,,,,
,04-22-2015,09:03:41, Lane 1 ,Fwd,FF,,39,2,31,,4,10.42,30.50,10.06,,,,,,,,,,,,,,,,,,,,,,50.98,-,,,,,,,,,,,,,,,,,,,,,,,,,-,-,,,,,,,,,,,,,,,,,,,,,,,,,
,04-22-2015,09:03:44, Lane 1 ,Fwd,FF,,40,3,26,,2,11.51,,,,,,,,,,,,,,,,,,,,,,,,11.51,-,,,,,,,,,,,,,,,,,,,,,,,,,-,-,,,,,,,,,,,,,,,,,,,,,,,,,
,04-22-2015,09:03:46, Lane 1 ,Fwd,FF,,41,9,26,,5,11.96,4.25,33.07,3.86,,,,,,,,,,,,,,,,,,,,,53.14,-,,,,,,,,,,,,,,,,,,,,,,,,,-,-,,,,,,,,,,,,,,,,,,,,,,,,,
,04-22-2015,09:03:51, Lane 1 ,Fwd,FF,,42,3,27,,2,12.83,,,,,,,,,,,,,,,,,,,,,,,,12.83,-,,,,,,,,,,,,,,,,,,,,,,,,,-,-,,,,,,,,,,,,,,,,,,,,,,,,,
,04-22-2015,09:04:19, Lane 1 ,Fwd,FF,,43,2,52,,2,8.73,,,,,,,,,,,,,,,,,,,,,,,,8.73,-,,,,,,,,,,,,,,,,,,,,,,,,,-,-,,,,,,,,,,,,,,,,,,,,,,,,,
,04-22-2015,09:04:22, Lane 1 ,Fwd,FF,,44,2,40,,2,8.96,,,,,,,,,,,,,,,,,,,,,,,,8.96,-,,,,,,,,,,,,,,,,,,,,,,,,,-,-,,,,,,,,,,,,,,,,,,,,,,,,,
,04-22-2015,09:04:46, Lane 1 ,Fwd,FF,,45,2,49,,2,9.48,,,,,,,,,,,,,,,,,,,,,,,,9.48,-,,,,,,,,,,,,,,,,,,,,,,,,,-,-,,,,,,,,,,,,,,,,,,,,,,,,,
,04-22-2015,09:05:14, Lane 1 ,Fwd,FF,,46,2,46,,2,8.68,,,,,,,,,,,,,,,,,,,,,,,,8.68,-,,,,,,,,,,,,,,,,,,,,,,,,,-,-,,,,,,,,,,,,,,,,,,,,,,,,,
,04-22-2015,09:05:25, Lane 1 ,Fwd,FF,,47,2,53,,2,9.77,,,,,,,,,,,,,,,,,,,,,,,,9.77,-,,,,,,,,,,,,,,,,,,,,,,,,,-,-,,,,,,,,,,,,,,,,,,,,,,,,,
,04-22-2015,09:05:27, Lane 1 ,Fwd,FF,,48,2,54,,2,8.45,,,,,,,,,,,,,,,,,,,,,,,,8.45,-,,,,,,,,,,,,,,,,,,,,,,,,,-,-,,,,,,,,,,,,,,,,,,,,,,,,,
,04-22-2015,09:05:28, Lane 1 ,Fwd,FF,,49,3,50,,2,11.78,,,,,,,,,,,,,,,,,,,,,,,,11.78,-,,,,,,,,,,,,,,,,,,,,,,,,,-,-,,,,,,,,,,,,,,,,,,,,,,,,,
,04-22-2015,09:05:31, Lane 1 ,Fwd,FF,,50,2,52,,2,8.58,,,,,,,,,,,,,,,,,,,,,,,,8.58,-,,,,,,,,,,,,,,,,,,,,,,,,,-,-,,,,,,,,,,,,,,,,,,,,,,,,,
,04-22-2015,09:05:36, Lane 1 ,Fwd,FF,,51,3,53,,2,11.30,,,,,,,,,,,,,,,,,,,,,,,,11.30,-,,,,,,,,,,,,,,,,,,,,,,,,,-,-,,,,,,,,,,,,,,,,,,,,,,,,,
,04-22-2015,09:05:37, Lane 1 ,Fwd,FF,,52,2,52,,2,9.74,,,,,,,,,,,,,,,,,,,,,,,,9.74,-,,,,,,,,,,,,,,,,,,,,,,,,,-,-,,,,,,,,,,,,,,,,,,,,,,,,,
,04-22-2015,09:05:39, Lane 1 ,Fwd,FF,,53,3,47,,2,10.75,,,,,,,,,,,,,,,,,,,,,,,,10.75,-,,,,,,,,,,,,,,,,,,,,,,,,,-,-,,,,,,,,,,,,,,,,,,,,,,,,,
,04-22-2015,09:05:42, Lane 1 ,Fwd,FF,,54,3,41,,2,11.34,,,,,,,,,,,,,,,,,,,,,,,,11.34,-,,,,,,,,,,,,,,,,,,,,,,,,,-,-,,,,,,,,,,,,,,,,,,,,,,,,,
,04-22-2015,09:05:43, Lane 1 ,Fwd,FF,,55,2,39,,2,9.64,,,,,,,,,,,,,,,,,,,,,,,,9.64,-,,,,,,,,,,,,,,,,,,,,,,,,,-,-,,,,,,,,,,,,,,,,,,,,,,,,,
,04-22-2015,09:05:45, Lane 1 ,Fwd,FF,,56,2,39,,2,9.29,,,,,,,,,,,,,,,,,,,,,,,,9.29,-,,,,,,,,,,,,,,,,,,,,,,,,,-,-,,,,,,,,,,,,,,,,,,,,,,,,,
,04-22-2015,09:05:46, Lane 1 ,Fwd,FF,,57,2,40,,2,9.16,,,,,,,,,,,,,,,,,,,,,,,,9.16,-,,,,,,,,,,,,,,,,,,,,,,,,,-,-,,,,,,,,,,,,,,,,,,,,,,,,,
,04-22-2015,09:05:47, Lane 1 ,Fwd,FF,,58,2,37,,4,8.29,36.60,8.95,,,,,,,,,,,,,,,,,,,,,,53.84,-,,,,,,,,,,,,,,,,,,,,,,,,,-,-,,,,,,,,,,,,,,,,,,,,,,,,,
,04-22-2015,09:05:51, Lane 1 ,Fwd,FF,,59,2,30,,2,8.92,,,,,,,,,,,,,,,,,,,,,,,,8.92,-,,,,,,,,,,,,,,,,,,,,,,,,,-,-,,,,,,,,,,,,,,,,,,,,,,,,,
,04-22-2015,09:05:53, Lane 1 ,Fwd,FF,,60,2,30,,4,8.12,32.21,11.03,,,,,,,,,,,,,,,,,,,,,,51.36,-,,,,,,,,,,,,,,,,,,,,,,,,,-,-,,,,,,,,,,,,,,,,,,,,,,,,,
,04-22-2015,09:06:00, Lane 1 ,Fwd,FF,,61,3,30,,2,11.30,,,,,,,,,,,,,,,,,,,,,,,,11.30,-,,,,,,,,,,,,,,,,,,,,,,,,,-,-,,,,,,,,,,,,,,,,,,,,,,,,,
,04-22-2015,09:06:05, Lane 1 ,Fwd,FF,,62,2,38,,2,9.36,,,,,,,,,,,,,,,,,,,,,,,,9.36,-,,,,,,,,,,,,,,,,,,,,,,,,,-,-,,,,,,,,,,,,,,,,,,,,,,,,,
,04-22-2015,09:06:15, Lane 1 ,Fwd,FF,,63,2,44,,2,9.38,,,,,,,,,,,,,,,,,,,,,,,,9.38,-,,,,,,,,,,,,,,,,,,,,,,,,,-,-,,,,,,,,,,,,,,,,,,,,,,,,,
,04-22-2015,09:06:21, Lane 1 ,Fwd,FF,,64,2,54,,2,8.19,,,,,,,,,,,,,,,,,,,,,,,,8.19,-,,,,,,,,,,,,,,,,,,,,,,,,,-,-,,,,,,,,,,,,,,,,,,,,,,,,,
,04-22-2015,09:06:25, Lane 1 ,Fwd,FF,,65,2,46,,2,8.93,,,,,,,,,,,,,,,,,,,,,,,,8.93,-,,,,,,,,,,,,,,,,,,,,,,,,,-,-,,,,,,,,,,,,,,,,,,,,,,,,,
,04-22-2015,09:06:30, Lane 1 ,Fwd,FF,,66,9,43,,5,15.75,4.44,36.13,4.06,,,,,,,,,,,,,,,,,,,,,60.38,-,,,,,,,,,,,,,,,,,,,,,,,,,-,-,,,,,,,,,,,,,,,,,,,,,,,,,
,04-22-2015,09:06:36, Lane 1 ,Fwd,FF,,67,3,46,,2,10.53,,,,,,,,,,,,,,,,,,,,,,,,10.53,-,,,,,,,,,,,,,,,,,,,,,,,,,-,-,,,,,,,,,,,,,,,,,,,,,,,,,
,04-22-2015,09:06:37, Lane 1 ,Fwd,FF,,68,3,44,,2,11.29,,,,,,,,,,,,,,,,,,,,,,,,11.29,-,,,,,,,,,,,,,,,,,,,,,,,,,-,-,,,,,,,,,,,,,,,,,,,,,,,,,
,04-22-2015,09:06:40, Lane 1 ,Fwd,FF,,69,3,46,,2,12.54,,,,,,,,,,,,,,,,,,,,,,,,12.54,-,,,,,,,,,,,,,,,,,,,,,,,,,-,-,,,,,,,,,,,,,,,,,,,,,,,,,
,04-22-2015,09:06:57, Lane 1 ,Fwd,FF,,70,2,55,,2,8.92,,,,,,,,,,,,,,,,,,,,,,,,8.92,-,,,,,,,,,,,,,,,,,,,,,,,,,-,-,,,,,,,,,,,,,,,,,,,,,,,,,
,04-22-2015,09:07:00, Lane 1 ,Fwd,FF,,71,2,52,,2,9.25,,,,,,,,,,,,,,,,,,,,,,,,9.25,-,,,,,,,,,,,,,,,,,,,,,,,,,-,-,,,,,,,,,,,,,,,,,,,,,,,,,
,04-22-2015,09:07:03, Lane 1 ,Fwd,FF,,72,2,59,,2,9.48,,,,,,,,,,,,,,,,,,,,,,,,9.48,-,,,,,,,,,,,,,,,,,,,,,,,,,-,-,,,,,,,,,,,,,,,,,,,,,,,,,
,04-22-2015,09:07:13, Lane 1 ,Fwd,FF,,73,2,47,,2,9.24,,,,,,,,,,,,,,,,,,,,,,,,9.24,-,,,,,,,,,,,,,,,,,,,,,,,,,-,-,,,,,,,,,,,,,,,,,,,,,,,,,
,04-22-2015,09:07:15, Lane 1 ,Fwd,FF,,74,2,49,,2,8.84,,,,,,,,,,,,,,,,,,,,,,,,8.84,-,,,,,,,,,,,,,,,,,,,,,,,,,-,-,,,,,,,,,,,,,,,,,,,,,,,,,
,04-22-2015,09:07:17, Lane 1 ,Fwd,FF,,75,2,43,,2,9.55,,,,,,,,,,,,,,,,,,,,,,,,9.55,-,,,,,,,,,,,,,,,,,,,,,,,,,-,-,,,,,,,,,,,,,,,,,,,,,,,,,
,04-22-2015,09:07:20, Lane 1 ,Fwd,FF,,76,2,44,,2,7.91,,,,,,,,,,,,,,,,,,,,,,,,7.91,-,,,,,,,,,,,,,,,,,,,,,,,,,-,-,,,,,,,,,,,,,,,,,,,,,,,,,
,04-22-2015,09:07:21, Lane 1 ,Fwd,FF,,77,2,44,,2,8.56,,,,,,,,,,,,,,,,,,,,,,,,8.56,-,,,,,,,,,,,,,,,,,,,,,,,,,-,-,,,,,,,,,,,,,,,,,,,,,,,,,
,04-22-2015,09:07:24, Lane 1 ,Fwd,FF,,78,3,51,,2,11.25,,,,,,,,,,,,,,,,,,,,,,,,11.25,-,,,,,,,,,,,,,,,,,,,,,,,,,-,-,,,,,,,,,,,,,,,,,,,,,,,,,
,04-22-2015,09:07:48, Lane 1 ,Fwd,FF,,79,2,49,,2,9.93,,,,,,,,,,,,,,,,,,,,,,,,9.93,-,,,,,,,,,,,,,,,,,,,,,,,,,-,-,,,,,,,,,,,,,,,,,,,,,,,,,
,04-22-2015,09:07:50, Lane 1 ,Fwd,FF,,80,2,50,,2,8.47,,,,,,,,,,,,,,,,,,,,,,,,8.47,-,,,,,,,,,,,,,,,,,,,,,,,,,-,-,,,,,,,,,,,,,,,,,,,,,,,,,
,04-22-2015,09:08:00, Lane 1 ,Fwd,FF,,81,2,57,,2,8.67,,,,,,,,,,,,,,,,,,,,,,,,8.67,-,,,,,,,,,,,,,,,,,,,,,,,,,-,-,,,,,,,,,,,,,,,,,,,,,,,,,
,04-22-2015,09:08:04, Lane 1 ,Fwd,FF,,82,2,60,,2,8.76,,,,,,,,,,,,,,,,,,,,,,,,8.76,-,,,,,,,,,,,,,,,,,,,,,,,,,-,-,,,,,,,,,,,,,,,,,,,,,,,,,
,04-22-2015,09:08:31, Lane 1 ,Fwd,FF,,83,2,55,,2,8.70,,,,,,,,,,,,,,,,,,,,,,,,8.70,-,,,,,,,,,,,,,,,,,,,,,,,,,-,-,,,,,,,,,,,,,,,,,,,,,,,,,
,04-22-2015,09:08:41, Lane 1 ,Fwd,FF,,84,4,42,,2,20.47,,,,,,,,,,,,,,,,,,,,,,,,20.47,-,,,,,,,,,,,,,,,,,,,,,,,,,-,-,,,,,,,,,,,,,,,,,,,,,,,,,
,04-22-2015,09:08:44, Lane 1 ,Fwd,FF,,85,2,41,,2,8.72,,,,,,,,,,,,,,,,,,,,,,,,8.72,-,,,,,,,,,,,,,,,,,,,,,,,,,-,-,,,,,,,,,,,,,,,,,,,,,,,,,
,04-22-2015,09:08:46, Lane 1 ,Fwd,FF,,86,2,39,,2,8.83,,,,,,,,,,,,,,,,,,,,,,,,8.83,-,,,,,,,,,,,,,,,,,,,,,,,,,-,-,,,,,,,,,,,,,,,,,,,,,,,,,
,04-22-2015,09:08:48, Lane 1 ,Fwd,FF,,87,2,41,,2,8.36,,,,,,,,,,,,,,,,,,,,,,,,8.36,-,,,,,,,,,,,,,,,,,,,,,,,,,-,-,,,,,,,,,,,,,,,,,,,,,,,,,
,04-22-2015,09:08:50, Lane 1 ,Fwd,FF,,88,2,34,,2,8.72,,,,,,,,,,,,,,,,,,,,,,,,8.72,-,,,,,,,,,,,,,,,,,,,,,,,,,-,-,,,,,,,,,,,,,,,,,,,,,,,,,
,04-22-2015,09:08:53, Lane 1 ,Fwd,FF,,89,2,33,,2,8.97,,,,,,,,,,,,,,,,,,,,,,,,8.97,-,,,,,,,,,,,,,,,,,,,,,,,,,-,-,,,,,,,,,,,,,,,,,,,,,,,,,
,04-22-2015,09:08:59, Lane 1 ,Fwd,FF,,90,2,56,,2,9.12,,,,,,,,,,,,,,,,,,,,,,,,9.12,-,,,,,,,,,,,,,,,,,,,,,,,,,-,-,,,,,,,,,,,,,,,,,,,,,,,,,
,04-22-2015,09:09:07, Lane 1 ,Fwd,FF,,91,2,58,,2,8.70,,,,,,,,,,,,,,,,,,,,,,,,8.70,-,,,,,,,,,,,,,,,,,,,,,,,,,-,-,,,,,,,,,,,,,,,,,,,,,,,,,
,04-22-2015,09:09:11, Lane 1 ,Fwd,FF,,92,2,55,,2,8.88,,,,,,,,,,,,,,,,,,,,,,,,8.88,-,,,,,,,,,,,,,,,,,,,,,,,,,-,-,,,,,,,,,,,,,,,,,,,,,,,,,
,04-22-2015,09:09:14, Lane 1 ,Fwd,FF,,93,2,50,,2,7.21,,,,,,,,,,,,,,,,,,,,,,,,7.21,-,,,,,,,,,,,,,,,,,,,,,,,,,-,-,,,,,,,,,,,,,,,,,,,,,,,,,
,04-22-2015,09:09:16, Lane 1 ,Fwd,FF,,94,2,56,,2,8.88,,,,,,,,,,,,,,,,,,,,,,,,8.88,-,,,,,,,,,,,,,,,,,,,,,,,,,-,-,,,,,,,,,,,,,,,,,,,,,,,,,
,04-22-2015,09:09:20, Lane 1 ,Fwd,FF,,95,3,47,,2,10.30,,,,,,,,,,,,,,,,,,,,,,,,10.30,-,,,,,,,,,,,,,,,,,,,,,,,,,-,-,,,,,,,,,,,,,,,,,,,,,,,,,
,04-22-2015,09:09:41, Lane 1 ,Fwd,FF,,96,3,56,,2,12.99,,,,,,,,,,,,,,,,,,,,,,,,12.99,-,,,,,,,,,,,,,,,,,,,,,,,,,-,-,,,,,,,,,,,,,,,,,,,,,,,,,
,04-22-2015,09:09:43, Lane 1 ,Fwd,FF,,97,2,56,,2,9.77,,,,,,,,,,,,,,,,,,,,,,,,9.77,-,,,,,,,,,,,,,,,,,,,,,,,,,-,-,,,,,,,,,,,,,,,,,,,,,,,,,
,04-22-2015,09:09:50, Lane 1 ,Fwd,FF,,98,2,52,,2,9.06,,,,,,,,,,,,,,,,,,,,,,,,9.06,-,,,,,,,,,,,,,,,,,,,,,,,,,-,-,,,,,,,,,,,,,,,,,,,,,,,,,
,04-22-2015,09:09:52, Lane 1 ,Fwd,FF,,99,2,56,,2,8.80,,,,,,,,,,,,,,,,,,,,,,,,8.80,-,,,,,,,,,,,,,,,,,,,,,,,,,-,-,,,,,,,,,,,,,,,,,,,,,,,,,
,04-22-2015,09:10:13, Lane 1 ,Fwd,FF,,100,2,45,,2,9.04,,,,,,,,,,,,,,,,,,,,,,,,9.04,-,,,,,,,,,,,,,,,,,,,,,,,,,-,-,,,,,,,,,,,,,,,,,,,,,,,,,
,04-22-2015,09:10:16, Lane 1 ,Fwd,FF,,101,2,51,,2,8.87,,,,,,,,,,,,,,,,,,,,,,,,8.87,-,,,,,,,,,,,,,,,,,,,,,,,,,-,-,,,,,,,,,,,,,,,,,,,,,,,,,
,04-22-2015,09:10:18, Lane 1 ,Fwd,FF,,102,2,51,,2,8.74,,,,,,,,,,,,,,,,,,,,,,,,8.74,-,,,,,,,,,,,,,,,,,,,,,,,,,-,-,,,,,,,,,,,,,,,,,,,,,,,,,
,04-22-2015,09:10:20, Lane 1 ,Fwd,FF,,103,2,52,,2,8.61,,,,,,,,,,,,,,,,,,,,,,,,8.61,-,,,,,,,,,,,,,,,,,,,,,,,,,-,-,,,,,,,,,,,,,,,,,,,,,,,,,
,04-22-2015,09:10:22, Lane 1 ,Fwd,FF,,104,2,55,,2,9.00,,,,,,,,,,,,,,,,,,,,,,,,9.00,-,,,,,,,,,,,,,,,,,,,,,,,,,-,-,,,,,,,,,,,,,,,,,,,,,,,,,
,04-22-2015,09:10:26, Lane 1 ,Fwd,FF,,105,3,53,,3,10.83,15.97,,,,,,,,,,,,,,,,,,,,,,,26.80,-,,,,,,,,,,,,,,,,,,,,,,,,,-,-,,,,,,,,,,,,,,,,,,,,,,,,,
,04-22-2015,09:10:28, Lane 1 ,Fwd,FF,,106,2,48,,2,8.73,,,,,,,,,,,,,,,,,,,,,,,,8.73,-,,,,,,,,,,,,,,,,,,,,,,,,,-,-,,,,,,,,,,,,,,,,,,,,,,,,,
,04-22-2015,09:10:30, Lane 1 ,Fwd,FF,,107,2,48,,2,8.93,,,,,,,,,,,,,,,,,,,,,,,,8.93,-,,,,,,,,,,,,,,,,,,,,,,,,,-,-,,,,,,,,,,,,,,,,,,,,,,,,,
,04-22-2015,09:10:32, Lane 1 ,Fwd,FF,,108,3,50,,2,11.78,,,,,,,,,,,,,,,,,,,,,,,,11.78,-,,,,,,,,,,,,,,,,,,,,,,,,,-,-,,,,,,,,,,,,,,,,,,,,,,,,,
,04-22-2015,09:10:39, Lane 1 ,Fwd,FF,,109,3,51,,2,12.83,,,,,,,,,,,,,,,,,,,,,,,,12.83,-,,,,,,,,,,,,,,,,,,,,,,,,,-,-,,,,,,,,,,,,,,,,,,,,,,,,,
,04-22-2015,09:10:44, Lane 1 ,Fwd,FF,,110,2,55,,2,8.70,,,,,,,,,,,,,,,,,,,,,,,,8.70,-,,,,,,,,,,,,,,,,,,,,,,,,,-,-,,,,,,,,,,,,,,,,,,,,,,,,,
,04-22-2015,09:11:04, Lane 1 ,Fwd,FF,,111,3,58,,2,12.86,,,,,,,,,,,,,,,,,,,,,,,,12.86,-,,,,,,,,,,,,,,,,,,,,,,,,,-,-,,,,,,,,,,,,,,,,,,,,,,,,,
,04-22-2015,09:11:20, Lane 1 ,Fwd,FF,,112,10,52,,6,18.87,4.45,33.44,4.07,4.07,,,,,,,,,,,,,,,,,,,,64.90,-,,,,,,,,,,,,,,,,,,,,,,,,,-,-,,,,,,,,,,,,,,,,,,,,,,,,,
,04-22-2015,09:11:23, Lane 1 ,Fwd,FF,,113,2,50,,2,8.56,,,,,,,,,,,,,,,,,,,,,,,,8.56,-,,,,,,,,,,,,,,,,,,,,,,,,,-,-,,,,,,,,,,,,,,,,,,,,,,,,,
,04-22-2015,09:11:25, Lane 1 ,Fwd,FF,,114,2,48,,2,8.52,,,,,,,,,,,,,,,,,,,,,,,,8.52,-,,,,,,,,,,,,,,,,,,,,,,,,,-,-,,,,,,,,,,,,,,,,,,,,,,,,,
,04-22-2015,09:11:26, Lane 1 ,Fwd,FF,,115,3,49,,2,11.93,,,,,,,,,,,,,,,,,,,,,,,,11.93,-,,,,,,,,,,,,,,,,,,,,,,,,,-,-,,,,,,,,,,,,,,,,,,,,,,,,,
,04-22-2015,09:11:29, Lane 1 ,Fwd,FF,,116,2,49,,2,9.20,,,,,,,,,,,,,,,,,,,,,,,,9.20,-,,,,,,,,,,,,,,,,,,,,,,,,,-,-,,,,,,,,,,,,,,,,,,,,,,,,,
,04-22-2015,09:11:31, Lane 1 ,Fwd,FF,,117,2,50,,2,8.47,,,,,,,,,,,,,,,,,,,,,,,,8.47,-,,,,,,,,,,,,,,,,,,,,,,,,,-,-,,,,,,,,,,,,,,,,,,,,,,,,,
,04-22-2015,09:11:37, Lane 1 ,Fwd,FF,,118,2,48,,2,8.30,,,,,,,,,,,,,,,,,,,,,,,,8.30,-,,,,,,,,,,,,,,,,,,,,,,,,,-,-,,,,,,,,,,,,,,,,,,,,,,,,,
,04-22-2015,09:11:40, Lane 1 ,Fwd,FF,,119,2,52,,2,8.05,,,,,,,,,,,,,,,,,,,,,,,,8.05,-,,,,,,,,,,,,,,,,,,,,,,,,,-,-,,,,,,,,,,,,,,,,,,,,,,,,,
,04-22-2015,09:11:42, Lane 1 ,Fwd,FF,,120,3,49,,2,10.64,,,,,,,,,,,,,,,,,,,,,,,,10.64,-,,,,,,,,,,,,,,,,,,,,,,,,,-,-,,,,,,,,,,,,,,,,,,,,,,,,,
,04-22-2015,09:11:54, Lane 1 ,Fwd,FF,,121,2,54,,2,8.82,,,,,,,,,,,,,,,,,,,,,,,,8.82,-,,,,,,,,,,,,,,,,,,,,,,,,,-,-,,,,,,,,,,,,,,,,,,,,,,,,,
,04-22-2015,09:12:04, Lane 1 ,Fwd,FF,,122,2,44,,2,8.95,,,,,,,,,,,,,,,,,,,,,,,,8.95,-,,,,,,,,,,,,,,,,,,,,,,,,,-,-,,,,,,,,,,,,,,,,,,,,,,,,,
,04-22-2015,09:12:11, Lane 1 ,Fwd,FF,,123,2,52,,2,8.66,,,,,,,,,,,,,,,,,,,,,,,,8.66,-,,,,,,,,,,,,,,,,,,,,,,,,,-,-,,,,,,,,,,,,,,,,,,,,,,,,,
,04-22-2015,09:12:13, Lane 1 ,Fwd,FF,,124,3,49,,2,10.28,,,,,,,,,,,,,,,,,,,,,,,,10.28,-,,,,,,,,,,,,,,,,,,,,,,,,,-,-,,,,,,,,,,,,,,,,,,,,,,,,,
,04-22-2015,09:12:14, Lane 1 ,Fwd,FF,,125,2,47,,2,8.57,,,,,,,,,,,,,,,,,,,,,,,,8.57,-,,,,,,,,,,,,,,,,,,,,,,,,,-,-,,,,,,,,,,,,,,,,,,,,,,,,,
,04-22-2015,09:12:15, Lane 1 ,Fwd,FF,,126,2,46,,2,8.07,,,,,,,,,,,,,,,,,,,,,,,,8.07,-,,,,,,,,,,,,,,,,,,,,,,,,,-,-,,,,,,,,,,,,,,,,,,,,,,,,,
,04-22-2015,09:12:16, Lane 1 ,Fwd,FF,,127,2,46,,2,9.83,,,,,,,,,,,,,,,,,,,,,,,,9.83,-,,,,,,,,,,,,,,,,,,,,,,,,,-,-,,,,,,,,,,,,,,,,,,,,,,,,,
,04-22-2015,09:12:20, Lane 1 ,Fwd,FF,,128,2,43,,2,9.27,,,,,,,,,,,,,,,,,,,,,,,,9.27,-,,,,,,,,,,,,,,,,,,,,,,,,,-,-,,,,,,,,,,,,,,,,,,,,,,,,,
,04-22-2015,09:12:21, Lane 1 ,Fwd,FF,,129,3,44,,2,11.35,,,,,,,,,,,,,,,,,,,,,,,,11.35,-,,,,,,,,,,,,,,,,,,,,,,,,,-,-,,,,,,,,,,,,,,,,,,,,,,,,,
,04-22-2015,09:12:23, Lane 1 ,Fwd,FF,,130,3,42,,2,11.82,,,,,,,,,,,,,,,,,,,,,,,,11.82,-,,,,,,,,,,,,,,,,,,,,,,,,,-,-,,,,,,,,,,,,,,,,,,,,,,,,,
,04-22-2015,09:12:25, Lane 1 ,Fwd,FF,,131,2,41,,2,8.84,,,,,,,,,,,,,,,,,,,,,,,,8.84,-,,,,,,,,,,,,,,,,,,,,,,,,,-,-,,,,,,,,,,,,,,,,,,,,,,,,,
,04-22-2015,09:12:32, Lane 1 ,Fwd,FF,,132,2,45,,2,9.18,,,,,,,,,,,,,,,,,,,,,,,,9.18,-,,,,,,,,,,,,,,,,,,,,,,,,,-,-,,,,,,,,,,,,,,,,,,,,,,,,,
,04-22-2015,09:12:34, Lane 1 ,Fwd,FF,,133,3,39,,2,11.37,,,,,,,,,,,,,,,,,,,,,,,,11.37,-,,,,,,,,,,,,,,,,,,,,,,,,,-,-,,,,,,,,,,,,,,,,,,,,,,,,,
,04-22-2015,09:12:45, Lane 1 ,Fwd,FF,,134,4,42,,2,22.15,,,,,,,,,,,,,,,,,,,,,,,,22.15,-,,,,,,,,,,,,,,,,,,,,,,,,,-,-,,,,,,,,,,,,,,,,,,,,,,,,,
,04-22-2015,09:12:47, Lane 1 ,Fwd,FF,,135,2,43,,2,9.87,,,,,,,,,,,,,,,,,,,,,,,,9.87,-,,,,,,,,,,,,,,,,,,,,,,,,,-,-,,,,,,,,,,,,,,,,,,,,,,,,,
,04-22-2015,09:12:51, Lane 1 ,Fwd,FF,,136,3,40,,2,11.71,,,,,,,,,,,,,,,,,,,,,,,,11.71,-,,,,,,,,,,,,,,,,,,,,,,,,,-,-,,,,,,,,,,,,,,,,,,,,,,,,,
,04-22-2015,09:12:53, Lane 1 ,Fwd,FF,,137,2,39,,2,8.99,,,,,,,,,,,,,,,,,,,,,,,,8.99,-,,,,,,,,,,,,,,,,,,,,,,,,,-,-,,,,,,,,,,,,,,,,,,,,,,,,,
,04-22-2015,09:12:55, Lane 1 ,Fwd,FF,,138,2,36,,2,9.82,,,,,,,,,,,,,,,,,,,,,,,,9.82,-,,,,,,,,,,,,,,,,,,,,,,,,,-,-,,,,,,,,,,,,,,,,,,,,,,,,,
,04-22-2015,09:12:58, Lane 1 ,Fwd,FF,,139,3,36,,2,10.32,,,,,,,,,,,,,,,,,,,,,,,,10.32,-,,,,,,,,,,,,,,,,,,,,,,,,,-,-,,,,,,,,,,,,,,,,,,,,,,,,,
,04-22-2015,09:13:01, Lane 1 ,Fwd,FF,,140,2,33,,2,8.30,,,,,,,,,,,,,,,,,,,,,,,,8.30,-,,,,,,,,,,,,,,,,,,,,,,,,,-,-,,,,,,,,,,,,,,,,,,,,,,,,,
,04-22-2015,09:13:03, Lane 1 ,Fwd,FF,,141,3,35,,2,11.85,,,,,,,,,,,,,,,,,,,,,,,,11.85,-,,,,,,,,,,,,,,,,,,,,,,,,,-,-,,,,,,,,,,,,,,,,,,,,,,,,,
,04-22-2015,09:13:09, Lane 1 ,Fwd,FF,,142,3,42,,3,11.76,12.68,,,,,,,,,,,,,,,,,,,,,,,24.44,-,,,,,,,,,,,,,,,,,,,,,,,,,-,-,,,,,,,,,,,,,,,,,,,,,,,,,
,04-22-2015,09:13:15, Lane 1 ,Fwd,FF,,143,2,47,,2,8.60,,,,,,,,,,,,,,,,,,,,,,,,8.60,-,,,,,,,,,,,,,,,,,,,,,,,,,-,-,,,,,,,,,,,,,,,,,,,,,,,,,
,04-22-2015,09:13:19, Lane 1 ,Fwd,FF,,144,2,44,,2,8.43,,,,,,,,,,,,,,,,,,,,,,,,8.43,-,,,,,,,,,,,,,,,,,,,,,,,,,-,-,,,,,,,,,,,,,,,,,,,,,,,,,
,04-22-2015,09:13:21, Lane 1 ,Fwd,FF,,145,2,46,,2,8.93,,,,,,,,,,,,,,,,,,,,,,,,8.93,-,,,,,,,,,,,,,,,,,,,,,,,,,-,-,,,,,,,,,,,,,,,,,,,,,,,,,
,04-22-2015,09:13:26, Lane 1 ,Fwd,FF,,146,3,51,,2,10.88,,,,,,,,,,,,,,,,,,,,,,,,10.88,-,,,,,,,,,,,,,,,,,,,,,,,,,-,-,,,,,,,,,,,,,,,,,,,,,,,,,
,04-22-2015,09:13:28, Lane 1 ,Fwd,FF,,147,2,49,,2,8.93,,,,,,,,,,,,,,,,,,,,,,,,8.93,-,,,,,,,,,,,,,,,,,,,,,,,,,-,-,,,,,,,,,,,,,,,,,,,,,,,,,
,04-22-2015,09:13:30, Lane 1 ,Fwd,FF,,148,2,52,,2,8.81,,,,,,,,,,,,,,,,,,,,,,,,8.81,-,,,,,,,,,,,,,,,,,,,,,,,,,-,-,,,,,,,,,,,,,,,,,,,,,,,,,
,04-22-2015,09:13:33, Lane 1 ,Fwd,FF,,149,2,54,,2,8.94,,,,,,,,,,,,,,,,,,,,,,,,8.94,-,,,,,,,,,,,,,,,,,,,,,,,,,-,-,,,,,,,,,,,,,,,,,,,,,,,,,
,04-22-2015,09:13:34, Lane 1 ,Fwd,FF,,150,3,53,,2,11.92,,,,,,,,,,,,,,,,,,,,,,,,11.92,-,,,,,,,,,,,,,,,,,,,,,,,,,-,-,,,,,,,,,,,,,,,,,,,,,,,,,
,04-22-2015,09:13:36, Lane 1 ,Fwd,FF,,151,2,51,,2,8.72,,,,,,,,,,,,,,,,,,,,,,,,8.72,-,,,,,,,,,,,,,,,,,,,,,,,,,-,-,,,,,,,,,,,,,,,,,,,,,,,,,
,04-22-2015,09:14:14, Lane 1 ,Fwd,FF,,152,2,49,,2,9.06,,,,,,,,,,,,,,,,,,,,,,,,9.06,-,,,,,,,,,,,,,,,,,,,,,,,,,-,-,,,,,,,,,,,,,,,,,,,,,,,,,
,04-22-2015,09:14:17, Lane 1 ,Fwd,FF,,153,2,47,,2,8.69,,,,,,,,,,,,,,,,,,,,,,,,8.69,-,,,,,,,,,,,,,,,,,,,,,,,,,-,-,,,,,,,,,,,,,,,,,,,,,,,,,
,04-22-2015,09:14:27, Lane 1 ,Fwd,FF,,154,2,52,,2,8.05,,,,,,,,,,,,,,,,,,,,,,,,8.05,-,,,,,,,,,,,,,,,,,,,,,,,,,-,-,,,,,,,,,,,,,,,,,,,,,,,,,
,04-22-2015,09:14:36, Lane 1 ,Fwd,FF,,155,2,46,,2,8.88,,,,,,,,,,,,,,,,,,,,,,,,8.88,-,,,,,,,,,,,,,,,,,,,,,,,,,-,-,,,,,,,,,,,,,,,,,,,,,,,,,
,04-22-2015,09:14:37, Lane 1 ,Fwd,FF,,156,2,46,,2,8.97,,,,,,,,,,,,,,,,,,,,,,,,8.97,-,,,,,,,,,,,,,,,,,,,,,,,,,-,-,,,,,,,,,,,,,,,,,,,,,,,,,
,04-22-2015,09:14:46, Lane 1 ,Fwd,FF,,157,9,48,,5,17.83,4.21,17.83,3.93,,,,,,,,,,,,,,,,,,,,,43.80,-,,,,,,,,,,,,,,,,,,,,,,,,,-,-,,,,,,,,,,,,,,,,,,,,,,,,,
,04-22-2015,09:14:48, Lane 1 ,Fwd,FF,,158,2,50,,2,9.20,,,,,,,,,,,,,,,,,,,,,,,,9.20,-,,,,,,,,,,,,,,,,,,,,,,,,,-,-,,,,,,,,,,,,,,,,,,,,,,,,,
,04-22-2015,09:14:49, Lane 1 ,Fwd,FF,,159,3,49,,2,10.72,,,,,,,,,,,,,,,,,,,,,,,,10.72,-,,,,,,,,,,,,,,,,,,,,,,,,,-,-,,,,,,,,,,,,,,,,,,,,,,,,,
,04-22-2015,09:14:55, Lane 1 ,Fwd,FF,,160,3,51,,2,11.26,,,,,,,,,,,,,,,,,,,,,,,,11.26,-,,,,,,,,,,,,,,,,,,,,,,,,,-,-,,,,,,,,,,,,,,,,,,,,,,,,,
,04-22-2015,09:14:58, Lane 1 ,Fwd,FF,,161,2,52,,2,8.73,,,,,,,,,,,,,,,,,,,,,,,,8.73,-,,,,,,,,,,,,,,,,,,,,,,,,,-,-,,,,,,,,,,,,,,,,,,,,,,,,,
,04-22-2015,09:15:00, Lane 1 ,Fwd,FF,,162,2,47,,2,9.78,,,,,,,,,,,,,,,,,,,,,,,,9.78,-,,,,,,,,,,,,,,,,,,,,,,,,,-,-,,,,,,,,,,,,,,,,,,,,,,,,,
,04-22-2015,09:15:06, Lane 1 ,Fwd,FF,,163,9,42,,5,12.25,4.31,26.22,4.00,,,,,,,,,,,,,,,,,,,,,46.78,-,,,,,,,,,,,,,,,,,,,,,,,,,-,-,,,,,,,,,,,,,,,,,,,,,,,,,
,04-22-2015,09:15:08, Lane 1 ,Fwd,FF,,164,2,44,,2,9.16,,,,,,,,,,,,,,,,,,,,,,,,9.16,-,,,,,,,,,,,,,,,,,,,,,,,,,-,-,,,,,,,,,,,,,,,,,,,,,,,,,
,04-22-2015,09:15:09, Lane 1 ,Fwd,FF,,165,2,43,,2,9.90,,,,,,,,,,,,,,,,,,,,,,,,9.90,-,,,,,,,,,,,,,,,,,,,,,,,,,-,-,,,,,,,,,,,,,,,,,,,,,,,,,
,04-22-2015,09:15:12, Lane 1 ,Fwd,FF,,166,3,41,,2,11.58,,,,,,,,,,,,,,,,,,,,,,,,11.58,-,,,,,,,,,,,,,,,,,,,,,,,,,-,-,,,,,,,,,,,,,,,,,,,,,,,,,
,04-22-2015,09:15:15, Lane 1 ,Fwd,FF,,167,2,44,,2,7.74,,,,,,,,,,,,,,,,,,,,,,,,7.74,-,,,,,,,,,,,,,,,,,,,,,,,,,-,-,,,,,,,,,,,,,,,,,,,,,,,,,
,04-22-2015,09:15:18, Lane 1 ,Fwd,FF,,168,2,42,,2,8.97,,,,,,,,,,,,,,,,,,,,,,,,8.97,-,,,,,,,,,,,,,,,,,,,,,,,,,-,-,,,,,,,,,,,,,,,,,,,,,,,,,
,04-22-2015,09:15:19, Lane 1 ,Fwd,FF,,169,2,43,,2,8.72,,,,,,,,,,,,,,,,,,,,,,,,8.72,-,,,,,,,,,,,,,,,,,,,,,,,,,-,-,,,,,,,,,,,,,,,,,,,,,,,,,
,04-22-2015,09:15:41, Lane 1 ,Fwd,FF,,170,2,58,,2,8.51,,,,,,,,,,,,,,,,,,,,,,,,8.51,-,,,,,,,,,,,,,,,,,,,,,,,,,-,-,,,,,,,,,,,,,,,,,,,,,,,,,
,04-22-2015,09:15:44, Lane 1 ,Fwd,FF,,171,2,50,,2,9.66,,,,,,,,,,,,,,,,,,,,,,,,9.66,-,,,,,,,,,,,,,,,,,,,,,,,,,-,-,,,,,,,,,,,,,,,,,,,,,,,,,
,04-22-2015,09:15:53, Lane 1 ,Fwd,FF,,172,2,51,,2,8.67,,,,,,,,,,,,,,,,,,,,,,,,8.67,-,,,,,,,,,,,,,,,,,,,,,,,,,-,-,,,,,,,,,,,,,,,,,,,,,,,,,
,04-22-2015,09:15:56, Lane 1 ,Fwd,FF,,173,3,48,,2,10.59,,,,,,,,,,,,,,,,,,,,,,,,10.59,-,,,,,,,,,,,,,,,,,,,,,,,,,-,-,,,,,,,,,,,,,,,,,,,,,,,,,
,04-22-2015,09:15:57, Lane 1 ,Fwd,FF,,174,3,48,,2,12.91,,,,,,,,,,,,,,,,,,,,,,,,12.91,-,,,,,,,,,,,,,,,,,,,,,,,,,-,-,,,,,,,,,,,,,,,,,,,,,,,,,
,04-22-2015,09:16:12, Lane 1 ,Fwd,FF,,175,2,53,,2,8.96,,,,,,,,,,,,,,,,,,,,,,,,8.96,-,,,,,,,,,,,,,,,,,,,,,,,,,-,-,,,,,,,,,,,,,,,,,,,,,,,,,
,04-22-2015,09:16:14, Lane 1 ,Fwd,FF,,176,2,51,,2,9.17,,,,,,,,,,,,,,,,,,,,,,,,9.17,-,,,,,,,,,,,,,,,,,,,,,,,,,-,-,,,,,,,,,,,,,,,,,,,,,,,,,
,04-22-2015,09:16:28, Lane 1 ,Fwd,FF,,177,2,48,,2,8.07,,,,,,,,,,,,,,,,,,,,,,,,8.07,-,,,,,,,,,,,,,,,,,,,,,,,,,-,-,,,,,,,,,,,,,,,,,,,,,,,,,
,04-22-2015,09:16:29, Lane 1 ,Fwd,FF,,178,3,48,,2,11.79,,,,,,,,,,,,,,,,,,,,,,,,11.79,-,,,,,,,,,,,,,,,,,,,,,,,,,-,-,,,,,,,,,,,,,,,,,,,,,,,,,
,04-22-2015,09:16:30, Lane 1 ,Fwd,FF,,179,2,47,,2,9.02,,,,,,,,,,,,,,,,,,,,,,,,9.02,-,,,,,,,,,,,,,,,,,,,,,,,,,-,-,,,,,,,,,,,,,,,,,,,,,,,,,
,04-22-2015,09:16:31, Lane 1 ,Fwd,FF,,180,2,47,,2,8.46,,,,,,,,,,,,,,,,,,,,,,,,8.46,-,,,,,,,,,,,,,,,,,,,,,,,,,-,-,,,,,,,,,,,,,,,,,,,,,,,,,
,04-22-2015,09:16:48, Lane 1 ,Fwd,FF,,181,2,50,,2,8.49,,,,,,,,,,,,,,,,,,,,,,,,8.49,-,,,,,,,,,,,,,,,,,,,,,,,,,-,-,,,,,,,,,,,,,,,,,,,,,,,,,
,04-22-2015,09:16:50, Lane 1 ,Fwd,FF,,182,2,52,,2,8.43,,,,,,,,,,,,,,,,,,,,,,,,8.43,-,,,,,,,,,,,,,,,,,,,,,,,,,-,-,,,,,,,,,,,,,,,,,,,,,,,,,
,04-22-2015,09:16:54, Lane 1 ,Fwd,FF,,183,9,42,,5,16.86,4.19,27.08,9.97,,,,,,,,,,,,,,,,,,,,,58.10,-,,,,,,,,,,,,,,,,,,,,,,,,,-,-,,,,,,,,,,,,,,,,,,,,,,,,,
,04-22-2015,09:17:00, Lane 1 ,Fwd,FF,,184,3,43,,2,10.63,,,,,,,,,,,,,,,,,,,,,,,,10.63,-,,,,,,,,,,,,,,,,,,,,,,,,,-,-,,,,,,,,,,,,,,,,,,,,,,,,,
,04-22-2015,09:17:02, Lane 1 ,Fwd,FF,,185,2,42,,2,8.80,,,,,,,,,,,,,,,,,,,,,,,,8.80,-,,,,,,,,,,,,,,,,,,,,,,,,,-,-,,,,,,,,,,,,,,,,,,,,,,,,,
,04-22-2015,09:17:03, Lane 1 ,Fwd,FF,,186,3,43,,4,12.56,14.13,2.87,,,,,,,,,,,,,,,,,,,,,,29.56,-,,,,,,,,,,,,,,,,,,,,,,,,,-,-,,,,,,,,,,,,,,,,,,,,,,,,,
,04-22-2015,09:17:06, Lane 1 ,Fwd,FF,,187,2,38,,2,9.46,,,,,,,,,,,,,,,,,,,,,,,,9.46,-,,,,,,,,,,,,,,,,,,,,,,,,,-,-,,,,,,,,,,,,,,,,,,,,,,,,,
,04-22-2015,09:17:07, Lane 1 ,Fwd,FF,,188,5,39,,2,13.95,,,,,,,,,,,,,,,,,,,,,,,,13.95,-,,,,,,,,,,,,,,,,,,,,,,,,,-,-,,,,,,,,,,,,,,,,,,,,,,,,,
,04-22-2015,09:17:10, Lane 1 ,Fwd,FF,,189,2,39,,2,8.48,,,,,,,,,,,,,,,,,,,,,,,,8.48,-,,,,,,,,,,,,,,,,,,,,,,,,,-,-,,,,,,,,,,,,,,,,,,,,,,,,,
,04-22-2015,09:17:11, Lane 1 ,Fwd,FF,,190,2,38,,2,7.93,,,,,,,,,,,,,,,,,,,,,,,,7.93,-,,,,,,,,,,,,,,,,,,,,,,,,,-,-,,,,,,,,,,,,,,,,,,,,,,,,,
,04-22-2015,09:18:00, Lane 1 ,Fwd,FF,,191,2,54,,2,9.10,,,,,,,,,,,,,,,,,,,,,,,,9.10,-,,,,,,,,,,,,,,,,,,,,,,,,,-,-,,,,,,,,,,,,,,,,,,,,,,,,,
,04-22-2015,09:18:26, Lane 1 ,Fwd,FF,,192,9,56,,5,14.21,4.25,35.19,3.92,,,,,,,,,,,,,,,,,,,,,57.57,-,,,,,,,,,,,,,,,,,,,,,,,,,-,-,,,,,,,,,,,,,,,,,,,,,,,,,
,04-22-2015,09:18:33, Lane 1 ,Fwd,FF,,193,4,49,,2,20.75,,,,,,,,,,,,,,,,,,,,,,,,20.75,-,,,,,,,,,,,,,,,,,,,,,,,,,-,-,,,,,,,,,,,,,,,,,,,,,,,,,
,04-22-2015,09:18:35, Lane 1 ,Fwd,FF,,194,3,47,,2,12.90,,,,,,,,,,,,,,,,,,,,,,,,12.90,-,,,,,,,,,,,,,,,,,,,,,,,,,-,-,,,,,,,,,,,,,,,,,,,,,,,,,
,04-22-2015,09:18:37, Lane 1 ,Fwd,FF,,195,2,49,,2,9.41,,,,,,,,,,,,,,,,,,,,,,,,9.41,-,,,,,,,,,,,,,,,,,,,,,,,,,-,-,,,,,,,,,,,,,,,,,,,,,,,,,
,04-22-2015,09:18:39, Lane 1 ,Fwd,FF,,196,3,48,,2,12.56,,,,,,,,,,,,,,,,,,,,,,,,12.56,-,,,,,,,,,,,,,,,,,,,,,,,,,-,-,,,,,,,,,,,,,,,,,,,,,,,,,
,04-22-2015,09:18:41, Lane 1 ,Fwd,FF,,197,2,50,,2,9.65,,,,,,,,,,,,,,,,,,,,,,,,9.65,-,,,,,,,,,,,,,,,,,,,,,,,,,-,-,,,,,,,,,,,,,,,,,,,,,,,,,
,04-22-2015,09:18:43, Lane 1 ,Fwd,FF,,198,2,47,,2,9.09,,,,,,,,,,,,,,,,,,,,,,,,9.09,-,,,,,,,,,,,,,,,,,,,,,,,,,-,-,,,,,,,,,,,,,,,,,,,,,,,,,
,04-22-2015,09:18:46, Lane 1 ,Fwd,FF,,199,2,50,,2,9.16,,,,,,,,,,,,,,,,,,,,,,,,9.16,-,,,,,,,,,,,,,,,,,,,,,,,,,-,-,,,,,,,,,,,,,,,,,,,,,,,,,
,04-22-2015,09:18:48, Lane 1 ,Fwd,FF,,200,2,47,,2,9.02,,,,,,,,,,,,,,,,,,,,,,,,9.02,-,,,,,,,,,,,,,,,,,,,,,,,,,-,-,,,,,,,,,,,,,,,,,,,,,,,,,
,04-22-2015,09:18:50, Lane 1 ,Fwd,FF,,201,2,46,,2,8.23,,,,,,,,,,,,,,,,,,,,,,,,8.23,-,,,,,,,,,,,,,,,,,,,,,,,,,-,-,,,,,,,,,,,,,,,,,,,,,,,,,
,04-22-2015,09:18:53, Lane 1 ,Fwd,FF,,202,2,39,,2,9.93,,,,,,,,,,,,,,,,,,,,,,,,9.93,-,,,,,,,,,,,,,,,,,,,,,,,,,-,-,,,,,,,,,,,,,,,,,,,,,,,,,
,04-22-2015,09:18:56, Lane 1 ,Fwd,FF,,203,10,39,,6,11.77,4.32,33.16,4.04,4.09,,,,,,,,,,,,,,,,,,,,57.38,-,,,,,,,,,,,,,,,,,,,,,,,,,-,-,,,,,,,,,,,,,,,,,,,,,,,,,
,04-22-2015,09:18:58, Lane 1 ,Fwd,FF,,204,2,39,,2,9.17,,,,,,,,,,,,,,,,,,,,,,,,9.17,-,,,,,,,,,,,,,,,,,,,,,,,,,-,-,,,,,,,,,,,,,,,,,,,,,,,,,
,04-22-2015,09:19:00, Lane 1 ,Fwd,FF,,205,2,38,,2,8.93,,,,,,,,,,,,,,,,,,,,,,,,8.93,-,,,,,,,,,,,,,,,,,,,,,,,,,-,-,,,,,,,,,,,,,,,,,,,,,,,,,
,04-22-2015,09:19:02, Lane 1 ,Fwd,FF,,206,2,34,,2,8.51,,,,,,,,,,,,,,,,,,,,,,,,8.51,-,,,,,,,,,,,,,,,,,,,,,,,,,-,-,,,,,,,,,,,,,,,,,,,,,,,,,
,04-22-2015,09:19:12, Lane 1 ,Fwd,FF,,207,2,25,,2,8.61,,,,,,,,,,,,,,,,,,,,,,,,8.61,-,,,,,,,,,,,,,,,,,,,,,,,,,-,-,,,,,,,,,,,,,,,,,,,,,,,,,
,04-22-2015,09:19:41, Lane 1 ,Fwd,FF,,208,2,49,,2,8.75,,,,,,,,,,,,,,,,,,,,,,,,8.75,-,,,,,,,,,,,,,,,,,,,,,,,,,-,-,,,,,,,,,,,,,,,,,,,,,,,,,
,04-22-2015,09:19:42, Lane 1 ,Fwd,FF,,209,2,49,,2,8.91,,,,,,,,,,,,,,,,,,,,,,,,8.91,-,,,,,,,,,,,,,,,,,,,,,,,,,-,-,,,,,,,,,,,,,,,,,,,,,,,,,
,04-22-2015,09:19:45, Lane 1 ,Fwd,FF,,210,3,52,,2,10.70,,,,,,,,,,,,,,,,,,,,,,,,10.70,-,,,,,,,,,,,,,,,,,,,,,,,,,-,-,,,,,,,,,,,,,,,,,,,,,,,,,
,04-22-2015,09:20:21, Lane 1 ,Fwd,FF,,211,2,48,,2,8.72,,,,,,,,,,,,,,,,,,,,,,,,8.72,-,,,,,,,,,,,,,,,,,,,,,,,,,-,-,,,,,,,,,,,,,,,,,,,,,,,,,
,04-22-2015,09:20:23, Lane 1 ,Fwd,FF,,212,3,49,,2,10.48,,,,,,,,,,,,,,,,,,,,,,,,10.48,-,,,,,,,,,,,,,,,,,,,,,,,,,-,-,,,,,,,,,,,,,,,,,,,,,,,,,
,04-22-2015,09:20:25, Lane 1 ,Fwd,FF,,213,2,50,,2,9.68,,,,,,,,,,,,,,,,,,,,,,,,9.68,-,,,,,,,,,,,,,,,,,,,,,,,,,-,-,,,,,,,,,,,,,,,,,,,,,,,,,
,04-22-2015,09:20:27, Lane 1 ,Fwd,FF,,214,2,48,,2,9.18,,,,,,,,,,,,,,,,,,,,,,,,9.18,-,,,,,,,,,,,,,,,,,,,,,,,,,-,-,,,,,,,,,,,,,,,,,,,,,,,,,
,04-22-2015,09:20:28, Lane 1 ,Fwd,FF,,215,2,46,,2,9.39,,,,,,,,,,,,,,,,,,,,,,,,9.39,-,,,,,,,,,,,,,,,,,,,,,,,,,-,-,,,,,,,,,,,,,,,,,,,,,,,,,
,04-22-2015,09:20:31, Lane 1 ,Fwd,FF,,216,2,47,,2,9.33,,,,,,,,,,,,,,,,,,,,,,,,9.33,-,,,,,,,,,,,,,,,,,,,,,,,,,-,-,,,,,,,,,,,,,,,,,,,,,,,,,
,04-22-2015,09:20:32, Lane 1 ,Fwd,FF,,217,2,47,,2,9.21,,,,,,,,,,,,,,,,,,,,,,,,9.21,-,,,,,,,,,,,,,,,,,,,,,,,,,-,-,,,,,,,,,,,,,,,,,,,,,,,,,
,04-22-2015,09:20:34, Lane 1 ,Fwd,FF,,218,2,43,,2,8.48,,,,,,,,,,,,,,,,,,,,,,,,8.48,-,,,,,,,,,,,,,,,,,,,,,,,,,-,-,,,,,,,,,,,,,,,,,,,,,,,,,
,04-22-2015,09:20:37, Lane 1 ,Fwd,FF,,219,2,36,,2,9.32,,,,,,,,,,,,,,,,,,,,,,,,9.32,-,,,,,,,,,,,,,,,,,,,,,,,,,-,-,,,,,,,,,,,,,,,,,,,,,,,,,
,04-22-2015,09:20:40, Lane 1 ,Fwd,FF,,220,2,34,,2,8.92,,,,,,,,,,,,,,,,,,,,,,,,8.92,-,,,,,,,,,,,,,,,,,,,,,,,,,-,-,,,,,,,,,,,,,,,,,,,,,,,,,
,04-22-2015,09:20:41, Lane 1 ,Fwd,FF,,221,3,33,,2,11.03,,,,,,,,,,,,,,,,,,,,,,,,11.03,-,,,,,,,,,,,,,,,,,,,,,,,,,-,-,,,,,,,,,,,,,,,,,,,,,,,,,
,04-22-2015,09:20:44, Lane 1 ,Fwd,FF,,222,8,37,,3,9.38,18.82,,,,,,,,,,,,,,,,,,,,,,,28.20,-,,,,,,,,,,,,,,,,,,,,,,,,,-,-,,,,,,,,,,,,,,,,,,,,,,,,,
,04-22-2015,09:20:46, Lane 1 ,Fwd,FF,,223,3,37,,2,11.84,,,,,,,,,,,,,,,,,,,,,,,,11.84,-,,,,,,,,,,,,,,,,,,,,,,,,,-,-,,,,,,,,,,,,,,,,,,,,,,,,,
,04-22-2015,09:20:48, Lane 1 ,Fwd,FF,,224,2,38,,2,8.82,,,,,,,,,,,,,,,,,,,,,,,,8.82,-,,,,,,,,,,,,,,,,,,,,,,,,,-,-,,,,,,,,,,,,,,,,,,,,,,,,,
,04-22-2015,09:20:49, Lane 1 ,Fwd,FF,,225,2,39,,2,9.23,,,,,,,,,,,,,,,,,,,,,,,,9.23,-,,,,,,,,,,,,,,,,,,,,,,,,,-,-,,,,,,,,,,,,,,,,,,,,,,,,,
,04-22-2015,09:20:51, Lane 1 ,Fwd,FF,,226,2,39,,2,8.57,,,,,,,,,,,,,,,,,,,,,,,,8.57,-,,,,,,,,,,,,,,,,,,,,,,,,,-,-,,,,,,,,,,,,,,,,,,,,,,,,,
,04-22-2015,09:20:52, Lane 1 ,Fwd,FF,,227,2,41,,2,8.38,,,,,,,,,,,,,,,,,,,,,,,,8.38,-,,,,,,,,,,,,,,,,,,,,,,,,,-,-,,,,,,,,,,,,,,,,,,,,,,,,,
,04-22-2015,09:20:55, Lane 1 ,Fwd,FF,,228,2,40,,2,8.45,,,,,,,,,,,,,,,,,,,,,,,,8.45,-,,,,,,,,,,,,,,,,,,,,,,,,,-,-,,,,,,,,,,,,,,,,,,,,,,,,,
,04-22-2015,09:20:56, Lane 1 ,Fwd,FF,,229,2,41,,2,8.93,,,,,,,,,,,,,,,,,,,,,,,,8.93,-,,,,,,,,,,,,,,,,,,,,,,,,,-,-,,,,,,,,,,,,,,,,,,,,,,,,,
,04-22-2015,09:21:00, Lane 1 ,Fwd,FF,,230,2,45,,2,9.55,,,,,,,,,,,,,,,,,,,,,,,,9.55,-,,,,,,,,,,,,,,,,,,,,,,,,,-,-,,,,,,,,,,,,,,,,,,,,,,,,,
,04-22-2015,09:21:13, Lane 1 ,Fwd,FF,,231,2,52,,2,9.74,,,,,,,,,,,,,,,,,,,,,,,,9.74,-,,,,,,,,,,,,,,,,,,,,,,,,,-,-,,,,,,,,,,,,,,,,,,,,,,,,,
,04-22-2015,09:21:17, Lane 1 ,Fwd,FF,,232,2,48,,2,8.19,,,,,,,,,,,,,,,,,,,,,,,,8.19,-,,,,,,,,,,,,,,,,,,,,,,,,,-,-,,,,,,,,,,,,,,,,,,,,,,,,,
,04-22-2015,09:21:37, Lane 1 ,Fwd,FF,,233,2,54,,2,8.11,,,,,,,,,,,,,,,,,,,,,,,,8.11,-,,,,,,,,,,,,,,,,,,,,,,,,,-,-,,,,,,,,,,,,,,,,,,,,,,,,,
,04-22-2015,09:21:41, Lane 1 ,Fwd,FF,,234,2,52,,2,8.15,,,,,,,,,,,,,,,,,,,,,,,,8.15,-,,,,,,,,,,,,,,,,,,,,,,,,,-,-,,,,,,,,,,,,,,,,,,,,,,,,,
,04-22-2015,09:21:50, Lane 1 ,Fwd,FF,,235,3,43,,2,11.37,,,,,,,,,,,,,,,,,,,,,,,,11.37,-,,,,,,,,,,,,,,,,,,,,,,,,,-,-,,,,,,,,,,,,,,,,,,,,,,,,,
,04-22-2015,09:21:55, Lane 1 ,Fwd,FF,,236,3,51,,2,10.21,,,,,,,,,,,,,,,,,,,,,,,,10.21,-,,,,,,,,,,,,,,,,,,,,,,,,,-,-,,,,,,,,,,,,,,,,,,,,,,,,,
,04-22-2015,09:22:08, Lane 1 ,Fwd,FF,,237,2,59,,2,8.44,,,,,,,,,,,,,,,,,,,,,,,,8.44,-,,,,,,,,,,,,,,,,,,,,,,,,,-,-,,,,,,,,,,,,,,,,,,,,,,,,,
,04-22-2015,09:22:09, Lane 1 ,Fwd,FF,,238,3,57,,2,11.83,,,,,,,,,,,,,,,,,,,,,,,,11.83,-,,,,,,,,,,,,,,,,,,,,,,,,,-,-,,,,,,,,,,,,,,,,,,,,,,,,,
,04-22-2015,09:22:11, Lane 1 ,Fwd,FF,,239,2,53,,2,9.15,,,,,,,,,,,,,,,,,,,,,,,,9.15,-,,,,,,,,,,,,,,,,,,,,,,,,,-,-,,,,,,,,,,,,,,,,,,,,,,,,,
,04-22-2015,09:22:20, Lane 1 ,Fwd,FF,,240,3,56,,2,11.35,,,,,,,,,,,,,,,,,,,,,,,,11.35,-,,,,,,,,,,,,,,,,,,,,,,,,,-,-,,,,,,,,,,,,,,,,,,,,,,,,,
,04-22-2015,09:22:33, Lane 1 ,Fwd,FF,,241,2,44,,2,9.47,,,,,,,,,,,,,,,,,,,,,,,,9.47,-,,,,,,,,,,,,,,,,,,,,,,,,,-,-,,,,,,,,,,,,,,,,,,,,,,,,,
,04-22-2015,09:22:35, Lane 1 ,Fwd,FF,,242,5,51,,2,13.88,,,,,,,,,,,,,,,,,,,,,,,,13.88,-,,,,,,,,,,,,,,,,,,,,,,,,,-,-,,,,,,,,,,,,,,,,,,,,,,,,,
,04-22-2015,09:22:42, Lane 1 ,Fwd,FF,,243,2,50,,2,9.82,,,,,,,,,,,,,,,,,,,,,,,,9.82,-,,,,,,,,,,,,,,,,,,,,,,,,,-,-,,,,,,,,,,,,,,,,,,,,,,,,,
,04-22-2015,09:22:44, Lane 1 ,Fwd,FF,,244,2,51,,2,9.02,,,,,,,,,,,,,,,,,,,,,,,,9.02,-,,,,,,,,,,,,,,,,,,,,,,,,,-,-,,,,,,,,,,,,,,,,,,,,,,,,,
,04-22-2015,09:22:49, Lane 1 ,Fwd,FF,,245,2,44,,2,8.39,,,,,,,,,,,,,,,,,,,,,,,,8.39,-,,,,,,,,,,,,,,,,,,,,,,,,,-,-,,,,,,,,,,,,,,,,,,,,,,,,,
,04-22-2015,09:22:51, Lane 1 ,Fwd,FF,,246,2,47,,2,8.74,,,,,,,,,,,,,,,,,,,,,,,,8.74,-,,,,,,,,,,,,,,,,,,,,,,,,,-,-,,,,,,,,,,,,,,,,,,,,,,,,,
,04-22-2015,09:22:52, Lane 1 ,Fwd,FF,,247,2,47,,2,8.39,,,,,,,,,,,,,,,,,,,,,,,,8.39,-,,,,,,,,,,,,,,,,,,,,,,,,,-,-,,,,,,,,,,,,,,,,,,,,,,,,,
,04-22-2015,09:22:54, Lane 1 ,Fwd,FF,,248,2,47,,2,9.05,,,,,,,,,,,,,,,,,,,,,,,,9.05,-,,,,,,,,,,,,,,,,,,,,,,,,,-,-,,,,,,,,,,,,,,,,,,,,,,,,,
,04-22-2015,09:22:57, Lane 1 ,Fwd,FF,,249,2,47,,2,9.82,,,,,,,,,,,,,,,,,,,,,,,,9.82,-,,,,,,,,,,,,,,,,,,,,,,,,,-,-,,,,,,,,,,,,,,,,,,,,,,,,,
,04-22-2015,09:23:00, Lane 1 ,Fwd,FF,,250,2,52,,2,8.83,,,,,,,,,,,,,,,,,,,,,,,,8.83,-,,,,,,,,,,,,,,,,,,,,,,,,,-,-,,,,,,,,,,,,,,,,,,,,,,,,,
,04-22-2015,09:23:10, Lane 1 ,Fwd,FF,,251,2,52,,2,8.45,,,,,,,,,,,,,,,,,,,,,,,,8.45,-,,,,,,,,,,,,,,,,,,,,,,,,,-,-,,,,,,,,,,,,,,,,,,,,,,,,,
,04-22-2015,09:23:11, Lane 1 ,Fwd,FF,,252,2,53,,2,9.00,,,,,,,,,,,,,,,,,,,,,,,,9.00,-,,,,,,,,,,,,,,,,,,,,,,,,,-,-,,,,,,,,,,,,,,,,,,,,,,,,,
,04-22-2015,09:23:13, Lane 1 ,Fwd,FF,,253,2,52,,2,10.19,,,,,,,,,,,,,,,,,,,,,,,,10.19,-,,,,,,,,,,,,,,,,,,,,,,,,,-,-,,,,,,,,,,,,,,,,,,,,,,,,,
,04-22-2015,09:23:16, Lane 1 ,Fwd,FF,,254,2,51,,2,8.65,,,,,,,,,,,,,,,,,,,,,,,,8.65,-,,,,,,,,,,,,,,,,,,,,,,,,,-,-,,,,,,,,,,,,,,,,,,,,,,,,,
,04-22-2015,09:23:33, Lane 1 ,Fwd,FF,,255,2,51,,2,8.63,,,,,,,,,,,,,,,,,,,,,,,,8.63,-,,,,,,,,,,,,,,,,,,,,,,,,,-,-,,,,,,,,,,,,,,,,,,,,,,,,,
,04-22-2015,09:23:52, Lane 1 ,Fwd,FF,,256,2,54,,2,8.79,,,,,,,,,,,,,,,,,,,,,,,,8.79,-,,,,,,,,,,,,,,,,,,,,,,,,,-,-,,,,,,,,,,,,,,,,,,,,,,,,,
,04-22-2015,09:24:00, Lane 1 ,Fwd,FF,,257,2,59,,2,8.87,,,,,,,,,,,,,,,,,,,,,,,,8.87,-,,,,,,,,,,,,,,,,,,,,,,,,,-,-,,,,,,,,,,,,,,,,,,,,,,,,,
,04-22-2015,09:24:10, Lane 1 ,Fwd,FF,,258,2,60,,2,8.94,,,,,,,,,,,,,,,,,,,,,,,,8.94,-,,,,,,,,,,,,,,,,,,,,,,,,,-,-,,,,,,,,,,,,,,,,,,,,,,,,,
,04-22-2015,09:25:01, Lane 1 ,Fwd,FF,,259,2,51,,2,8.44,,,,,,,,,,,,,,,,,,,,,,,,8.44,-,,,,,,,,,,,,,,,,,,,,,,,,,-,-,,,,,,,,,,,,,,,,,,,,,,,,,
,04-22-2015,09:27:29, Lane 1 ,Fwd,FF,,260,3,58,,2,10.65,,,,,,,,,,,,,,,,,,,,,,,,10.65,-,,,,,,,,,,,,,,,,,,,,,,,,,-,-,,,,,,,,,,,,,,,,,,,,,,,,,
,04-22-2015,09:27:30, Lane 1 ,Fwd,FF,,261,2,57,,2,8.92,,,,,,,,,,,,,,,,,,,,,,,,8.92,-,,,,,,,,,,,,,,,,,,,,,,,,,-,-,,,,,,,,,,,,,,,,,,,,,,,,,
,04-22-2015,09:27:31, Lane 1 ,Fwd,FF,,262,3,57,,2,12.59,,,,,,,,,,,,,,,,,,,,,,,,12.59,-,,,,,,,,,,,,,,,,,,,,,,,,,-,-,,,,,,,,,,,,,,,,,,,,,,,,,
,04-22-2015,09:27:34, Lane 1 ,Fwd,FF,,263,2,52,,2,8.33,,,,,,,,,,,,,,,,,,,,,,,,8.33,-,,,,,,,,,,,,,,,,,,,,,,,,,-,-,,,,,,,,,,,,,,,,,,,,,,,,,
,04-22-2015,09:27:40, Lane 1 ,Fwd,FF,,264,2,58,,2,9.21,,,,,,,,,,,,,,,,,,,,,,,,9.21,-,,,,,,,,,,,,,,,,,,,,,,,,,-,-,,,,,,,,,,,,,,,,,,,,,,,,,
,04-22-2015,09:27:42, Lane 1 ,Fwd,FF,,265,2,57,,2,9.31,,,,,,,,,,,,,,,,,,,,,,,,9.31,-,,,,,,,,,,,,,,,,,,,,,,,,,-,-,,,,,,,,,,,,,,,,,,,,,,,,,
,04-22-2015,09:27:44, Lane 1 ,Fwd,FF,,266,2,53,,2,8.88,,,,,,,,,,,,,,,,,,,,,,,,8.88,-,,,,,,,,,,,,,,,,,,,,,,,,,-,-,,,,,,,,,,,,,,,,,,,,,,,,,
,04-22-2015,09:27:48, Lane 1 ,Fwd,FF,,267,2,54,,2,8.86,,,,,,,,,,,,,,,,,,,,,,,,8.86,-,,,,,,,,,,,,,,,,,,,,,,,,,-,-,,,,,,,,,,,,,,,,,,,,,,,,,
,04-22-2015,09:27:50, Lane 1 ,Fwd,FF,,268,2,50,,2,8.00,,,,,,,,,,,,,,,,,,,,,,,,8.00,-,,,,,,,,,,,,,,,,,,,,,,,,,-,-,,,,,,,,,,,,,,,,,,,,,,,,,
,04-22-2015,09:27:51, Lane 1 ,Fwd,FF,,269,2,55,,2,8.96,,,,,,,,,,,,,,,,,,,,,,,,8.96,-,,,,,,,,,,,,,,,,,,,,,,,,,-,-,,,,,,,,,,,,,,,,,,,,,,,,,
,04-22-2015,09:28:07, Lane 1 ,Fwd,FF,,270,5,45,,2,14.41,,,,,,,,,,,,,,,,,,,,,,,,14.41,-,,,,,,,,,,,,,,,,,,,,,,,,,-,-,,,,,,,,,,,,,,,,,,,,,,,,,
,04-22-2015,09:28:08, Lane 1 ,Fwd,FF,,271,2,43,,2,8.83,,,,,,,,,,,,,,,,,,,,,,,,8.83,-,,,,,,,,,,,,,,,,,,,,,,,,,-,-,,,,,,,,,,,,,,,,,,,,,,,,,
,04-22-2015,09:28:11, Lane 1 ,Fwd,FF,,272,2,41,,2,8.97,,,,,,,,,,,,,,,,,,,,,,,,8.97,-,,,,,,,,,,,,,,,,,,,,,,,,,-,-,,,,,,,,,,,,,,,,,,,,,,,,,
,04-22-2015,09:28:13, Lane 1 ,Fwd,FF,,273,2,42,,2,9.25,,,,,,,,,,,,,,,,,,,,,,,,9.25,-,,,,,,,,,,,,,,,,,,,,,,,,,-,-,,,,,,,,,,,,,,,,,,,,,,,,,
,04-22-2015,09:28:15, Lane 1 ,Fwd,FF,,274,2,42,,2,9.14,,,,,,,,,,,,,,,,,,,,,,,,9.14,-,,,,,,,,,,,,,,,,,,,,,,,,,-,-,,,,,,,,,,,,,,,,,,,,,,,,,
,04-22-2015,09:28:18, Lane 1 ,Fwd,FF,,275,2,42,,2,9.32,,,,,,,,,,,,,,,,,,,,,,,,9.32,-,,,,,,,,,,,,,,,,,,,,,,,,,-,-,,,,,,,,,,,,,,,,,,,,,,,,,
,04-22-2015,09:28:23, Lane 1 ,Fwd,FF,,276,2,47,,2,9.82,,,,,,,,,,,,,,,,,,,,,,,,9.82,-,,,,,,,,,,,,,,,,,,,,,,,,,-,-,,,,,,,,,,,,,,,,,,,,,,,,,
,04-22-2015,09:28:25, Lane 1 ,Fwd,FF,,277,2,46,,2,8.47,,,,,,,,,,,,,,,,,,,,,,,,8.47,-,,,,,,,,,,,,,,,,,,,,,,,,,-,-,,,,,,,,,,,,,,,,,,,,,,,,,
,04-22-2015,09:28:26, Lane 1 ,Fwd,FF,,278,2,48,,2,8.65,,,,,,,,,,,,,,,,,,,,,,,,8.65,-,,,,,,,,,,,,,,,,,,,,,,,,,-,-,,,,,,,,,,,,,,,,,,,,,,,,,
,04-22-2015,09:28:29, Lane 1 ,Fwd,FF,,279,2,45,,2,9.52,,,,,,,,,,,,,,,,,,,,,,,,9.52,-,,,,,,,,,,,,,,,,,,,,,,,,,-,-,,,,,,,,,,,,,,,,,,,,,,,,,
,04-22-2015,09:28:31, Lane 1 ,Fwd,FF,,280,2,42,,2,9.31,,,,,,,,,,,,,,,,,,,,,,,,9.31,-,,,,,,,,,,,,,,,,,,,,,,,,,-,-,,,,,,,,,,,,,,,,,,,,,,,,,
,04-22-2015,09:28:32, Lane 1 ,Fwd,FF,,281,2,42,,2,8.85,,,,,,,,,,,,,,,,,,,,,,,,8.85,-,,,,,,,,,,,,,,,,,,,,,,,,,-,-,,,,,,,,,,,,,,,,,,,,,,,,,
,04-22-2015,09:28:37, Lane 1 ,Fwd,FF,,282,2,55,,2,9.97,,,,,,,,,,,,,,,,,,,,,,,,9.97,-,,,,,,,,,,,,,,,,,,,,,,,,,-,-,,,,,,,,,,,,,,,,,,,,,,,,,
,04-22-2015,09:28:41, Lane 1 ,Fwd,FF,,283,2,54,,2,9.81,,,,,,,,,,,,,,,,,,,,,,,,9.81,-,,,,,,,,,,,,,,,,,,,,,,,,,-,-,,,,,,,,,,,,,,,,,,,,,,,,,
,04-22-2015,09:28:42, Lane 1 ,Fwd,FF,,284,2,54,,2,9.26,,,,,,,,,,,,,,,,,,,,,,,,9.26,-,,,,,,,,,,,,,,,,,,,,,,,,,-,-,,,,,,,,,,,,,,,,,,,,,,,,,
,04-22-2015,09:28:43, Lane 1 ,Fwd,FF,,285,2,51,,2,8.94,,,,,,,,,,,,,,,,,,,,,,,,8.94,-,,,,,,,,,,,,,,,,,,,,,,,,,-,-,,,,,,,,,,,,,,,,,,,,,,,,,
,04-22-2015,09:28:57, Lane 1 ,Fwd,FF,,286,3,45,,2,11.87,,,,,,,,,,,,,,,,,,,,,,,,11.87,-,,,,,,,,,,,,,,,,,,,,,,,,,-,-,,,,,,,,,,,,,,,,,,,,,,,,,
,04-22-2015,09:29:00, Lane 1 ,Fwd,FF,,287,2,41,,2,9.70,,,,,,,,,,,,,,,,,,,,,,,,9.70,-,,,,,,,,,,,,,,,,,,,,,,,,,-,-,,,,,,,,,,,,,,,,,,,,,,,,,
,04-22-2015,09:29:01, Lane 1 ,Fwd,FF,,288,2,44,,2,8.47,,,,,,,,,,,,,,,,,,,,,,,,8.47,-,,,,,,,,,,,,,,,,,,,,,,,,,-,-,,,,,,,,,,,,,,,,,,,,,,,,,
,04-22-2015,09:29:04, Lane 1 ,Fwd,FF,,289,2,47,,2,8.98,,,,,,,,,,,,,,,,,,,,,,,,8.98,-,,,,,,,,,,,,,,,,,,,,,,,,,-,-,,,,,,,,,,,,,,,,,,,,,,,,,
,04-22-2015,09:29:09, Lane 1 ,Fwd,FF,,290,2,44,,2,9.05,,,,,,,,,,,,,,,,,,,,,,,,9.05,-,,,,,,,,,,,,,,,,,,,,,,,,,-,-,,,,,,,,,,,,,,,,,,,,,,,,,
,04-22-2015,09:29:14, Lane 1 ,Fwd,FF,,291,2,53,,2,8.54,,,,,,,,,,,,,,,,,,,,,,,,8.54,-,,,,,,,,,,,,,,,,,,,,,,,,,-,-,,,,,,,,,,,,,,,,,,,,,,,,,
,04-22-2015,09:29:16, Lane 1 ,Fwd,FF,,292,2,53,,2,9.27,,,,,,,,,,,,,,,,,,,,,,,,9.27,-,,,,,,,,,,,,,,,,,,,,,,,,,-,-,,,,,,,,,,,,,,,,,,,,,,,,,
,04-22-2015,09:29:21, Lane 1 ,Fwd,FF,,293,3,38,,2,12.51,,,,,,,,,,,,,,,,,,,,,,,,12.51,-,,,,,,,,,,,,,,,,,,,,,,,,,-,-,,,,,,,,,,,,,,,,,,,,,,,,,
,04-22-2015,09:29:25, Lane 1 ,Fwd,FF,,294,2,40,,2,8.91,,,,,,,,,,,,,,,,,,,,,,,,8.91,-,,,,,,,,,,,,,,,,,,,,,,,,,-,-,,,,,,,,,,,,,,,,,,,,,,,,,
,04-22-2015,09:29:33, Lane 1 ,Fwd,FF,,295,2,50,,2,9.59,,,,,,,,,,,,,,,,,,,,,,,,9.59,-,,,,,,,,,,,,,,,,,,,,,,,,,-,-,,,,,,,,,,,,,,,,,,,,,,,,,
,04-22-2015,09:29:53, Lane 1 ,Fwd,FF,,296,2,53,,2,9.83,,,,,,,,,,,,,,,,,,,,,,,,9.83,-,,,,,,,,,,,,,,,,,,,,,,,,,-,-,,,,,,,,,,,,,,,,,,,,,,,,,
,04-22-2015,09:30:10, Lane 1 ,Fwd,FF,,297,3,51,,2,11.33,,,,,,,,,,,,,,,,,,,,,,,,11.33,-,,,,,,,,,,,,,,,,,,,,,,,,,-,-,,,,,,,,,,,,,,,,,,,,,,,,,
,04-22-2015,09:30:38, Lane 1 ,Fwd,FF,,298,2,55,,2,8.76,,,,,,,,,,,,,,,,,,,,,,,,8.76,-,,,,,,,,,,,,,,,,,,,,,,,,,-,-,,,,,,,,,,,,,,,,,,,,,,,,,
,04-22-2015,09:31:12, Lane 1 ,Fwd,FF,,299,2,56,,2,8.98,,,,,,,,,,,,,,,,,,,,,,,,8.98,-,,,,,,,,,,,,,,,,,,,,,,,,,-,-,,,,,,,,,,,,,,,,,,,,,,,,,
,04-22-2015,09:31:18, Lane 1 ,Fwd,FF,,300,1,54,,2,5.17,,,,,,,,,,,,,,,,,,,,,,,,5.17,-,,,,,,,,,,,,,,,,,,,,,,,,,-,-,,,,,,,,,,,,,,,,,,,,,,,,,
,04-22-2015,09:31:20, Lane 1 ,Fwd,FF,,301,2,53,,2,9.91,,,,,,,,,,,,,,,,,,,,,,,,9.91,-,,,,,,,,,,,,,,,,,,,,,,,,,-,-,,,,,,,,,,,,,,,,,,,,,,,,,
,04-22-2015,09:31:28, Lane 1 ,Fwd,FF,,302,2,52,,2,9.06,,,,,,,,,,,,,,,,,,,,,,,,9.06,-,,,,,,,,,,,,,,,,,,,,,,,,,-,-,,,,,,,,,,,,,,,,,,,,,,,,,
,04-22-2015,09:31:29, Lane 1 ,Fwd,FF,,303,2,52,,2,8.76,,,,,,,,,,,,,,,,,,,,,,,,8.76,-,,,,,,,,,,,,,,,,,,,,,,,,,-,-,,,,,,,,,,,,,,,,,,,,,,,,,
,04-22-2015,09:31:30, Lane 1 ,Fwd,FF,,304,2,48,,2,8.47,,,,,,,,,,,,,,,,,,,,,,,,8.47,-,,,,,,,,,,,,,,,,,,,,,,,,,-,-,,,,,,,,,,,,,,,,,,,,,,,,,
,04-22-2015,09:31:32, Lane 1 ,Fwd,FF,,305,2,48,,2,9.70,,,,,,,,,,,,,,,,,,,,,,,,9.70,-,,,,,,,,,,,,,,,,,,,,,,,,,-,-,,,,,,,,,,,,,,,,,,,,,,,,,
,04-22-2015,09:31:35, Lane 1 ,Fwd,FF,,306,6,48,,3,12.07,4.19,,,,,,,,,,,,,,,,,,,,,,,16.26,-,,,,,,,,,,,,,,,,,,,,,,,,,-,-,,,,,,,,,,,,,,,,,,,,,,,,,
,04-22-2015,09:31:47, Lane 1 ,Fwd,FF,,307,2,55,,3,8.62,15.22,,,,,,,,,,,,,,,,,,,,,,,23.84,-,,,,,,,,,,,,,,,,,,,,,,,,,-,-,,,,,,,,,,,,,,,,,,,,,,,,,
,04-22-2015,09:31:49, Lane 1 ,Fwd,FF,,308,2,53,,2,8.75,,,,,,,,,,,,,,,,,,,,,,,,8.75,-,,,,,,,,,,,,,,,,,,,,,,,,,-,-,,,,,,,,,,,,,,,,,,,,,,,,,
,04-22-2015,09:31:51, Lane 1 ,Fwd,FF,,309,2,48,,2,8.97,,,,,,,,,,,,,,,,,,,,,,,,8.97,-,,,,,,,,,,,,,,,,,,,,,,,,,-,-,,,,,,,,,,,,,,,,,,,,,,,,,
,04-22-2015,09:31:52, Lane 1 ,Fwd,FF,,310,2,46,,2,8.98,,,,,,,,,,,,,,,,,,,,,,,,8.98,-,,,,,,,,,,,,,,,,,,,,,,,,,-,-,,,,,,,,,,,,,,,,,,,,,,,,,
,04-22-2015,09:32:01, Lane 1 ,Fwd,FF,,311,3,55,,2,11.76,,,,,,,,,,,,,,,,,,,,,,,,11.76,-,,,,,,,,,,,,,,,,,,,,,,,,,-,-,,,,,,,,,,,,,,,,,,,,,,,,,
,04-22-2015,09:32:08, Lane 1 ,Fwd,FF,,312,3,55,,2,10.87,,,,,,,,,,,,,,,,,,,,,,,,10.87,-,,,,,,,,,,,,,,,,,,,,,,,,,-,-,,,,,,,,,,,,,,,,,,,,,,,,,
,04-22-2015,09:32:09, Lane 1 ,Fwd,FF,,313,3,55,,2,11.84,,,,,,,,,,,,,,,,,,,,,,,,11.84,-,,,,,,,,,,,,,,,,,,,,,,,,,-,-,,,,,,,,,,,,,,,,,,,,,,,,,
,04-22-2015,09:32:16, Lane 1 ,Fwd,FF,,314,2,52,,2,8.73,,,,,,,,,,,,,,,,,,,,,,,,8.73,-,,,,,,,,,,,,,,,,,,,,,,,,,-,-,,,,,,,,,,,,,,,,,,,,,,,,,
,04-22-2015,09:32:37, Lane 1 ,Fwd,FF,,315,2,56,,2,8.44,,,,,,,,,,,,,,,,,,,,,,,,8.44,-,,,,,,,,,,,,,,,,,,,,,,,,,-,-,,,,,,,,,,,,,,,,,,,,,,,,,
,04-22-2015,09:32:42, Lane 1 ,Fwd,FF,,316,2,50,,2,8.95,,,,,,,,,,,,,,,,,,,,,,,,8.95,-,,,,,,,,,,,,,,,,,,,,,,,,,-,-,,,,,,,,,,,,,,,,,,,,,,,,,
,04-22-2015,09:32:47, Lane 1 ,Fwd,FF,,317,5,54,,2,13.83,,,,,,,,,,,,,,,,,,,,,,,,13.83,-,,,,,,,,,,,,,,,,,,,,,,,,,-,-,,,,,,,,,,,,,,,,,,,,,,,,,
,04-22-2015,09:32:49, Lane 1 ,Fwd,FF,,318,2,53,,2,8.77,,,,,,,,,,,,,,,,,,,,,,,,8.77,-,,,,,,,,,,,,,,,,,,,,,,,,,-,-,,,,,,,,,,,,,,,,,,,,,,,,,
,04-22-2015,09:32:52, Lane 1 ,Fwd,FF,,319,2,47,,2,8.97,,,,,,,,,,,,,,,,,,,,,,,,8.97,-,,,,,,,,,,,,,,,,,,,,,,,,,-,-,,,,,,,,,,,,,,,,,,,,,,,,,
,04-22-2015,09:32:53, Lane 1 ,Fwd,FF,,320,2,46,,2,8.56,,,,,,,,,,,,,,,,,,,,,,,,8.56,-,,,,,,,,,,,,,,,,,,,,,,,,,-,-,,,,,,,,,,,,,,,,,,,,,,,,,
,04-22-2015,09:32:54, Lane 1 ,Fwd,FF,,321,5,50,,2,13.77,,,,,,,,,,,,,,,,,,,,,,,,13.77,-,,,,,,,,,,,,,,,,,,,,,,,,,-,-,,,,,,,,,,,,,,,,,,,,,,,,,
,04-22-2015,09:32:59, Lane 1 ,Fwd,FF,,322,2,48,,2,9.62,,,,,,,,,,,,,,,,,,,,,,,,9.62,-,,,,,,,,,,,,,,,,,,,,,,,,,-,-,,,,,,,,,,,,,,,,,,,,,,,,,
,04-22-2015,09:33:00, Lane 1 ,Fwd,FF,,323,2,50,,2,9.09,,,,,,,,,,,,,,,,,,,,,,,,9.09,-,,,,,,,,,,,,,,,,,,,,,,,,,-,-,,,,,,,,,,,,,,,,,,,,,,,,,
,04-22-2015,09:33:01, Lane 1 ,Fwd,FF,,324,2,51,,2,9.69,,,,,,,,,,,,,,,,,,,,,,,,9.69,-,,,,,,,,,,,,,,,,,,,,,,,,,-,-,,,,,,,,,,,,,,,,,,,,,,,,,
,04-22-2015,09:33:03, Lane 1 ,Fwd,FF,,325,2,48,,2,9.23,,,,,,,,,,,,,,,,,,,,,,,,9.23,-,,,,,,,,,,,,,,,,,,,,,,,,,-,-,,,,,,,,,,,,,,,,,,,,,,,,,
,04-22-2015,09:33:08, Lane 1 ,Fwd,FF,,326,2,48,,2,9.94,,,,,,,,,,,,,,,,,,,,,,,,9.94,-,,,,,,,,,,,,,,,,,,,,,,,,,-,-,,,,,,,,,,,,,,,,,,,,,,,,,
,04-22-2015,09:33:09, Lane 1 ,Fwd,FF,,327,2,48,,2,8.77,,,,,,,,,,,,,,,,,,,,,,,,8.77,-,,,,,,,,,,,,,,,,,,,,,,,,,-,-,,,,,,,,,,,,,,,,,,,,,,,,,
,04-22-2015,09:33:11, Lane 1 ,Fwd,FF,,328,5,45,,2,17.28,,,,,,,,,,,,,,,,,,,,,,,,17.28,-,,,,,,,,,,,,,,,,,,,,,,,,,-,-,,,,,,,,,,,,,,,,,,,,,,,,,
,04-22-2015,09:33:17, Lane 1 ,Fwd,FF,,329,3,54,,2,11.37,,,,,,,,,,,,,,,,,,,,,,,,11.37,-,,,,,,,,,,,,,,,,,,,,,,,,,-,-,,,,,,,,,,,,,,,,,,,,,,,,,
,04-22-2015,09:33:33, Lane 1 ,Fwd,FF,,330,3,48,,2,10.68,,,,,,,,,,,,,,,,,,,,,,,,10.68,-,,,,,,,,,,,,,,,,,,,,,,,,,-,-,,,,,,,,,,,,,,,,,,,,,,,,,
,04-22-2015,09:34:01, Lane 1 ,Fwd,FF,,331,2,48,,2,8.84,,,,,,,,,,,,,,,,,,,,,,,,8.84,-,,,,,,,,,,,,,,,,,,,,,,,,,-,-,,,,,,,,,,,,,,,,,,,,,,,,,
,04-22-2015,09:34:06, Lane 1 ,Fwd,FF,,332,2,42,,2,8.47,,,,,,,,,,,,,,,,,,,,,,,,8.47,-,,,,,,,,,,,,,,,,,,,,,,,,,-,-,,,,,,,,,,,,,,,,,,,,,,,,,
,04-22-2015,09:34:08, Lane 1 ,Fwd,FF,,333,2,41,,2,9.67,,,,,,,,,,,,,,,,,,,,,,,,9.67,-,,,,,,,,,,,,,,,,,,,,,,,,,-,-,,,,,,,,,,,,,,,,,,,,,,,,,
,04-22-2015,09:34:10, Lane 1 ,Fwd,FF,,334,2,40,,2,8.91,,,,,,,,,,,,,,,,,,,,,,,,8.91,-,,,,,,,,,,,,,,,,,,,,,,,,,-,-,,,,,,,,,,,,,,,,,,,,,,,,,
,04-22-2015,09:34:12, Lane 1 ,Fwd,FF,,335,3,32,,2,11.72,,,,,,,,,,,,,,,,,,,,,,,,11.72,-,,,,,,,,,,,,,,,,,,,,,,,,,-,-,,,,,,,,,,,,,,,,,,,,,,,,,
,04-22-2015,09:34:21, Lane 1 ,Fwd,FF,,336,2,40,,2,8.94,,,,,,,,,,,,,,,,,,,,,,,,8.94,-,,,,,,,,,,,,,,,,,,,,,,,,,-,-,,,,,,,,,,,,,,,,,,,,,,,,,
,04-22-2015,09:34:24, Lane 1 ,Fwd,FF,,337,2,37,,2,9.34,,,,,,,,,,,,,,,,,,,,,,,,9.34,-,,,,,,,,,,,,,,,,,,,,,,,,,-,-,,,,,,,,,,,,,,,,,,,,,,,,,
,04-22-2015,09:34:26, Lane 1 ,Fwd,FF,,338,2,36,,2,8.53,,,,,,,,,,,,,,,,,,,,,,,,8.53,-,,,,,,,,,,,,,,,,,,,,,,,,,-,-,,,,,,,,,,,,,,,,,,,,,,,,,
,04-22-2015,09:34:28, Lane 1 ,Fwd,FF,,339,3,36,,2,10.32,,,,,,,,,,,,,,,,,,,,,,,,10.32,-,,,,,,,,,,,,,,,,,,,,,,,,,-,-,,,,,,,,,,,,,,,,,,,,,,,,,
,04-22-2015,09:34:29, Lane 1 ,Fwd,FF,,340,2,35,,2,9.30,,,,,,,,,,,,,,,,,,,,,,,,9.30,-,,,,,,,,,,,,,,,,,,,,,,,,,-,-,,,,,,,,,,,,,,,,,,,,,,,,,
,04-22-2015,09:34:31, Lane 1 ,Fwd,FF,,341,2,36,,2,9.03,,,,,,,,,,,,,,,,,,,,,,,,9.03,-,,,,,,,,,,,,,,,,,,,,,,,,,-,-,,,,,,,,,,,,,,,,,,,,,,,,,
,04-22-2015,09:34:32, Lane 1 ,Fwd,FF,,342,2,36,,2,9.02,,,,,,,,,,,,,,,,,,,,,,,,9.02,-,,,,,,,,,,,,,,,,,,,,,,,,,-,-,,,,,,,,,,,,,,,,,,,,,,,,,
,04-22-2015,09:34:34, Lane 1 ,Fwd,FF,,343,2,35,,2,8.63,,,,,,,,,,,,,,,,,,,,,,,,8.63,-,,,,,,,,,,,,,,,,,,,,,,,,,-,-,,,,,,,,,,,,,,,,,,,,,,,,,
,04-22-2015,09:34:36, Lane 1 ,Fwd,FF,,344,2,34,,2,8.23,,,,,,,,,,,,,,,,,,,,,,,,8.23,-,,,,,,,,,,,,,,,,,,,,,,,,,-,-,,,,,,,,,,,,,,,,,,,,,,,,,
,04-22-2015,09:34:37, Lane 1 ,Fwd,FF,,345,2,32,,2,8.45,,,,,,,,,,,,,,,,,,,,,,,,8.45,-,,,,,,,,,,,,,,,,,,,,,,,,,-,-,,,,,,,,,,,,,,,,,,,,,,,,,
,04-22-2015,09:34:40, Lane 1 ,Fwd,FF,,346,2,30,,2,10.18,,,,,,,,,,,,,,,,,,,,,,,,10.18,-,,,,,,,,,,,,,,,,,,,,,,,,,-,-,,,,,,,,,,,,,,,,,,,,,,,,,
,04-22-2015,09:34:42, Lane 1 ,Fwd,FF,,347,2,31,,2,9.10,,,,,,,,,,,,,,,,,,,,,,,,9.10,-,,,,,,,,,,,,,,,,,,,,,,,,,-,-,,,,,,,,,,,,,,,,,,,,,,,,,
,04-22-2015,09:34:44, Lane 1 ,Fwd,FF,,348,2,32,,2,8.53,,,,,,,,,,,,,,,,,,,,,,,,8.53,-,,,,,,,,,,,,,,,,,,,,,,,,,-,-,,,,,,,,,,,,,,,,,,,,,,,,,
,04-22-2015,09:34:46, Lane 1 ,Fwd,FF,,349,3,29,,2,11.40,,,,,,,,,,,,,,,,,,,,,,,,11.40,-,,,,,,,,,,,,,,,,,,,,,,,,,-,-,,,,,,,,,,,,,,,,,,,,,,,,,
,04-22-2015,09:34:51, Lane 1 ,Fwd,FF,,350,2,29,,2,9.89,,,,,,,,,,,,,,,,,,,,,,,,9.89,-,,,,,,,,,,,,,,,,,,,,,,,,,-,-,,,,,,,,,,,,,,,,,,,,,,,,,
,04-22-2015,09:34:53, Lane 1 ,Fwd,FF,,351,2,28,,2,8.60,,,,,,,,,,,,,,,,,,,,,,,,8.60,-,,,,,,,,,,,,,,,,,,,,,,,,,-,-,,,,,,,,,,,,,,,,,,,,,,,,,
,04-22-2015,09:34:57, Lane 1 ,Fwd,FF,,352,6,27,,3,16.68,4.36,,,,,,,,,,,,,,,,,,,,,,,21.04,-,,,,,,,,,,,,,,,,,,,,,,,,,-,-,,,,,,,,,,,,,,,,,,,,,,,,,
,04-22-2015,09:35:00, Lane 1 ,Fwd,FF,,353,2,26,,2,8.43,,,,,,,,,,,,,,,,,,,,,,,,8.43,-,,,,,,,,,,,,,,,,,,,,,,,,,-,-,,,,,,,,,,,,,,,,,,,,,,,,,
,04-22-2015,09:35:02, Lane 1 ,Fwd,FF,,354,2,28,,2,9.17,,,,,,,,,,,,,,,,,,,,,,,,9.17,-,,,,,,,,,,,,,,,,,,,,,,,,,-,-,,,,,,,,,,,,,,,,,,,,,,,,,
,04-22-2015,09:35:05, Lane 1 ,Fwd,FF,,355,2,29,,2,8.77,,,,,,,,,,,,,,,,,,,,,,,,8.77,-,,,,,,,,,,,,,,,,,,,,,,,,,-,-,,,,,,,,,,,,,,,,,,,,,,,,,
,04-22-2015,09:35:08, Lane 1 ,Fwd,FF,,356,3,32,,2,11.26,,,,,,,,,,,,,,,,,,,,,,,,11.26,-,,,,,,,,,,,,,,,,,,,,,,,,,-,-,,,,,,,,,,,,,,,,,,,,,,,,,
,04-22-2015,09:35:10, Lane 1 ,Fwd,FF,,357,3,32,,2,12.51,,,,,,,,,,,,,,,,,,,,,,,,12.51,-,,,,,,,,,,,,,,,,,,,,,,,,,-,-,,,,,,,,,,,,,,,,,,,,,,,,,
,04-22-2015,09:35:12, Lane 1 ,Fwd,FF,,358,2,34,,2,8.94,,,,,,,,,,,,,,,,,,,,,,,,8.94,-,,,,,,,,,,,,,,,,,,,,,,,,,-,-,,,,,,,,,,,,,,,,,,,,,,,,,
,04-22-2015,09:35:21, Lane 1 ,Fwd,FF,,359,2,55,,2,8.56,,,,,,,,,,,,,,,,,,,,,,,,8.56,-,,,,,,,,,,,,,,,,,,,,,,,,,-,-,,,,,,,,,,,,,,,,,,,,,,,,,
,04-22-2015,09:35:39, Lane 1 ,Fwd,FF,,360,3,40,,2,12.88,,,,,,,,,,,,,,,,,,,,,,,,12.88,-,,,,,,,,,,,,,,,,,,,,,,,,,-,-,,,,,,,,,,,,,,,,,,,,,,,,,
,04-22-2015,09:35:40, Lane 1 ,Fwd,FF,,361,2,40,,2,9.93,,,,,,,,,,,,,,,,,,,,,,,,9.93,-,,,,,,,,,,,,,,,,,,,,,,,,,-,-,,,,,,,,,,,,,,,,,,,,,,,,,
,04-22-2015,09:35:41, Lane 1 ,Fwd,FF,,362,2,44,,2,8.79,,,,,,,,,,,,,,,,,,,,,,,,8.79,-,,,,,,,,,,,,,,,,,,,,,,,,,-,-,,,,,,,,,,,,,,,,,,,,,,,,,
,04-22-2015,09:35:43, Lane 1 ,Fwd,FF,,363,2,40,,2,8.93,,,,,,,,,,,,,,,,,,,,,,,,8.93,-,,,,,,,,,,,,,,,,,,,,,,,,,-,-,,,,,,,,,,,,,,,,,,,,,,,,,
,04-22-2015,09:35:44, Lane 1 ,Fwd,FF,,364,2,39,,2,8.73,,,,,,,,,,,,,,,,,,,,,,,,8.73,-,,,,,,,,,,,,,,,,,,,,,,,,,-,-,,,,,,,,,,,,,,,,,,,,,,,,,
,04-22-2015,09:35:47, Lane 1 ,Fwd,FF,,365,3,34,,2,11.85,,,,,,,,,,,,,,,,,,,,,,,,11.85,-,,,,,,,,,,,,,,,,,,,,,,,,,-,-,,,,,,,,,,,,,,,,,,,,,,,,,
,04-22-2015,09:35:48, Lane 1 ,Fwd,FF,,366,2,33,,2,8.15,,,,,,,,,,,,,,,,,,,,,,,,8.15,-,,,,,,,,,,,,,,,,,,,,,,,,,-,-,,,,,,,,,,,,,,,,,,,,,,,,,
,04-22-2015,09:35:50, Lane 1 ,Fwd,FF,,367,2,32,,2,8.74,,,,,,,,,,,,,,,,,,,,,,,,8.74,-,,,,,,,,,,,,,,,,,,,,,,,,,-,-,,,,,,,,,,,,,,,,,,,,,,,,,
,04-22-2015,09:35:53, Lane 1 ,Fwd,FF,,368,2,33,,2,9.27,,,,,,,,,,,,,,,,,,,,,,,,9.27,-,,,,,,,,,,,,,,,,,,,,,,,,,-,-,,,,,,,,,,,,,,,,,,,,,,,,,
,04-22-2015,09:36:16, Lane 1 ,Fwd,FF,,369,2,55,,2,8.88,,,,,,,,,,,,,,,,,,,,,,,,8.88,-,,,,,,,,,,,,,,,,,,,,,,,,,-,-,,,,,,,,,,,,,,,,,,,,,,,,,
,04-22-2015,09:36:28, Lane 1 ,Fwd,FF,,370,3,40,,2,10.31,,,,,,,,,,,,,,,,,,,,,,,,10.31,-,,,,,,,,,,,,,,,,,,,,,,,,,-,-,,,,,,,,,,,,,,,,,,,,,,,,,
,04-22-2015,09:36:30, Lane 1 ,Fwd,FF,,371,1,40,,2,5.39,,,,,,,,,,,,,,,,,,,,,,,,5.39,-,,,,,,,,,,,,,,,,,,,,,,,,,-,-,,,,,,,,,,,,,,,,,,,,,,,,,
,04-22-2015,09:36:34, Lane 1 ,Fwd,FF,,372,2,37,,2,10.04,,,,,,,,,,,,,,,,,,,,,,,,10.04,-,,,,,,,,,,,,,,,,,,,,,,,,,-,-,,,,,,,,,,,,,,,,,,,,,,,,,
,04-22-2015,09:36:38, Lane 1 ,Fwd,FF,,373,2,39,,2,9.07,,,,,,,,,,,,,,,,,,,,,,,,9.07,-,,,,,,,,,,,,,,,,,,,,,,,,,-,-,,,,,,,,,,,,,,,,,,,,,,,,,
,04-22-2015,09:36:46, Lane 1 ,Fwd,FF,,374,2,45,,2,9.61,,,,,,,,,,,,,,,,,,,,,,,,9.61,-,,,,,,,,,,,,,,,,,,,,,,,,,-,-,,,,,,,,,,,,,,,,,,,,,,,,,
,04-22-2015,09:36:49, Lane 1 ,Fwd,FF,,375,2,45,,2,9.43,,,,,,,,,,,,,,,,,,,,,,,,9.43,-,,,,,,,,,,,,,,,,,,,,,,,,,-,-,,,,,,,,,,,,,,,,,,,,,,,,,
,04-22-2015,09:36:55, Lane 1 ,Fwd,FF,,376,9,37,,5,14.35,4.36,30.38,4.09,,,,,,,,,,,,,,,,,,,,,53.18,-,,,,,,,,,,,,,,,,,,,,,,,,,-,-,,,,,,,,,,,,,,,,,,,,,,,,,
,04-22-2015,09:36:58, Lane 1 ,Fwd,FF,,377,2,36,,2,8.25,,,,,,,,,,,,,,,,,,,,,,,,8.25,-,,,,,,,,,,,,,,,,,,,,,,,,,-,-,,,,,,,,,,,,,,,,,,,,,,,,,
,04-22-2015,09:37:00, Lane 1 ,Fwd,FF,,378,2,36,,2,8.82,,,,,,,,,,,,,,,,,,,,,,,,8.82,-,,,,,,,,,,,,,,,,,,,,,,,,,-,-,,,,,,,,,,,,,,,,,,,,,,,,,
,04-22-2015,09:37:01, Lane 1 ,Fwd,FF,,379,2,31,,2,8.56,,,,,,,,,,,,,,,,,,,,,,,,8.56,-,,,,,,,,,,,,,,,,,,,,,,,,,-,-,,,,,,,,,,,,,,,,,,,,,,,,,
,04-22-2015,09:37:18, Lane 1 ,Fwd,FF,,380,2,34,,2,9.46,,,,,,,,,,,,,,,,,,,,,,,,9.46,-,,,,,,,,,,,,,,,,,,,,,,,,,-,-,,,,,,,,,,,,,,,,,,,,,,,,,
,04-22-2015,09:37:22, Lane 1 ,Fwd,FF,,381,3,38,,2,10.83,,,,,,,,,,,,,,,,,,,,,,,,10.83,-,,,,,,,,,,,,,,,,,,,,,,,,,-,-,,,,,,,,,,,,,,,,,,,,,,,,,
,04-22-2015,09:37:45, Lane 1 ,Fwd,FF,,382,9,43,,5,16.42,4.17,32.47,3.98,,,,,,,,,,,,,,,,,,,,,57.04,-,,,,,,,,,,,,,,,,,,,,,,,,,-,-,,,,,,,,,,,,,,,,,,,,,,,,,
,04-22-2015,09:37:47, Lane 1 ,Fwd,FF,,383,2,42,,2,9.47,,,,,,,,,,,,,,,,,,,,,,,,9.47,-,,,,,,,,,,,,,,,,,,,,,,,,,-,-,,,,,,,,,,,,,,,,,,,,,,,,,
,04-22-2015,09:37:50, Lane 1 ,Fwd,FF,,384,2,38,,2,8.47,,,,,,,,,,,,,,,,,,,,,,,,8.47,-,,,,,,,,,,,,,,,,,,,,,,,,,-,-,,,,,,,,,,,,,,,,,,,,,,,,,
,04-22-2015,09:37:51, Lane 1 ,Fwd,FF,,385,2,40,,2,9.29,,,,,,,,,,,,,,,,,,,,,,,,9.29,-,,,,,,,,,,,,,,,,,,,,,,,,,-,-,,,,,,,,,,,,,,,,,,,,,,,,,
,04-22-2015,09:38:28, Lane 1 ,Fwd,FF,,386,2,45,,2,8.57,,,,,,,,,,,,,,,,,,,,,,,,8.57,-,,,,,,,,,,,,,,,,,,,,,,,,,-,-,,,,,,,,,,,,,,,,,,,,,,,,,
,04-22-2015,09:38:29, Lane 1 ,Fwd,FF,,387,2,48,,2,8.21,,,,,,,,,,,,,,,,,,,,,,,,8.21,-,,,,,,,,,,,,,,,,,,,,,,,,,-,-,,,,,,,,,,,,,,,,,,,,,,,,,
,04-22-2015,09:38:31, Lane 1 ,Fwd,FF,,388,2,46,,2,8.63,,,,,,,,,,,,,,,,,,,,,,,,8.63,-,,,,,,,,,,,,,,,,,,,,,,,,,-,-,,,,,,,,,,,,,,,,,,,,,,,,,
,04-22-2015,09:38:33, Lane 1 ,Fwd,FF,,389,2,45,,2,8.57,,,,,,,,,,,,,,,,,,,,,,,,8.57,-,,,,,,,,,,,,,,,,,,,,,,,,,-,-,,,,,,,,,,,,,,,,,,,,,,,,,
,04-22-2015,09:38:35, Lane 1 ,Fwd,FF,,390,2,42,,2,9.20,,,,,,,,,,,,,,,,,,,,,,,,9.20,-,,,,,,,,,,,,,,,,,,,,,,,,,-,-,,,,,,,,,,,,,,,,,,,,,,,,,
,04-22-2015,09:38:44, Lane 1 ,Fwd,FF,,391,2,51,,2,8.40,,,,,,,,,,,,,,,,,,,,,,,,8.40,-,,,,,,,,,,,,,,,,,,,,,,,,,-,-,,,,,,,,,,,,,,,,,,,,,,,,,
,04-22-2015,09:38:47, Lane 1 ,Fwd,FF,,392,2,51,,2,9.00,,,,,,,,,,,,,,,,,,,,,,,,9.00,-,,,,,,,,,,,,,,,,,,,,,,,,,-,-,,,,,,,,,,,,,,,,,,,,,,,,,
,04-22-2015,09:38:53, Lane 1 ,Fwd,FF,,393,2,49,,2,7.83,,,,,,,,,,,,,,,,,,,,,,,,7.83,-,,,,,,,,,,,,,,,,,,,,,,,,,-,-,,,,,,,,,,,,,,,,,,,,,,,,,
,04-22-2015,09:38:57, Lane 1 ,Fwd,FF,,394,2,50,,2,9.72,,,,,,,,,,,,,,,,,,,,,,,,9.72,-,,,,,,,,,,,,,,,,,,,,,,,,,-,-,,,,,,,,,,,,,,,,,,,,,,,,,
,04-22-2015,09:39:00, Lane 1 ,Fwd,FF,,395,2,49,,2,8.55,,,,,,,,,,,,,,,,,,,,,,,,8.55,-,,,,,,,,,,,,,,,,,,,,,,,,,-,-,,,,,,,,,,,,,,,,,,,,,,,,,
,04-22-2015,09:39:02, Lane 1 ,Fwd,FF,,396,3,49,,2,10.64,,,,,,,,,,,,,,,,,,,,,,,,10.64,-,,,,,,,,,,,,,,,,,,,,,,,,,-,-,,,,,,,,,,,,,,,,,,,,,,,,,
,04-22-2015,09:39:26, Lane 1 ,Fwd,FF,,397,3,54,,2,10.82,,,,,,,,,,,,,,,,,,,,,,,,10.82,-,,,,,,,,,,,,,,,,,,,,,,,,,-,-,,,,,,,,,,,,,,,,,,,,,,,,,
,04-22-2015,09:39:31, Lane 1 ,Fwd,FF,,398,2,56,,2,9.29,,,,,,,,,,,,,,,,,,,,,,,,9.29,-,,,,,,,,,,,,,,,,,,,,,,,,,-,-,,,,,,,,,,,,,,,,,,,,,,,,,
,04-22-2015,09:39:32, Lane 1 ,Fwd,FF,,399,3,52,,2,12.99,,,,,,,,,,,,,,,,,,,,,,,,12.99,-,,,,,,,,,,,,,,,,,,,,,,,,,-,-,,,,,,,,,,,,,,,,,,,,,,,,,
,04-22-2015,09:39:43, Lane 1 ,Fwd,FF,,400,3,58,,2,12.35,,,,,,,,,,,,,,,,,,,,,,,,12.35,-,,,,,,,,,,,,,,,,,,,,,,,,,-,-,,,,,,,,,,,,,,,,,,,,,,,,,
,04-22-2015,09:40:32, Lane 1 ,Fwd,FF,,401,2,52,,2,8.71,,,,,,,,,,,,,,,,,,,,,,,,8.71,-,,,,,,,,,,,,,,,,,,,,,,,,,-,-,,,,,,,,,,,,,,,,,,,,,,,,,
,04-22-2015,09:40:34, Lane 1 ,Fwd,FF,,402,2,48,,2,9.21,,,,,,,,,,,,,,,,,,,,,,,,9.21,-,,,,,,,,,,,,,,,,,,,,,,,,,-,-,,,,,,,,,,,,,,,,,,,,,,,,,
,04-22-2015,09:40:36, Lane 1 ,Fwd,FF,,403,3,52,,2,11.85,,,,,,,,,,,,,,,,,,,,,,,,11.85,-,,,,,,,,,,,,,,,,,,,,,,,,,-,-,,,,,,,,,,,,,,,,,,,,,,,,,
,04-22-2015,09:40:39, Lane 1 ,Fwd,FF,,404,2,53,,2,9.20,,,,,,,,,,,,,,,,,,,,,,,,9.20,-,,,,,,,,,,,,,,,,,,,,,,,,,-,-,,,,,,,,,,,,,,,,,,,,,,,,,
,04-22-2015,09:40:42, Lane 1 ,Fwd,FF,,405,2,52,,2,9.80,,,,,,,,,,,,,,,,,,,,,,,,9.80,-,,,,,,,,,,,,,,,,,,,,,,,,,-,-,,,,,,,,,,,,,,,,,,,,,,,,,
,04-22-2015,09:40:43, Lane 1 ,Fwd,FF,,406,2,51,,2,10.15,,,,,,,,,,,,,,,,,,,,,,,,10.15,-,,,,,,,,,,,,,,,,,,,,,,,,,-,-,,,,,,,,,,,,,,,,,,,,,,,,,
,04-22-2015,09:40:47, Lane 1 ,Fwd,FF,,407,2,54,,2,9.81,,,,,,,,,,,,,,,,,,,,,,,,9.81,-,,,,,,,,,,,,,,,,,,,,,,,,,-,-,,,,,,,,,,,,,,,,,,,,,,,,,
,04-22-2015,09:40:48, Lane 1 ,Fwd,FF,,408,3,49,,2,12.79,,,,,,,,,,,,,,,,,,,,,,,,12.79,-,,,,,,,,,,,,,,,,,,,,,,,,,-,-,,,,,,,,,,,,,,,,,,,,,,,,,
,04-22-2015,09:41:09, Lane 1 ,Fwd,FF,,409,2,42,,2,8.69,,,,,,,,,,,,,,,,,,,,,,,,8.69,-,,,,,,,,,,,,,,,,,,,,,,,,,-,-,,,,,,,,,,,,,,,,,,,,,,,,,
,04-22-2015,09:41:10, Lane 1 ,Fwd,FF,,410,3,43,,2,10.63,,,,,,,,,,,,,,,,,,,,,,,,10.63,-,,,,,,,,,,,,,,,,,,,,,,,,,-,-,,,,,,,,,,,,,,,,,,,,,,,,,
,04-22-2015,09:41:11, Lane 1 ,Fwd,FF,,411,2,42,,2,8.02,,,,,,,,,,,,,,,,,,,,,,,,8.02,-,,,,,,,,,,,,,,,,,,,,,,,,,-,-,,,,,,,,,,,,,,,,,,,,,,,,,
,04-22-2015,09:41:12, Lane 1 ,Fwd,FF,,412,3,42,,2,12.74,,,,,,,,,,,,,,,,,,,,,,,,12.74,-,,,,,,,,,,,,,,,,,,,,,,,,,-,-,,,,,,,,,,,,,,,,,,,,,,,,,
,04-22-2015,09:41:14, Lane 1 ,Fwd,FF,,413,3,40,,2,10.54,,,,,,,,,,,,,,,,,,,,,,,,10.54,-,,,,,,,,,,,,,,,,,,,,,,,,,-,-,,,,,,,,,,,,,,,,,,,,,,,,,
,04-22-2015,09:41:19, Lane 1 ,Fwd,FF,,414,2,50,,2,8.84,,,,,,,,,,,,,,,,,,,,,,,,8.84,-,,,,,,,,,,,,,,,,,,,,,,,,,-,-,,,,,,,,,,,,,,,,,,,,,,,,,
,04-22-2015,09:41:24, Lane 1 ,Fwd,FF,,415,2,38,,2,8.96,,,,,,,,,,,,,,,,,,,,,,,,8.96,-,,,,,,,,,,,,,,,,,,,,,,,,,-,-,,,,,,,,,,,,,,,,,,,,,,,,,
,04-22-2015,09:41:25, Lane 1 ,Fwd,FF,,416,2,37,,2,9.49,,,,,,,,,,,,,,,,,,,,,,,,9.49,-,,,,,,,,,,,,,,,,,,,,,,,,,-,-,,,,,,,,,,,,,,,,,,,,,,,,,
,04-22-2015,09:41:28, Lane 1 ,Fwd,FF,,417,2,38,,2,7.60,,,,,,,,,,,,,,,,,,,,,,,,7.60,-,,,,,,,,,,,,,,,,,,,,,,,,,-,-,,,,,,,,,,,,,,,,,,,,,,,,,
,04-22-2015,09:41:31, Lane 1 ,Fwd,FF,,418,2,41,,2,8.94,,,,,,,,,,,,,,,,,,,,,,,,8.94,-,,,,,,,,,,,,,,,,,,,,,,,,,-,-,,,,,,,,,,,,,,,,,,,,,,,,,
,04-22-2015,09:41:34, Lane 1 ,Fwd,FF,,419,2,36,,2,8.65,,,,,,,,,,,,,,,,,,,,,,,,8.65,-,,,,,,,,,,,,,,,,,,,,,,,,,-,-,,,,,,,,,,,,,,,,,,,,,,,,,
,04-22-2015,09:41:37, Lane 1 ,Fwd,FF,,420,2,39,,2,8.76,,,,,,,,,,,,,,,,,,,,,,,,8.76,-,,,,,,,,,,,,,,,,,,,,,,,,,-,-,,,,,,,,,,,,,,,,,,,,,,,,,
,04-22-2015,09:41:40, Lane 1 ,Fwd,FF,,421,2,38,,2,9.68,,,,,,,,,,,,,,,,,,,,,,,,9.68,-,,,,,,,,,,,,,,,,,,,,,,,,,-,-,,,,,,,,,,,,,,,,,,,,,,,,,
,04-22-2015,09:41:41, Lane 1 ,Fwd,FF,,422,3,39,,2,11.83,,,,,,,,,,,,,,,,,,,,,,,,11.83,-,,,,,,,,,,,,,,,,,,,,,,,,,-,-,,,,,,,,,,,,,,,,,,,,,,,,,
,04-22-2015,09:41:44, Lane 1 ,Fwd,FF,,423,2,41,,2,9.27,,,,,,,,,,,,,,,,,,,,,,,,9.27,-,,,,,,,,,,,,,,,,,,,,,,,,,-,-,,,,,,,,,,,,,,,,,,,,,,,,,
,04-22-2015,09:41:46, Lane 1 ,Fwd,FF,,424,2,40,,2,8.87,,,,,,,,,,,,,,,,,,,,,,,,8.87,-,,,,,,,,,,,,,,,,,,,,,,,,,-,-,,,,,,,,,,,,,,,,,,,,,,,,,
,04-22-2015,09:41:51, Lane 1 ,Fwd,FF,,425,2,37,,2,8.88,,,,,,,,,,,,,,,,,,,,,,,,8.88,-,,,,,,,,,,,,,,,,,,,,,,,,,-,-,,,,,,,,,,,,,,,,,,,,,,,,,
,04-22-2015,09:42:01, Lane 1 ,Fwd,FF,,426,2,37,,2,8.43,,,,,,,,,,,,,,,,,,,,,,,,8.43,-,,,,,,,,,,,,,,,,,,,,,,,,,-,-,,,,,,,,,,,,,,,,,,,,,,,,,
,04-22-2015,09:42:03, Lane 1 ,Fwd,FF,,427,2,38,,2,9.00,,,,,,,,,,,,,,,,,,,,,,,,9.00,-,,,,,,,,,,,,,,,,,,,,,,,,,-,-,,,,,,,,,,,,,,,,,,,,,,,,,
,04-22-2015,09:42:05, Lane 1 ,Fwd,FF,,428,2,37,,2,8.99,,,,,,,,,,,,,,,,,,,,,,,,8.99,-,,,,,,,,,,,,,,,,,,,,,,,,,-,-,,,,,,,,,,,,,,,,,,,,,,,,,
,04-22-2015,09:42:07, Lane 1 ,Fwd,FF,,429,2,37,,2,8.15,,,,,,,,,,,,,,,,,,,,,,,,8.15,-,,,,,,,,,,,,,,,,,,,,,,,,,-,-,,,,,,,,,,,,,,,,,,,,,,,,,
,04-22-2015,09:42:08, Lane 1 ,Fwd,FF,,430,2,40,,2,8.81,,,,,,,,,,,,,,,,,,,,,,,,8.81,-,,,,,,,,,,,,,,,,,,,,,,,,,-,-,,,,,,,,,,,,,,,,,,,,,,,,,
,04-22-2015,09:42:11, Lane 1 ,Fwd,FF,,431,2,36,,2,8.83,,,,,,,,,,,,,,,,,,,,,,,,8.83,-,,,,,,,,,,,,,,,,,,,,,,,,,-,-,,,,,,,,,,,,,,,,,,,,,,,,,
,04-22-2015,09:42:41, Lane 1 ,Fwd,FF,,432,8,45,,4,13.72,17.83,2.59,,,,,,,,,,,,,,,,,,,,,,34.14,-,,,,,,,,,,,,,,,,,,,,,,,,,-,-,,,,,,,,,,,,,,,,,,,,,,,,,
,04-22-2015,09:42:58, Lane 1 ,Fwd,FF,,433,4,35,,2,22.22,,,,,,,,,,,,,,,,,,,,,,,,22.22,-,,,,,,,,,,,,,,,,,,,,,,,,,-,-,,,,,,,,,,,,,,,,,,,,,,,,,
,04-22-2015,09:43:00, Lane 1 ,Fwd,FF,,434,2,36,,2,9.04,,,,,,,,,,,,,,,,,,,,,,,,9.04,-,,,,,,,,,,,,,,,,,,,,,,,,,-,-,,,,,,,,,,,,,,,,,,,,,,,,,
,04-22-2015,09:43:02, Lane 1 ,Fwd,FF,,435,5,36,,2,15.39,,,,,,,,,,,,,,,,,,,,,,,,15.39,-,,,,,,,,,,,,,,,,,,,,,,,,,-,-,,,,,,,,,,,,,,,,,,,,,,,,,
,04-22-2015,09:43:05, Lane 1 ,Fwd,FF,,436,2,32,,2,9.30,,,,,,,,,,,,,,,,,,,,,,,,9.30,-,,,,,,,,,,,,,,,,,,,,,,,,,-,-,,,,,,,,,,,,,,,,,,,,,,,,,
,04-22-2015,09:43:15, Lane 1 ,Fwd,FF,,437,2,42,,2,10.04,,,,,,,,,,,,,,,,,,,,,,,,10.04,-,,,,,,,,,,,,,,,,,,,,,,,,,-,-,,,,,,,,,,,,,,,,,,,,,,,,,
,04-22-2015,09:43:25, Lane 1 ,Fwd,FF,,438,2,35,,2,9.48,,,,,,,,,,,,,,,,,,,,,,,,9.48,-,,,,,,,,,,,,,,,,,,,,,,,,,-,-,,,,,,,,,,,,,,,,,,,,,,,,,
,04-22-2015,09:43:36, Lane 1 ,Fwd,FF,,439,2,40,,2,8.33,,,,,,,,,,,,,,,,,,,,,,,,8.33,-,,,,,,,,,,,,,,,,,,,,,,,,,-,-,,,,,,,,,,,,,,,,,,,,,,,,,
,04-22-2015,09:43:37, Lane 1 ,Fwd,FF,,440,2,39,,2,9.78,,,,,,,,,,,,,,,,,,,,,,,,9.78,-,,,,,,,,,,,,,,,,,,,,,,,,,-,-,,,,,,,,,,,,,,,,,,,,,,,,,
,04-22-2015,09:43:39, Lane 1 ,Fwd,FF,,441,2,40,,2,9.15,,,,,,,,,,,,,,,,,,,,,,,,9.15,-,,,,,,,,,,,,,,,,,,,,,,,,,-,-,,,,,,,,,,,,,,,,,,,,,,,,,
,04-22-2015,09:43:41, Lane 1 ,Fwd,FF,,442,3,37,,4,12.87,14.23,2.99,,,,,,,,,,,,,,,,,,,,,,30.09,-,,,,,,,,,,,,,,,,,,,,,,,,,-,-,,,,,,,,,,,,,,,,,,,,,,,,,
,04-22-2015,09:43:45, Lane 1 ,Fwd,FF,,443,3,40,,2,11.47,,,,,,,,,,,,,,,,,,,,,,,,11.47,-,,,,,,,,,,,,,,,,,,,,,,,,,-,-,,,,,,,,,,,,,,,,,,,,,,,,,
,04-22-2015,09:43:47, Lane 1 ,Fwd,FF,,444,2,34,,2,9.28,,,,,,,,,,,,,,,,,,,,,,,,9.28,-,,,,,,,,,,,,,,,,,,,,,,,,,-,-,,,,,,,,,,,,,,,,,,,,,,,,,
,04-22-2015,09:43:49, Lane 1 ,Fwd,FF,,445,3,36,,2,11.84,,,,,,,,,,,,,,,,,,,,,,,,11.84,-,,,,,,,,,,,,,,,,,,,,,,,,,-,-,,,,,,,,,,,,,,,,,,,,,,,,,
,04-22-2015,09:43:53, Lane 1 ,Fwd,FF,,446,2,43,,2,8.81,,,,,,,,,,,,,,,,,,,,,,,,8.81,-,,,,,,,,,,,,,,,,,,,,,,,,,-,-,,,,,,,,,,,,,,,,,,,,,,,,,
,04-22-2015,09:43:55, Lane 1 ,Fwd,FF,,447,2,41,,2,8.67,,,,,,,,,,,,,,,,,,,,,,,,8.67,-,,,,,,,,,,,,,,,,,,,,,,,,,-,-,,,,,,,,,,,,,,,,,,,,,,,,,
,04-22-2015,09:43:59, Lane 1 ,Fwd,FF,,448,3,37,,2,11.95,,,,,,,,,,,,,,,,,,,,,,,,11.95,-,,,,,,,,,,,,,,,,,,,,,,,,,-,-,,,,,,,,,,,,,,,,,,,,,,,,,
,04-22-2015,09:44:01, Lane 1 ,Fwd,FF,,449,3,37,,2,11.30,,,,,,,,,,,,,,,,,,,,,,,,11.30,-,,,,,,,,,,,,,,,,,,,,,,,,,-,-,,,,,,,,,,,,,,,,,,,,,,,,,
,04-22-2015,09:44:09, Lane 1 ,Fwd,FF,,450,5,41,,2,13.88,,,,,,,,,,,,,,,,,,,,,,,,13.88,-,,,,,,,,,,,,,,,,,,,,,,,,,-,-,,,,,,,,,,,,,,,,,,,,,,,,,
,04-22-2015,09:44:12, Lane 1 ,Fwd,FF,,451,2,40,,2,8.93,,,,,,,,,,,,,,,,,,,,,,,,8.93,-,,,,,,,,,,,,,,,,,,,,,,,,,-,-,,,,,,,,,,,,,,,,,,,,,,,,,
,04-22-2015,09:44:14, Lane 1 ,Fwd,FF,,452,2,39,,2,9.88,,,,,,,,,,,,,,,,,,,,,,,,9.88,-,,,,,,,,,,,,,,,,,,,,,,,,,-,-,,,,,,,,,,,,,,,,,,,,,,,,,
,04-22-2015,09:44:16, Lane 1 ,Fwd,FF,,453,2,36,,2,9.02,,,,,,,,,,,,,,,,,,,,,,,,9.02,-,,,,,,,,,,,,,,,,,,,,,,,,,-,-,,,,,,,,,,,,,,,,,,,,,,,,,
,04-22-2015,09:44:24, Lane 1 ,Fwd,FF,,454,3,28,,2,10.73,,,,,,,,,,,,,,,,,,,,,,,,10.73,-,,,,,,,,,,,,,,,,,,,,,,,,,-,-,,,,,,,,,,,,,,,,,,,,,,,,,
,04-22-2015,09:44:43, Lane 1 ,Fwd,FF,,455,2,54,,2,8.79,,,,,,,,,,,,,,,,,,,,,,,,8.79,-,,,,,,,,,,,,,,,,,,,,,,,,,-,-,,,,,,,,,,,,,,,,,,,,,,,,,
,04-22-2015,09:44:47, Lane 1 ,Fwd,FF,,456,3,46,,2,10.65,,,,,,,,,,,,,,,,,,,,,,,,10.65,-,,,,,,,,,,,,,,,,,,,,,,,,,-,-,,,,,,,,,,,,,,,,,,,,,,,,,
,04-22-2015,09:44:50, Lane 1 ,Fwd,FF,,457,2,62,,2,10.18,,,,,,,,,,,,,,,,,,,,,,,,10.18,-,,,,,,,,,,,,,,,,,,,,,,,,,-,-,,,,,,,,,,,,,,,,,,,,,,,,,
,04-22-2015,09:44:58, Lane 1 ,Fwd,FF,,458,3,56,,2,10.69,,,,,,,,,,,,,,,,,,,,,,,,10.69,-,,,,,,,,,,,,,,,,,,,,,,,,,-,-,,,,,,,,,,,,,,,,,,,,,,,,,
,04-22-2015,09:45:00, Lane 1 ,Fwd,FF,,459,3,58,,2,10.21,,,,,,,,,,,,,,,,,,,,,,,,10.21,-,,,,,,,,,,,,,,,,,,,,,,,,,-,-,,,,,,,,,,,,,,,,,,,,,,,,,
,04-22-2015,09:45:02, Lane 1 ,Fwd,FF,,460,3,61,,2,11.82,,,,,,,,,,,,,,,,,,,,,,,,11.82,-,,,,,,,,,,,,,,,,,,,,,,,,,-,-,,,,,,,,,,,,,,,,,,,,,,,,,
,04-22-2015,09:45:08, Lane 1 ,Fwd,FF,,461,2,55,,2,9.04,,,,,,,,,,,,,,,,,,,,,,,,9.04,-,,,,,,,,,,,,,,,,,,,,,,,,,-,-,,,,,,,,,,,,,,,,,,,,,,,,,
,04-22-2015,09:45:12, Lane 1 ,Fwd,FF,,462,3,56,,2,11.51,,,,,,,,,,,,,,,,,,,,,,,,11.51,-,,,,,,,,,,,,,,,,,,,,,,,,,-,-,,,,,,,,,,,,,,,,,,,,,,,,,
,04-22-2015,09:45:17, Lane 1 ,Fwd,FF,,463,2,46,,2,9.07,,,,,,,,,,,,,,,,,,,,,,,,9.07,-,,,,,,,,,,,,,,,,,,,,,,,,,-,-,,,,,,,,,,,,,,,,,,,,,,,,,
,04-22-2015,09:45:25, Lane 1 ,Fwd,FF,,464,2,56,,2,8.77,,,,,,,,,,,,,,,,,,,,,,,,8.77,-,,,,,,,,,,,,,,,,,,,,,,,,,-,-,,,,,,,,,,,,,,,,,,,,,,,,,
,04-22-2015,09:45:28, Lane 1 ,Fwd,FF,,465,2,52,,2,8.96,,,,,,,,,,,,,,,,,,,,,,,,8.96,-,,,,,,,,,,,,,,,,,,,,,,,,,-,-,,,,,,,,,,,,,,,,,,,,,,,,,
,04-22-2015,09:45:31, Lane 1 ,Fwd,FF,,466,4,56,,2,22.18,,,,,,,,,,,,,,,,,,,,,,,,22.18,-,,,,,,,,,,,,,,,,,,,,,,,,,-,-,,,,,,,,,,,,,,,,,,,,,,,,,
,04-22-2015,09:45:35, Lane 1 ,Fwd,FF,,467,3,54,,2,12.87,,,,,,,,,,,,,,,,,,,,,,,,12.87,-,,,,,,,,,,,,,,,,,,,,,,,,,-,-,,,,,,,,,,,,,,,,,,,,,,,,,
,04-22-2015,09:45:39, Lane 1 ,Fwd,FF,,468,2,46,,2,9.24,,,,,,,,,,,,,,,,,,,,,,,,9.24,-,,,,,,,,,,,,,,,,,,,,,,,,,-,-,,,,,,,,,,,,,,,,,,,,,,,,,
,04-22-2015,09:45:42, Lane 1 ,Fwd,FF,,469,2,45,,2,9.23,,,,,,,,,,,,,,,,,,,,,,,,9.23,-,,,,,,,,,,,,,,,,,,,,,,,,,-,-,,,,,,,,,,,,,,,,,,,,,,,,,
,04-22-2015,09:45:44, Lane 1 ,Fwd,FF,,470,2,42,,2,8.46,,,,,,,,,,,,,,,,,,,,,,,,8.46,-,,,,,,,,,,,,,,,,,,,,,,,,,-,-,,,,,,,,,,,,,,,,,,,,,,,,,
,04-22-2015,09:45:47, Lane 1 ,Fwd,FF,,471,2,48,,2,8.73,,,,,,,,,,,,,,,,,,,,,,,,8.73,-,,,,,,,,,,,,,,,,,,,,,,,,,-,-,,,,,,,,,,,,,,,,,,,,,,,,,
,04-22-2015,09:46:08, Lane 1 ,Fwd,FF,,472,2,46,,2,8.78,,,,,,,,,,,,,,,,,,,,,,,,8.78,-,,,,,,,,,,,,,,,,,,,,,,,,,-,-,,,,,,,,,,,,,,,,,,,,,,,,,
,04-22-2015,09:46:15, Lane 1 ,Fwd,FF,,473,2,52,,2,8.71,,,,,,,,,,,,,,,,,,,,,,,,8.71,-,,,,,,,,,,,,,,,,,,,,,,,,,-,-,,,,,,,,,,,,,,,,,,,,,,,,,
,04-22-2015,09:46:26, Lane 1 ,Fwd,FF,,474,2,57,,2,8.50,,,,,,,,,,,,,,,,,,,,,,,,8.50,-,,,,,,,,,,,,,,,,,,,,,,,,,-,-,,,,,,,,,,,,,,,,,,,,,,,,,
,04-22-2015,09:46:30, Lane 1 ,Fwd,FF,,475,2,57,,2,8.92,,,,,,,,,,,,,,,,,,,,,,,,8.92,-,,,,,,,,,,,,,,,,,,,,,,,,,-,-,,,,,,,,,,,,,,,,,,,,,,,,,
,04-22-2015,09:47:00, Lane 1 ,Fwd,FF,,476,2,48,,2,9.00,,,,,,,,,,,,,,,,,,,,,,,,9.00,-,,,,,,,,,,,,,,,,,,,,,,,,,-,-,,,,,,,,,,,,,,,,,,,,,,,,,
,04-22-2015,09:47:20, Lane 1 ,Fwd,FF,,477,2,49,,2,9.92,,,,,,,,,,,,,,,,,,,,,,,,9.92,-,,,,,,,,,,,,,,,,,,,,,,,,,-,-,,,,,,,,,,,,,,,,,,,,,,,,,
,04-22-2015,09:47:22, Lane 1 ,Fwd,FF,,478,2,49,,2,7.72,,,,,,,,,,,,,,,,,,,,,,,,7.72,-,,,,,,,,,,,,,,,,,,,,,,,,,-,-,,,,,,,,,,,,,,,,,,,,,,,,,
,04-22-2015,09:47:42, Lane 1 ,Fwd,FF,,479,2,45,,2,8.92,,,,,,,,,,,,,,,,,,,,,,,,8.92,-,,,,,,,,,,,,,,,,,,,,,,,,,-,-,,,,,,,,,,,,,,,,,,,,,,,,,
,04-22-2015,09:47:43, Lane 1 ,Fwd,FF,,480,2,45,,2,8.26,,,,,,,,,,,,,,,,,,,,,,,,8.26,-,,,,,,,,,,,,,,,,,,,,,,,,,-,-,,,,,,,,,,,,,,,,,,,,,,,,,
,04-22-2015,09:47:45, Lane 1 ,Fwd,FF,,481,3,51,,2,11.85,,,,,,,,,,,,,,,,,,,,,,,,11.85,-,,,,,,,,,,,,,,,,,,,,,,,,,-,-,,,,,,,,,,,,,,,,,,,,,,,,,
,04-22-2015,09:47:59, Lane 1 ,Fwd,FF,,482,3,52,,2,13.00,,,,,,,,,,,,,,,,,,,,,,,,13.00,-,,,,,,,,,,,,,,,,,,,,,,,,,-,-,,,,,,,,,,,,,,,,,,,,,,,,,
,04-22-2015,09:48:01, Lane 1 ,Fwd,FF,,483,2,50,,2,9.15,,,,,,,,,,,,,,,,,,,,,,,,9.15,-,,,,,,,,,,,,,,,,,,,,,,,,,-,-,,,,,,,,,,,,,,,,,,,,,,,,,
,04-22-2015,09:48:02, Lane 1 ,Fwd,FF,,484,2,53,,2,7.43,,,,,,,,,,,,,,,,,,,,,,,,7.43,-,,,,,,,,,,,,,,,,,,,,,,,,,-,-,,,,,,,,,,,,,,,,,,,,,,,,,
,04-22-2015,09:48:03, Lane 1 ,Fwd,FF,,485,2,51,,2,8.48,,,,,,,,,,,,,,,,,,,,,,,,8.48,-,,,,,,,,,,,,,,,,,,,,,,,,,-,-,,,,,,,,,,,,,,,,,,,,,,,,,
,04-22-2015,09:48:06, Lane 1 ,Fwd,FF,,486,2,50,,2,9.66,,,,,,,,,,,,,,,,,,,,,,,,9.66,-,,,,,,,,,,,,,,,,,,,,,,,,,-,-,,,,,,,,,,,,,,,,,,,,,,,,,
,04-22-2015,09:48:09, Lane 1 ,Fwd,FF,,487,2,53,,2,9.60,,,,,,,,,,,,,,,,,,,,,,,,9.60,-,,,,,,,,,,,,,,,,,,,,,,,,,-,-,,,,,,,,,,,,,,,,,,,,,,,,,
,04-22-2015,09:48:10, Lane 1 ,Fwd,FF,,488,3,49,,2,11.50,,,,,,,,,,,,,,,,,,,,,,,,11.50,-,,,,,,,,,,,,,,,,,,,,,,,,,-,-,,,,,,,,,,,,,,,,,,,,,,,,,
,04-22-2015,09:48:12, Lane 1 ,Fwd,FF,,489,2,47,,2,7.91,,,,,,,,,,,,,,,,,,,,,,,,7.91,-,,,,,,,,,,,,,,,,,,,,,,,,,-,-,,,,,,,,,,,,,,,,,,,,,,,,,
,04-22-2015,09:48:19, Lane 1 ,Fwd,FF,,490,2,47,,2,9.00,,,,,,,,,,,,,,,,,,,,,,,,9.00,-,,,,,,,,,,,,,,,,,,,,,,,,,-,-,,,,,,,,,,,,,,,,,,,,,,,,,
,04-22-2015,09:48:22, Lane 1 ,Fwd,FF,,491,2,41,,2,8.48,,,,,,,,,,,,,,,,,,,,,,,,8.48,-,,,,,,,,,,,,,,,,,,,,,,,,,-,-,,,,,,,,,,,,,,,,,,,,,,,,,
,04-22-2015,09:48:23, Lane 1 ,Fwd,FF,,492,3,42,,2,10.47,,,,,,,,,,,,,,,,,,,,,,,,10.47,-,,,,,,,,,,,,,,,,,,,,,,,,,-,-,,,,,,,,,,,,,,,,,,,,,,,,,
,04-22-2015,09:48:25, Lane 1 ,Fwd,FF,,493,2,41,,2,8.44,,,,,,,,,,,,,,,,,,,,,,,,8.44,-,,,,,,,,,,,,,,,,,,,,,,,,,-,-,,,,,,,,,,,,,,,,,,,,,,,,,
,04-22-2015,09:48:27, Lane 1 ,Fwd,FF,,494,2,44,,2,8.68,,,,,,,,,,,,,,,,,,,,,,,,8.68,-,,,,,,,,,,,,,,,,,,,,,,,,,-,-,,,,,,,,,,,,,,,,,,,,,,,,,
,04-22-2015,09:48:29, Lane 1 ,Fwd,FF,,495,2,46,,2,9.05,,,,,,,,,,,,,,,,,,,,,,,,9.05,-,,,,,,,,,,,,,,,,,,,,,,,,,-,-,,,,,,,,,,,,,,,,,,,,,,,,,
,04-22-2015,09:48:32, Lane 1 ,Fwd,FF,,496,2,46,,2,8.73,,,,,,,,,,,,,,,,,,,,,,,,8.73,-,,,,,,,,,,,,,,,,,,,,,,,,,-,-,,,,,,,,,,,,,,,,,,,,,,,,,
,04-22-2015,09:48:36, Lane 1 ,Fwd,FF,,497,2,45,,2,9.17,,,,,,,,,,,,,,,,,,,,,,,,9.17,-,,,,,,,,,,,,,,,,,,,,,,,,,-,-,,,,,,,,,,,,,,,,,,,,,,,,,
,04-22-2015,09:48:43, Lane 1 ,Fwd,FF,,498,2,44,,2,9.02,,,,,,,,,,,,,,,,,,,,,,,,9.02,-,,,,,,,,,,,,,,,,,,,,,,,,,-,-,,,,,,,,,,,,,,,,,,,,,,,,,
,04-22-2015,09:48:46, Lane 1 ,Fwd,FF,,499,2,44,,2,8.75,,,,,,,,,,,,,,,,,,,,,,,,8.75,-,,,,,,,,,,,,,,,,,,,,,,,,,-,-,,,,,,,,,,,,,,,,,,,,,,,,,
,04-22-2015,09:48:48, Lane 1 ,Fwd,FF,,500,3,40,,2,10.70,,,,,,,,,,,,,,,,,,,,,,,,10.70,-,,,,,,,,,,,,,,,,,,,,,,,,,-,-,,,,,,,,,,,,,,,,,,,,,,,,,
,04-22-2015,09:48:51, Lane 1 ,Fwd,FF,,501,2,48,,2,8.79,,,,,,,,,,,,,,,,,,,,,,,,8.79,-,,,,,,,,,,,,,,,,,,,,,,,,,-,-,,,,,,,,,,,,,,,,,,,,,,,,,
,04-22-2015,09:50:14, Lane 1 ,Fwd,FF,,502,2,33,,2,9.72,,,,,,,,,,,,,,,,,,,,,,,,9.72,-,,,,,,,,,,,,,,,,,,,,,,,,,-,-,,,,,,,,,,,,,,,,,,,,,,,,,
,04-22-2015,09:50:15, Lane 1 ,Fwd,FF,,503,3,32,,2,10.33,,,,,,,,,,,,,,,,,,,,,,,,10.33,-,,,,,,,,,,,,,,,,,,,,,,,,,-,-,,,,,,,,,,,,,,,,,,,,,,,,,
,04-22-2015,09:50:20, Lane 1 ,Fwd,FF,,504,3,35,,2,11.85,,,,,,,,,,,,,,,,,,,,,,,,11.85,-,,,,,,,,,,,,,,,,,,,,,,,,,-,-,,,,,,,,,,,,,,,,,,,,,,,,,
,04-22-2015,09:50:24, Lane 1 ,Fwd,FF,,505,3,40,,2,11.88,,,,,,,,,,,,,,,,,,,,,,,,11.88,-,,,,,,,,,,,,,,,,,,,,,,,,,-,-,,,,,,,,,,,,,,,,,,,,,,,,,
,04-22-2015,09:50:26, Lane 1 ,Fwd,FF,,506,2,42,,2,8.37,,,,,,,,,,,,,,,,,,,,,,,,8.37,-,,,,,,,,,,,,,,,,,,,,,,,,,-,-,,,,,,,,,,,,,,,,,,,,,,,,,
,04-22-2015,09:50:28, Lane 1 ,Fwd,FF,,507,2,40,,2,8.63,,,,,,,,,,,,,,,,,,,,,,,,8.63,-,,,,,,,,,,,,,,,,,,,,,,,,,-,-,,,,,,,,,,,,,,,,,,,,,,,,,
,04-22-2015,09:50:35, Lane 1 ,Fwd,FF,,508,2,47,,3,9.52,12.14,,,,,,,,,,,,,,,,,,,,,,,21.66,-,,,,,,,,,,,,,,,,,,,,,,,,,-,-,,,,,,,,,,,,,,,,,,,,,,,,,
,04-22-2015,09:51:14, Lane 1 ,Fwd,FF,,509,2,45,,4,8.28,38.22,9.98,,,,,,,,,,,,,,,,,,,,,,56.48,-,,,,,,,,,,,,,,,,,,,,,,,,,-,-,,,,,,,,,,,,,,,,,,,,,,,,,
,04-22-2015,09:51:21, Lane 1 ,Fwd,FF,,510,2,53,,2,9.00,,,,,,,,,,,,,,,,,,,,,,,,9.00,-,,,,,,,,,,,,,,,,,,,,,,,,,-,-,,,,,,,,,,,,,,,,,,,,,,,,,
,04-22-2015,09:51:25, Lane 1 ,Fwd,FF,,511,2,56,,2,8.96,,,,,,,,,,,,,,,,,,,,,,,,8.96,-,,,,,,,,,,,,,,,,,,,,,,,,,-,-,,,,,,,,,,,,,,,,,,,,,,,,,
,04-22-2015,09:51:31, Lane 1 ,Fwd,FF,,512,2,54,,2,9.26,,,,,,,,,,,,,,,,,,,,,,,,9.26,-,,,,,,,,,,,,,,,,,,,,,,,,,-,-,,,,,,,,,,,,,,,,,,,,,,,,,
,04-22-2015,09:51:33, Lane 1 ,Fwd,FF,,513,2,53,,2,8.69,,,,,,,,,,,,,,,,,,,,,,,,8.69,-,,,,,,,,,,,,,,,,,,,,,,,,,-,-,,,,,,,,,,,,,,,,,,,,,,,,,
,04-22-2015,09:51:46, Lane 1 ,Fwd,FF,,514,2,49,,2,8.71,,,,,,,,,,,,,,,,,,,,,,,,8.71,-,,,,,,,,,,,,,,,,,,,,,,,,,-,-,,,,,,,,,,,,,,,,,,,,,,,,,
,04-22-2015,09:52:08, Lane 1 ,Fwd,FF,,515,2,56,,2,9.52,,,,,,,,,,,,,,,,,,,,,,,,9.52,-,,,,,,,,,,,,,,,,,,,,,,,,,-,-,,,,,,,,,,,,,,,,,,,,,,,,,
,04-22-2015,09:52:16, Lane 1 ,Fwd,FF,,516,5,54,,2,13.03,,,,,,,,,,,,,,,,,,,,,,,,13.03,-,,,,,,,,,,,,,,,,,,,,,,,,,-,-,,,,,,,,,,,,,,,,,,,,,,,,,
,04-22-2015,09:52:18, Lane 1 ,Fwd,FF,,517,2,60,,2,8.94,,,,,,,,,,,,,,,,,,,,,,,,8.94,-,,,,,,,,,,,,,,,,,,,,,,,,,-,-,,,,,,,,,,,,,,,,,,,,,,,,,
,04-22-2015,09:52:21, Lane 1 ,Fwd,FF,,518,2,57,,2,9.25,,,,,,,,,,,,,,,,,,,,,,,,9.25,-,,,,,,,,,,,,,,,,,,,,,,,,,-,-,,,,,,,,,,,,,,,,,,,,,,,,,
,04-22-2015,09:52:27, Lane 1 ,Fwd,FF,,519,2,51,,2,8.57,,,,,,,,,,,,,,,,,,,,,,,,8.57,-,,,,,,,,,,,,,,,,,,,,,,,,,-,-,,,,,,,,,,,,,,,,,,,,,,,,,
,04-22-2015,09:52:29, Lane 1 ,Fwd,FF,,520,2,49,,2,9.64,,,,,,,,,,,,,,,,,,,,,,,,9.64,-,,,,,,,,,,,,,,,,,,,,,,,,,-,-,,,,,,,,,,,,,,,,,,,,,,,,,
,04-22-2015,09:52:33, Lane 1 ,Fwd,FF,,521,2,47,,2,9.38,,,,,,,,,,,,,,,,,,,,,,,,9.38,-,,,,,,,,,,,,,,,,,,,,,,,,,-,-,,,,,,,,,,,,,,,,,,,,,,,,,
,04-22-2015,09:52:36, Lane 1 ,Fwd,FF,,522,2,51,,2,8.72,,,,,,,,,,,,,,,,,,,,,,,,8.72,-,,,,,,,,,,,,,,,,,,,,,,,,,-,-,,,,,,,,,,,,,,,,,,,,,,,,,
,04-22-2015,09:52:38, Lane 1 ,Fwd,FF,,523,2,52,,2,8.56,,,,,,,,,,,,,,,,,,,,,,,,8.56,-,,,,,,,,,,,,,,,,,,,,,,,,,-,-,,,,,,,,,,,,,,,,,,,,,,,,,
,04-22-2015,09:52:40, Lane 1 ,Fwd,FF,,524,2,49,,2,9.14,,,,,,,,,,,,,,,,,,,,,,,,9.14,-,,,,,,,,,,,,,,,,,,,,,,,,,-,-,,,,,,,,,,,,,,,,,,,,,,,,,
,04-22-2015,09:52:53, Lane 1 ,Fwd,FF,,525,4,51,,2,20.89,,,,,,,,,,,,,,,,,,,,,,,,20.89,-,,,,,,,,,,,,,,,,,,,,,,,,,-,-,,,,,,,,,,,,,,,,,,,,,,,,,
,04-22-2015,09:53:12, Lane 1 ,Fwd,FF,,526,4,40,,3,23.25,4.29,,,,,,,,,,,,,,,,,,,,,,,27.54,-,,,,,,,,,,,,,,,,,,,,,,,,,-,-,,,,,,,,,,,,,,,,,,,,,,,,,
,04-22-2015,09:53:43, Lane 1 ,Fwd,FF,,527,7,54,,4,17.26,4.24,4.00,,,,,,,,,,,,,,,,,,,,,,25.50,-,,,,,,,,,,,,,,,,,,,,,,,,,-,-,,,,,,,,,,,,,,,,,,,,,,,,,
,04-22-2015,09:53:45, Lane 1 ,Fwd,FF,,528,3,56,,2,12.74,,,,,,,,,,,,,,,,,,,,,,,,12.74,-,,,,,,,,,,,,,,,,,,,,,,,,,-,-,,,,,,,,,,,,,,,,,,,,,,,,,
,04-22-2015,09:53:50, Lane 1 ,Fwd,FF,,529,2,51,,2,9.26,,,,,,,,,,,,,,,,,,,,,,,,9.26,-,,,,,,,,,,,,,,,,,,,,,,,,,-,-,,,,,,,,,,,,,,,,,,,,,,,,,
,04-22-2015,09:53:54, Lane 1 ,Fwd,FF,,530,2,58,,2,9.69,,,,,,,,,,,,,,,,,,,,,,,,9.69,-,,,,,,,,,,,,,,,,,,,,,,,,,-,-,,,,,,,,,,,,,,,,,,,,,,,,,
,04-22-2015,09:53:56, Lane 1 ,Fwd,FF,,531,2,56,,2,10.11,,,,,,,,,,,,,,,,,,,,,,,,10.11,-,,,,,,,,,,,,,,,,,,,,,,,,,-,-,,,,,,,,,,,,,,,,,,,,,,,,,
,04-22-2015,09:54:09, Lane 1 ,Fwd,FF,,532,3,53,,4,11.31,14.56,2.86,,,,,,,,,,,,,,,,,,,,,,28.73,-,,,,,,,,,,,,,,,,,,,,,,,,,-,-,,,,,,,,,,,,,,,,,,,,,,,,,
,04-22-2015,09:54:11, Lane 1 ,Fwd,FF,,533,2,54,,2,9.48,,,,,,,,,,,,,,,,,,,,,,,,9.48,-,,,,,,,,,,,,,,,,,,,,,,,,,-,-,,,,,,,,,,,,,,,,,,,,,,,,,
,04-22-2015,09:54:29, Lane 1 ,Fwd,FF,,534,2,36,,2,9.66,,,,,,,,,,,,,,,,,,,,,,,,9.66,-,,,,,,,,,,,,,,,,,,,,,,,,,-,-,,,,,,,,,,,,,,,,,,,,,,,,,
,04-22-2015,09:54:32, Lane 1 ,Fwd,FF,,535,2,38,,2,9.07,,,,,,,,,,,,,,,,,,,,,,,,9.07,-,,,,,,,,,,,,,,,,,,,,,,,,,-,-,,,,,,,,,,,,,,,,,,,,,,,,,
,04-22-2015,09:54:33, Lane 1 ,Fwd,FF,,536,2,39,,2,9.14,,,,,,,,,,,,,,,,,,,,,,,,9.14,-,,,,,,,,,,,,,,,,,,,,,,,,,-,-,,,,,,,,,,,,,,,,,,,,,,,,,
,04-22-2015,09:54:34, Lane 1 ,Fwd,FF,,537,2,37,,2,9.11,,,,,,,,,,,,,,,,,,,,,,,,9.11,-,,,,,,,,,,,,,,,,,,,,,,,,,-,-,,,,,,,,,,,,,,,,,,,,,,,,,
,04-22-2015,09:54:37, Lane 1 ,Fwd,FF,,538,2,46,,2,8.77,,,,,,,,,,,,,,,,,,,,,,,,8.77,-,,,,,,,,,,,,,,,,,,,,,,,,,-,-,,,,,,,,,,,,,,,,,,,,,,,,,
,04-22-2015,09:54:41, Lane 1 ,Fwd,FF,,539,2,45,,2,9.05,,,,,,,,,,,,,,,,,,,,,,,,9.05,-,,,,,,,,,,,,,,,,,,,,,,,,,-,-,,,,,,,,,,,,,,,,,,,,,,,,,
,04-22-2015,09:54:43, Lane 1 ,Fwd,FF,,540,2,45,,2,8.64,,,,,,,,,,,,,,,,,,,,,,,,8.64,-,,,,,,,,,,,,,,,,,,,,,,,,,-,-,,,,,,,,,,,,,,,,,,,,,,,,,
,04-22-2015,09:54:45, Lane 1 ,Fwd,FF,,541,2,47,,2,9.24,,,,,,,,,,,,,,,,,,,,,,,,9.24,-,,,,,,,,,,,,,,,,,,,,,,,,,-,-,,,,,,,,,,,,,,,,,,,,,,,,,
,04-22-2015,09:54:46, Lane 1 ,Fwd,FF,,542,2,46,,2,8.40,,,,,,,,,,,,,,,,,,,,,,,,8.40,-,,,,,,,,,,,,,,,,,,,,,,,,,-,-,,,,,,,,,,,,,,,,,,,,,,,,,
,04-22-2015,09:54:49, Lane 1 ,Fwd,FF,,543,1,46,,2,4.75,,,,,,,,,,,,,,,,,,,,,,,,4.75,-,,,,,,,,,,,,,,,,,,,,,,,,,-,-,,,,,,,,,,,,,,,,,,,,,,,,,
,04-22-2015,09:55:57, Lane 1 ,Fwd,FF,,544,2,52,,2,9.95,,,,,,,,,,,,,,,,,,,,,,,,9.95,-,,,,,,,,,,,,,,,,,,,,,,,,,-,-,,,,,,,,,,,,,,,,,,,,,,,,,
,04-22-2015,09:56:12, Lane 1 ,Fwd,FF,,545,2,48,,2,8.75,,,,,,,,,,,,,,,,,,,,,,,,8.75,-,,,,,,,,,,,,,,,,,,,,,,,,,-,-,,,,,,,,,,,,,,,,,,,,,,,,,
,04-22-2015,09:56:15, Lane 1 ,Fwd,FF,,546,3,39,,2,12.58,,,,,,,,,,,,,,,,,,,,,,,,12.58,-,,,,,,,,,,,,,,,,,,,,,,,,,-,-,,,,,,,,,,,,,,,,,,,,,,,,,
,04-22-2015,09:56:24, Lane 1 ,Fwd,FF,,547,2,55,,2,8.64,,,,,,,,,,,,,,,,,,,,,,,,8.64,-,,,,,,,,,,,,,,,,,,,,,,,,,-,-,,,,,,,,,,,,,,,,,,,,,,,,,
,04-22-2015,09:56:26, Lane 1 ,Fwd,FF,,548,2,55,,2,9.25,,,,,,,,,,,,,,,,,,,,,,,,9.25,-,,,,,,,,,,,,,,,,,,,,,,,,,-,-,,,,,,,,,,,,,,,,,,,,,,,,,
,04-22-2015,09:56:27, Lane 1 ,Fwd,FF,,549,2,53,,2,9.31,,,,,,,,,,,,,,,,,,,,,,,,9.31,-,,,,,,,,,,,,,,,,,,,,,,,,,-,-,,,,,,,,,,,,,,,,,,,,,,,,,
,04-22-2015,09:56:44, Lane 1 ,Fwd,FF,,550,5,52,,2,15.27,,,,,,,,,,,,,,,,,,,,,,,,15.27,-,,,,,,,,,,,,,,,,,,,,,,,,,-,-,,,,,,,,,,,,,,,,,,,,,,,,,
,04-22-2015,09:56:47, Lane 1 ,Fwd,FF,,551,2,54,,2,8.35,,,,,,,,,,,,,,,,,,,,,,,,8.35,-,,,,,,,,,,,,,,,,,,,,,,,,,-,-,,,,,,,,,,,,,,,,,,,,,,,,,
,04-22-2015,09:56:54, Lane 1 ,Fwd,FF,,552,9,50,,5,12.95,4.22,29.46,4.07,,,,,,,,,,,,,,,,,,,,,50.70,-,,,,,,,,,,,,,,,,,,,,,,,,,-,-,,,,,,,,,,,,,,,,,,,,,,,,,
,04-22-2015,09:57:33, Lane 1 ,Fwd,FF,,553,3,48,,4,13.00,17.11,2.84,,,,,,,,,,,,,,,,,,,,,,32.95,-,,,,,,,,,,,,,,,,,,,,,,,,,-,-,,,,,,,,,,,,,,,,,,,,,,,,,
,04-22-2015,09:57:35, Lane 1 ,Fwd,FF,,554,2,51,,2,9.48,,,,,,,,,,,,,,,,,,,,,,,,9.48,-,,,,,,,,,,,,,,,,,,,,,,,,,-,-,,,,,,,,,,,,,,,,,,,,,,,,,
,04-22-2015,09:57:40, Lane 1 ,Fwd,FF,,555,2,53,,2,7.74,,,,,,,,,,,,,,,,,,,,,,,,7.74,-,,,,,,,,,,,,,,,,,,,,,,,,,-,-,,,,,,,,,,,,,,,,,,,,,,,,,
,04-22-2015,09:57:43, Lane 1 ,Fwd,FF,,556,8,56,,3,15.31,19.04,,,,,,,,,,,,,,,,,,,,,,,34.35,-,,,,,,,,,,,,,,,,,,,,,,,,,-,-,,,,,,,,,,,,,,,,,,,,,,,,,
,04-22-2015,09:57:45, Lane 1 ,Fwd,FF,,557,2,54,,2,9.30,,,,,,,,,,,,,,,,,,,,,,,,9.30,-,,,,,,,,,,,,,,,,,,,,,,,,,-,-,,,,,,,,,,,,,,,,,,,,,,,,,
,04-22-2015,09:57:52, Lane 1 ,Fwd,FF,,558,3,52,,2,12.84,,,,,,,,,,,,,,,,,,,,,,,,12.84,-,,,,,,,,,,,,,,,,,,,,,,,,,-,-,,,,,,,,,,,,,,,,,,,,,,,,,
,04-22-2015,09:58:02, Lane 1 ,Fwd,FF,,559,5,51,,2,14.16,,,,,,,,,,,,,,,,,,,,,,,,14.16,-,,,,,,,,,,,,,,,,,,,,,,,,,-,-,,,,,,,,,,,,,,,,,,,,,,,,,
,04-22-2015,09:58:06, Lane 1 ,Fwd,FF,,560,2,52,,2,9.94,,,,,,,,,,,,,,,,,,,,,,,,9.94,-,,,,,,,,,,,,,,,,,,,,,,,,,-,-,,,,,,,,,,,,,,,,,,,,,,,,,
,04-22-2015,09:58:26, Lane 1 ,Fwd,FF,,561,2,50,,2,8.54,,,,,,,,,,,,,,,,,,,,,,,,8.54,-,,,,,,,,,,,,,,,,,,,,,,,,,-,-,,,,,,,,,,,,,,,,,,,,,,,,,
,04-22-2015,09:58:27, Lane 1 ,Fwd,FF,,562,2,52,,2,8.98,,,,,,,,,,,,,,,,,,,,,,,,8.98,-,,,,,,,,,,,,,,,,,,,,,,,,,-,-,,,,,,,,,,,,,,,,,,,,,,,,,
,04-22-2015,09:58:29, Lane 1 ,Fwd,FF,,563,2,49,,2,8.41,,,,,,,,,,,,,,,,,,,,,,,,8.41,-,,,,,,,,,,,,,,,,,,,,,,,,,-,-,,,,,,,,,,,,,,,,,,,,,,,,,
,04-22-2015,09:58:31, Lane 1 ,Fwd,FF,,564,2,47,,2,9.64,,,,,,,,,,,,,,,,,,,,,,,,9.64,-,,,,,,,,,,,,,,,,,,,,,,,,,-,-,,,,,,,,,,,,,,,,,,,,,,,,,
,04-22-2015,09:58:33, Lane 1 ,Fwd,FF,,565,2,46,,2,9.32,,,,,,,,,,,,,,,,,,,,,,,,9.32,-,,,,,,,,,,,,,,,,,,,,,,,,,-,-,,,,,,,,,,,,,,,,,,,,,,,,,
,04-22-2015,09:58:38, Lane 1 ,Fwd,FF,,566,3,44,,2,11.10,,,,,,,,,,,,,,,,,,,,,,,,11.10,-,,,,,,,,,,,,,,,,,,,,,,,,,-,-,,,,,,,,,,,,,,,,,,,,,,,,,
,04-22-2015,09:58:39, Lane 1 ,Fwd,FF,,567,3,42,,2,12.92,,,,,,,,,,,,,,,,,,,,,,,,12.92,-,,,,,,,,,,,,,,,,,,,,,,,,,-,-,,,,,,,,,,,,,,,,,,,,,,,,,
,04-22-2015,09:58:55, Lane 1 ,Fwd,FF,,568,2,55,,2,9.76,,,,,,,,,,,,,,,,,,,,,,,,9.76,-,,,,,,,,,,,,,,,,,,,,,,,,,-,-,,,,,,,,,,,,,,,,,,,,,,,,,
,04-22-2015,09:59:07, Lane 1 ,Fwd,FF,,569,2,45,,2,8.44,,,,,,,,,,,,,,,,,,,,,,,,8.44,-,,,,,,,,,,,,,,,,,,,,,,,,,-,-,,,,,,,,,,,,,,,,,,,,,,,,,
,04-22-2015,09:59:09, Lane 1 ,Fwd,FF,,570,2,44,,2,9.00,,,,,,,,,,,,,,,,,,,,,,,,9.00,-,,,,,,,,,,,,,,,,,,,,,,,,,-,-,,,,,,,,,,,,,,,,,,,,,,,,,
,04-22-2015,09:59:12, Lane 1 ,Fwd,FF,,571,2,51,,2,8.40,,,,,,,,,,,,,,,,,,,,,,,,8.40,-,,,,,,,,,,,,,,,,,,,,,,,,,-,-,,,,,,,,,,,,,,,,,,,,,,,,,
,04-22-2015,09:59:31, Lane 1 ,Fwd,FF,,572,3,59,,2,11.74,,,,,,,,,,,,,,,,,,,,,,,,11.74,-,,,,,,,,,,,,,,,,,,,,,,,,,-,-,,,,,,,,,,,,,,,,,,,,,,,,,
,04-22-2015,09:59:38, Lane 1 ,Fwd,FF,,573,2,51,,2,8.35,,,,,,,,,,,,,,,,,,,,,,,,8.35,-,,,,,,,,,,,,,,,,,,,,,,,,,-,-,,,,,,,,,,,,,,,,,,,,,,,,,
,04-22-2015,09:59:40, Lane 1 ,Fwd,FF,,574,2,58,,2,9.00,,,,,,,,,,,,,,,,,,,,,,,,9.00,-,,,,,,,,,,,,,,,,,,,,,,,,,-,-,,,,,,,,,,,,,,,,,,,,,,,,,
,04-22-2015,09:59:43, Lane 1 ,Fwd,FF,,575,2,54,,2,8.79,,,,,,,,,,,,,,,,,,,,,,,,8.79,-,,,,,,,,,,,,,,,,,,,,,,,,,-,-,,,,,,,,,,,,,,,,,,,,,,,,,
,04-22-2015,10:00:12, Lane 1 ,Fwd,FF,,1,3,59,,2,12.79,,,,,,,,,,,,,,,,,,,,,,,,12.79,-,,,,,,,,,,,,,,,,,,,,,,,,,-,-,,,,,,,,,,,,,,,,,,,,,,,,,
,04-22-2015,10:00:39, Lane 1 ,Fwd,FF,,2,2,54,,2,8.76,,,,,,,,,,,,,,,,,,,,,,,,8.76,-,,,,,,,,,,,,,,,,,,,,,,,,,-,-,,,,,,,,,,,,,,,,,,,,,,,,,
,04-22-2015,10:01:13, Lane 1 ,Fwd,FF,,3,2,56,,2,8.94,,,,,,,,,,,,,,,,,,,,,,,,8.94,-,,,,,,,,,,,,,,,,,,,,,,,,,-,-,,,,,,,,,,,,,,,,,,,,,,,,,
,04-22-2015,10:01:14, Lane 1 ,Fwd,FF,,4,2,56,,2,9.29,,,,,,,,,,,,,,,,,,,,,,,,9.29,-,,,,,,,,,,,,,,,,,,,,,,,,,-,-,,,,,,,,,,,,,,,,,,,,,,,,,
,04-22-2015,10:01:19, Lane 1 ,Fwd,FF,,5,2,54,,2,8.23,,,,,,,,,,,,,,,,,,,,,,,,8.23,-,,,,,,,,,,,,,,,,,,,,,,,,,-,-,,,,,,,,,,,,,,,,,,,,,,,,,
,04-22-2015,10:01:20, Lane 1 ,Fwd,FF,,6,2,53,,2,8.31,,,,,,,,,,,,,,,,,,,,,,,,8.31,-,,,,,,,,,,,,,,,,,,,,,,,,,-,-,,,,,,,,,,,,,,,,,,,,,,,,,
,04-22-2015,10:01:21, Lane 1 ,Fwd,FF,,7,2,55,,2,9.20,,,,,,,,,,,,,,,,,,,,,,,,9.20,-,,,,,,,,,,,,,,,,,,,,,,,,,-,-,,,,,,,,,,,,,,,,,,,,,,,,,
,04-22-2015,10:01:32, Lane 1 ,Fwd,FF,,8,1,50,,2,5.96,,,,,,,,,,,,,,,,,,,,,,,,5.96,-,,,,,,,,,,,,,,,,,,,,,,,,,-,-,,,,,,,,,,,,,,,,,,,,,,,,,
,04-22-2015,10:01:39, Lane 1 ,Fwd,FF,,9,3,57,,2,10.50,,,,,,,,,,,,,,,,,,,,,,,,10.50,-,,,,,,,,,,,,,,,,,,,,,,,,,-,-,,,,,,,,,,,,,,,,,,,,,,,,,
,04-22-2015,10:01:58, Lane 1 ,Fwd,FF,,10,3,40,,2,12.82,,,,,,,,,,,,,,,,,,,,,,,,12.82,-,,,,,,,,,,,,,,,,,,,,,,,,,-,-,,,,,,,,,,,,,,,,,,,,,,,,,
,04-22-2015,10:02:01, Lane 1 ,Fwd,FF,,11,2,38,,2,9.64,,,,,,,,,,,,,,,,,,,,,,,,9.64,-,,,,,,,,,,,,,,,,,,,,,,,,,-,-,,,,,,,,,,,,,,,,,,,,,,,,,
,04-22-2015,10:02:15, Lane 1 ,Fwd,FF,,12,2,60,,2,9.64,,,,,,,,,,,,,,,,,,,,,,,,9.64,-,,,,,,,,,,,,,,,,,,,,,,,,,-,-,,,,,,,,,,,,,,,,,,,,,,,,,
,04-22-2015,10:02:53, Lane 1 ,Fwd,FF,,13,2,39,,4,22.10,34.16,7.44,,,,,,,,,,,,,,,,,,,,,,63.70,-,,,,,,,,,,,,,,,,,,,,,,,,,-,-,,,,,,,,,,,,,,,,,,,,,,,,,
,04-22-2015,10:02:56, Lane 1 ,Fwd,FF,,14,2,42,,2,8.92,,,,,,,,,,,,,,,,,,,,,,,,8.92,-,,,,,,,,,,,,,,,,,,,,,,,,,-,-,,,,,,,,,,,,,,,,,,,,,,,,,
,04-22-2015,10:02:58, Lane 1 ,Fwd,FF,,15,2,39,,2,8.25,,,,,,,,,,,,,,,,,,,,,,,,8.25,-,,,,,,,,,,,,,,,,,,,,,,,,,-,-,,,,,,,,,,,,,,,,,,,,,,,,,
,04-22-2015,10:03:00, Lane 1 ,Fwd,FF,,16,2,36,,2,9.69,,,,,,,,,,,,,,,,,,,,,,,,9.69,-,,,,,,,,,,,,,,,,,,,,,,,,,-,-,,,,,,,,,,,,,,,,,,,,,,,,,
,04-22-2015,10:03:05, Lane 1 ,Fwd,FF,,17,9,35,,5,15.65,4.26,30.49,4.10,,,,,,,,,,,,,,,,,,,,,54.50,-,,,,,,,,,,,,,,,,,,,,,,,,,-,-,,,,,,,,,,,,,,,,,,,,,,,,,
,04-22-2015,10:03:09, Lane 1 ,Fwd,FF,,18,2,37,,2,8.88,,,,,,,,,,,,,,,,,,,,,,,,8.88,-,,,,,,,,,,,,,,,,,,,,,,,,,-,-,,,,,,,,,,,,,,,,,,,,,,,,,
,04-22-2015,10:03:11, Lane 1 ,Fwd,FF,,19,2,35,,2,8.70,,,,,,,,,,,,,,,,,,,,,,,,8.70,-,,,,,,,,,,,,,,,,,,,,,,,,,-,-,,,,,,,,,,,,,,,,,,,,,,,,,
,04-22-2015,10:03:16, Lane 1 ,Fwd,FF,,20,2,42,,2,9.90,,,,,,,,,,,,,,,,,,,,,,,,9.90,-,,,,,,,,,,,,,,,,,,,,,,,,,-,-,,,,,,,,,,,,,,,,,,,,,,,,,
,04-22-2015,10:03:17, Lane 1 ,Fwd,FF,,21,2,42,,2,9.06,,,,,,,,,,,,,,,,,,,,,,,,9.06,-,,,,,,,,,,,,,,,,,,,,,,,,,-,-,,,,,,,,,,,,,,,,,,,,,,,,,
,04-22-2015,10:03:21, Lane 1 ,Fwd,FF,,22,2,42,,2,9.27,,,,,,,,,,,,,,,,,,,,,,,,9.27,-,,,,,,,,,,,,,,,,,,,,,,,,,-,-,,,,,,,,,,,,,,,,,,,,,,,,,
,04-22-2015,10:03:25, Lane 1 ,Fwd,FF,,23,2,41,,2,9.03,,,,,,,,,,,,,,,,,,,,,,,,9.03,-,,,,,,,,,,,,,,,,,,,,,,,,,-,-,,,,,,,,,,,,,,,,,,,,,,,,,
,04-22-2015,10:03:31, Lane 1 ,Fwd,FF,,24,3,47,,3,11.45,16.32,,,,,,,,,,,,,,,,,,,,,,,27.77,-,,,,,,,,,,,,,,,,,,,,,,,,,-,-,,,,,,,,,,,,,,,,,,,,,,,,,
,04-22-2015,10:03:37, Lane 1 ,Fwd,FF,,25,9,48,,5,16.12,4.26,33.21,3.98,,,,,,,,,,,,,,,,,,,,,57.57,-,,,,,,,,,,,,,,,,,,,,,,,,,-,-,,,,,,,,,,,,,,,,,,,,,,,,,
,04-22-2015,10:03:42, Lane 1 ,Fwd,FF,,26,5,51,,2,13.48,,,,,,,,,,,,,,,,,,,,,,,,13.48,-,,,,,,,,,,,,,,,,,,,,,,,,,-,-,,,,,,,,,,,,,,,,,,,,,,,,,
,04-22-2015,10:03:46, Lane 1 ,Fwd,FF,,27,2,52,,2,8.41,,,,,,,,,,,,,,,,,,,,,,,,8.41,-,,,,,,,,,,,,,,,,,,,,,,,,,-,-,,,,,,,,,,,,,,,,,,,,,,,,,
,04-22-2015,10:03:47, Lane 1 ,Fwd,FF,,28,2,53,,2,8.75,,,,,,,,,,,,,,,,,,,,,,,,8.75,-,,,,,,,,,,,,,,,,,,,,,,,,,-,-,,,,,,,,,,,,,,,,,,,,,,,,,
,04-22-2015,10:03:50, Lane 1 ,Fwd,FF,,29,2,57,,2,8.59,,,,,,,,,,,,,,,,,,,,,,,,8.59,-,,,,,,,,,,,,,,,,,,,,,,,,,-,-,,,,,,,,,,,,,,,,,,,,,,,,,
,04-22-2015,10:03:56, Lane 1 ,Fwd,FF,,30,3,51,,2,12.37,,,,,,,,,,,,,,,,,,,,,,,,12.37,-,,,,,,,,,,,,,,,,,,,,,,,,,-,-,,,,,,,,,,,,,,,,,,,,,,,,,
,04-22-2015,10:04:03, Lane 1 ,Fwd,FF,,31,2,47,,2,8.46,,,,,,,,,,,,,,,,,,,,,,,,8.46,-,,,,,,,,,,,,,,,,,,,,,,,,,-,-,,,,,,,,,,,,,,,,,,,,,,,,,
,04-22-2015,10:04:06, Lane 1 ,Fwd,FF,,32,8,45,,3,11.28,20.79,,,,,,,,,,,,,,,,,,,,,,,32.07,-,,,,,,,,,,,,,,,,,,,,,,,,,-,-,,,,,,,,,,,,,,,,,,,,,,,,,
,04-22-2015,10:04:41, Lane 1 ,Fwd,FF,,33,2,51,,2,8.70,,,,,,,,,,,,,,,,,,,,,,,,8.70,-,,,,,,,,,,,,,,,,,,,,,,,,,-,-,,,,,,,,,,,,,,,,,,,,,,,,,
,04-22-2015,10:04:48, Lane 1 ,Fwd,FF,,34,2,59,,2,8.78,,,,,,,,,,,,,,,,,,,,,,,,8.78,-,,,,,,,,,,,,,,,,,,,,,,,,,-,-,,,,,,,,,,,,,,,,,,,,,,,,,
,04-22-2015,10:04:50, Lane 1 ,Fwd,FF,,35,2,64,,2,8.44,,,,,,,,,,,,,,,,,,,,,,,,8.44,-,,,,,,,,,,,,,,,,,,,,,,,,,-,-,,,,,,,,,,,,,,,,,,,,,,,,,
,04-22-2015,10:04:56, Lane 1 ,Fwd,FF,,36,2,58,,2,8.25,,,,,,,,,,,,,,,,,,,,,,,,8.25,-,,,,,,,,,,,,,,,,,,,,,,,,,-,-,,,,,,,,,,,,,,,,,,,,,,,,,
,04-22-2015,10:05:03, Lane 1 ,Fwd,FF,,37,2,55,,2,9.10,,,,,,,,,,,,,,,,,,,,,,,,9.10,-,,,,,,,,,,,,,,,,,,,,,,,,,-,-,,,,,,,,,,,,,,,,,,,,,,,,,
,04-22-2015,10:05:05, Lane 1 ,Fwd,FF,,38,2,52,,2,8.89,,,,,,,,,,,,,,,,,,,,,,,,8.89,-,,,,,,,,,,,,,,,,,,,,,,,,,-,-,,,,,,,,,,,,,,,,,,,,,,,,,
,04-22-2015,10:05:07, Lane 1 ,Fwd,FF,,39,2,50,,2,8.71,,,,,,,,,,,,,,,,,,,,,,,,8.71,-,,,,,,,,,,,,,,,,,,,,,,,,,-,-,,,,,,,,,,,,,,,,,,,,,,,,,
,04-22-2015,10:05:08, Lane 1 ,Fwd,FF,,40,2,52,,2,8.25,,,,,,,,,,,,,,,,,,,,,,,,8.25,-,,,,,,,,,,,,,,,,,,,,,,,,,-,-,,,,,,,,,,,,,,,,,,,,,,,,,
,04-22-2015,10:05:12, Lane 1 ,Fwd,FF,,41,2,53,,2,8.88,,,,,,,,,,,,,,,,,,,,,,,,8.88,-,,,,,,,,,,,,,,,,,,,,,,,,,-,-,,,,,,,,,,,,,,,,,,,,,,,,,
,04-22-2015,10:05:16, Lane 1 ,Fwd,FF,,42,3,43,,2,12.70,,,,,,,,,,,,,,,,,,,,,,,,12.70,-,,,,,,,,,,,,,,,,,,,,,,,,,-,-,,,,,,,,,,,,,,,,,,,,,,,,,
,04-22-2015,10:05:17, Lane 1 ,Fwd,FF,,43,2,42,,2,9.27,,,,,,,,,,,,,,,,,,,,,,,,9.27,-,,,,,,,,,,,,,,,,,,,,,,,,,-,-,,,,,,,,,,,,,,,,,,,,,,,,,
,04-22-2015,10:05:19, Lane 1 ,Fwd,FF,,44,2,44,,2,8.99,,,,,,,,,,,,,,,,,,,,,,,,8.99,-,,,,,,,,,,,,,,,,,,,,,,,,,-,-,,,,,,,,,,,,,,,,,,,,,,,,,
,04-22-2015,10:05:20, Lane 1 ,Fwd,FF,,45,3,45,,2,10.75,,,,,,,,,,,,,,,,,,,,,,,,10.75,-,,,,,,,,,,,,,,,,,,,,,,,,,-,-,,,,,,,,,,,,,,,,,,,,,,,,,
,04-22-2015,10:05:48, Lane 1 ,Fwd,FF,,46,2,44,,2,9.15,,,,,,,,,,,,,,,,,,,,,,,,9.15,-,,,,,,,,,,,,,,,,,,,,,,,,,-,-,,,,,,,,,,,,,,,,,,,,,,,,,
,04-22-2015,10:06:29, Lane 1 ,Fwd,FF,,47,3,52,,2,10.93,,,,,,,,,,,,,,,,,,,,,,,,10.93,-,,,,,,,,,,,,,,,,,,,,,,,,,-,-,,,,,,,,,,,,,,,,,,,,,,,,,
,04-22-2015,10:06:37, Lane 1 ,Fwd,FF,,48,2,52,,2,8.87,,,,,,,,,,,,,,,,,,,,,,,,8.87,-,,,,,,,,,,,,,,,,,,,,,,,,,-,-,,,,,,,,,,,,,,,,,,,,,,,,,
,04-22-2015,10:07:21, Lane 1 ,Fwd,FF,,49,5,50,,2,19.35,,,,,,,,,,,,,,,,,,,,,,,,19.35,-,,,,,,,,,,,,,,,,,,,,,,,,,-,-,,,,,,,,,,,,,,,,,,,,,,,,,
,04-22-2015,10:07:22, Lane 1 ,Fwd,FF,,50,8,51,,3,15.48,16.45,,,,,,,,,,,,,,,,,,,,,,,31.93,-,,,,,,,,,,,,,,,,,,,,,,,,,-,-,,,,,,,,,,,,,,,,,,,,,,,,,
,04-22-2015,10:07:25, Lane 1 ,Fwd,FF,,51,2,50,,2,9.22,,,,,,,,,,,,,,,,,,,,,,,,9.22,-,,,,,,,,,,,,,,,,,,,,,,,,,-,-,,,,,,,,,,,,,,,,,,,,,,,,,
,04-22-2015,10:07:27, Lane 1 ,Fwd,FF,,52,2,52,,2,8.58,,,,,,,,,,,,,,,,,,,,,,,,8.58,-,,,,,,,,,,,,,,,,,,,,,,,,,-,-,,,,,,,,,,,,,,,,,,,,,,,,,
,04-22-2015,10:07:33, Lane 1 ,Fwd,FF,,53,3,48,,2,12.64,,,,,,,,,,,,,,,,,,,,,,,,12.64,-,,,,,,,,,,,,,,,,,,,,,,,,,-,-,,,,,,,,,,,,,,,,,,,,,,,,,
,04-22-2015,10:07:36, Lane 1 ,Fwd,FF,,54,3,47,,4,12.28,17.11,3.03,,,,,,,,,,,,,,,,,,,,,,32.42,-,,,,,,,,,,,,,,,,,,,,,,,,,-,-,,,,,,,,,,,,,,,,,,,,,,,,,
,04-22-2015,10:07:39, Lane 1 ,Fwd,FF,,55,3,47,,2,12.21,,,,,,,,,,,,,,,,,,,,,,,,12.21,-,,,,,,,,,,,,,,,,,,,,,,,,,-,-,,,,,,,,,,,,,,,,,,,,,,,,,
,04-22-2015,10:07:43, Lane 1 ,Fwd,FF,,56,3,48,,2,10.24,,,,,,,,,,,,,,,,,,,,,,,,10.24,-,,,,,,,,,,,,,,,,,,,,,,,,,-,-,,,,,,,,,,,,,,,,,,,,,,,,,
,04-22-2015,10:08:31, Lane 1 ,Fwd,FF,,57,2,50,,2,8.80,,,,,,,,,,,,,,,,,,,,,,,,8.80,-,,,,,,,,,,,,,,,,,,,,,,,,,-,-,,,,,,,,,,,,,,,,,,,,,,,,,
,04-22-2015,10:09:03, Lane 1 ,Fwd,FF,,58,3,46,,2,12.87,,,,,,,,,,,,,,,,,,,,,,,,12.87,-,,,,,,,,,,,,,,,,,,,,,,,,,-,-,,,,,,,,,,,,,,,,,,,,,,,,,
,04-22-2015,10:09:19, Lane 1 ,Fwd,FF,,59,2,40,,2,8.49,,,,,,,,,,,,,,,,,,,,,,,,8.49,-,,,,,,,,,,,,,,,,,,,,,,,,,-,-,,,,,,,,,,,,,,,,,,,,,,,,,
,04-22-2015,10:09:22, Lane 1 ,Fwd,FF,,60,2,39,,2,8.77,,,,,,,,,,,,,,,,,,,,,,,,8.77,-,,,,,,,,,,,,,,,,,,,,,,,,,-,-,,,,,,,,,,,,,,,,,,,,,,,,,
,04-22-2015,10:09:27, Lane 1 ,Fwd,FF,,61,5,41,,2,13.09,,,,,,,,,,,,,,,,,,,,,,,,13.09,-,,,,,,,,,,,,,,,,,,,,,,,,,-,-,,,,,,,,,,,,,,,,,,,,,,,,,
,04-22-2015,10:09:30, Lane 1 ,Fwd,FF,,62,3,42,,2,11.88,,,,,,,,,,,,,,,,,,,,,,,,11.88,-,,,,,,,,,,,,,,,,,,,,,,,,,-,-,,,,,,,,,,,,,,,,,,,,,,,,,
,04-22-2015,10:09:31, Lane 1 ,Fwd,FF,,63,2,41,,2,9.09,,,,,,,,,,,,,,,,,,,,,,,,9.09,-,,,,,,,,,,,,,,,,,,,,,,,,,-,-,,,,,,,,,,,,,,,,,,,,,,,,,
,04-22-2015,10:09:34, Lane 1 ,Fwd,FF,,64,2,32,,2,9.78,,,,,,,,,,,,,,,,,,,,,,,,9.78,-,,,,,,,,,,,,,,,,,,,,,,,,,-,-,,,,,,,,,,,,,,,,,,,,,,,,,
,04-22-2015,10:09:38, Lane 1 ,Fwd,FF,,65,2,36,,2,8.02,,,,,,,,,,,,,,,,,,,,,,,,8.02,-,,,,,,,,,,,,,,,,,,,,,,,,,-,-,,,,,,,,,,,,,,,,,,,,,,,,,
,04-22-2015,10:09:45, Lane 1 ,Fwd,FF,,66,2,47,,2,8.93,,,,,,,,,,,,,,,,,,,,,,,,8.93,-,,,,,,,,,,,,,,,,,,,,,,,,,-,-,,,,,,,,,,,,,,,,,,,,,,,,,
,04-22-2015,10:09:48, Lane 1 ,Fwd,FF,,67,5,46,,2,16.38,,,,,,,,,,,,,,,,,,,,,,,,16.38,-,,,,,,,,,,,,,,,,,,,,,,,,,-,-,,,,,,,,,,,,,,,,,,,,,,,,,
,04-22-2015,10:09:50, Lane 1 ,Fwd,FF,,68,2,46,,2,8.60,,,,,,,,,,,,,,,,,,,,,,,,8.60,-,,,,,,,,,,,,,,,,,,,,,,,,,-,-,,,,,,,,,,,,,,,,,,,,,,,,,
,04-22-2015,10:09:59, Lane 1 ,Fwd,FF,,69,2,39,,2,8.43,,,,,,,,,,,,,,,,,,,,,,,,8.43,-,,,,,,,,,,,,,,,,,,,,,,,,,-,-,,,,,,,,,,,,,,,,,,,,,,,,,
,04-22-2015,10:10:05, Lane 1 ,Fwd,FF,,70,3,43,,3,11.50,15.41,,,,,,,,,,,,,,,,,,,,,,,26.91,-,,,,,,,,,,,,,,,,,,,,,,,,,-,-,,,,,,,,,,,,,,,,,,,,,,,,,
,04-22-2015,10:10:23, Lane 1 ,Fwd,FF,,71,2,59,,2,8.98,,,,,,,,,,,,,,,,,,,,,,,,8.98,-,,,,,,,,,,,,,,,,,,,,,,,,,-,-,,,,,,,,,,,,,,,,,,,,,,,,,
,04-22-2015,10:10:28, Lane 1 ,Fwd,FF,,72,2,51,,2,8.70,,,,,,,,,,,,,,,,,,,,,,,,8.70,-,,,,,,,,,,,,,,,,,,,,,,,,,-,-,,,,,,,,,,,,,,,,,,,,,,,,,
,04-22-2015,10:10:30, Lane 1 ,Fwd,FF,,73,3,47,,2,11.79,,,,,,,,,,,,,,,,,,,,,,,,11.79,-,,,,,,,,,,,,,,,,,,,,,,,,,-,-,,,,,,,,,,,,,,,,,,,,,,,,,
,04-22-2015,10:10:31, Lane 1 ,Fwd,FF,,74,2,45,,2,8.82,,,,,,,,,,,,,,,,,,,,,,,,8.82,-,,,,,,,,,,,,,,,,,,,,,,,,,-,-,,,,,,,,,,,,,,,,,,,,,,,,,
,04-22-2015,10:10:36, Lane 1 ,Fwd,FF,,75,2,55,,2,9.20,,,,,,,,,,,,,,,,,,,,,,,,9.20,-,,,,,,,,,,,,,,,,,,,,,,,,,-,-,,,,,,,,,,,,,,,,,,,,,,,,,
,04-22-2015,10:10:47, Lane 1 ,Fwd,FF,,76,2,51,,2,9.63,,,,,,,,,,,,,,,,,,,,,,,,9.63,-,,,,,,,,,,,,,,,,,,,,,,,,,-,-,,,,,,,,,,,,,,,,,,,,,,,,,
,04-22-2015,10:10:53, Lane 1 ,Fwd,FF,,77,2,48,,2,9.51,,,,,,,,,,,,,,,,,,,,,,,,9.51,-,,,,,,,,,,,,,,,,,,,,,,,,,-,-,,,,,,,,,,,,,,,,,,,,,,,,,
,04-22-2015,10:11:08, Lane 1 ,Fwd,FF,,78,2,54,,2,8.71,,,,,,,,,,,,,,,,,,,,,,,,8.71,-,,,,,,,,,,,,,,,,,,,,,,,,,-,-,,,,,,,,,,,,,,,,,,,,,,,,,
,04-22-2015,10:11:18, Lane 1 ,Fwd,FF,,79,2,51,,2,8.63,,,,,,,,,,,,,,,,,,,,,,,,8.63,-,,,,,,,,,,,,,,,,,,,,,,,,,-,-,,,,,,,,,,,,,,,,,,,,,,,,,
,04-22-2015,10:11:20, Lane 1 ,Fwd,FF,,80,2,51,,2,8.55,,,,,,,,,,,,,,,,,,,,,,,,8.55,-,,,,,,,,,,,,,,,,,,,,,,,,,-,-,,,,,,,,,,,,,,,,,,,,,,,,,
,04-22-2015,10:11:22, Lane 1 ,Fwd,FF,,81,2,55,,2,8.22,,,,,,,,,,,,,,,,,,,,,,,,8.22,-,,,,,,,,,,,,,,,,,,,,,,,,,-,-,,,,,,,,,,,,,,,,,,,,,,,,,
,04-22-2015,10:11:43, Lane 1 ,Fwd,FF,,82,4,45,,3,21.25,4.39,,,,,,,,,,,,,,,,,,,,,,,25.64,-,,,,,,,,,,,,,,,,,,,,,,,,,-,-,,,,,,,,,,,,,,,,,,,,,,,,,
,04-22-2015,10:11:47, Lane 1 ,Fwd,FF,,83,2,39,,2,8.40,,,,,,,,,,,,,,,,,,,,,,,,8.40,-,,,,,,,,,,,,,,,,,,,,,,,,,-,-,,,,,,,,,,,,,,,,,,,,,,,,,
,04-22-2015,10:11:49, Lane 1 ,Fwd,FF,,84,2,39,,2,8.66,,,,,,,,,,,,,,,,,,,,,,,,8.66,-,,,,,,,,,,,,,,,,,,,,,,,,,-,-,,,,,,,,,,,,,,,,,,,,,,,,,
,04-22-2015,10:11:52, Lane 1 ,Fwd,FF,,85,2,43,,2,8.59,,,,,,,,,,,,,,,,,,,,,,,,8.59,-,,,,,,,,,,,,,,,,,,,,,,,,,-,-,,,,,,,,,,,,,,,,,,,,,,,,,
,04-22-2015,10:11:54, Lane 1 ,Fwd,FF,,86,8,44,,4,9.43,19.70,2.70,,,,,,,,,,,,,,,,,,,,,,31.83,-,,,,,,,,,,,,,,,,,,,,,,,,,-,-,,,,,,,,,,,,,,,,,,,,,,,,,
,04-22-2015,10:11:56, Lane 1 ,Fwd,FF,,87,3,43,,2,10.31,,,,,,,,,,,,,,,,,,,,,,,,10.31,-,,,,,,,,,,,,,,,,,,,,,,,,,-,-,,,,,,,,,,,,,,,,,,,,,,,,,
,04-22-2015,10:12:10, Lane 1 ,Fwd,FF,,88,2,47,,2,8.21,,,,,,,,,,,,,,,,,,,,,,,,8.21,-,,,,,,,,,,,,,,,,,,,,,,,,,-,-,,,,,,,,,,,,,,,,,,,,,,,,,
,04-22-2015,10:12:12, Lane 1 ,Fwd,FF,,89,2,48,,2,8.83,,,,,,,,,,,,,,,,,,,,,,,,8.83,-,,,,,,,,,,,,,,,,,,,,,,,,,-,-,,,,,,,,,,,,,,,,,,,,,,,,,
,04-22-2015,10:12:57, Lane 1 ,Fwd,FF,,90,2,53,,2,8.42,,,,,,,,,,,,,,,,,,,,,,,,8.42,-,,,,,,,,,,,,,,,,,,,,,,,,,-,-,,,,,,,,,,,,,,,,,,,,,,,,,
,04-22-2015,10:13:05, Lane 1 ,Fwd,FF,,91,2,53,,2,9.23,,,,,,,,,,,,,,,,,,,,,,,,9.23,-,,,,,,,,,,,,,,,,,,,,,,,,,-,-,,,,,,,,,,,,,,,,,,,,,,,,,
,04-22-2015,10:13:16, Lane 1 ,Fwd,FF,,92,2,55,,2,8.00,,,,,,,,,,,,,,,,,,,,,,,,8.00,-,,,,,,,,,,,,,,,,,,,,,,,,,-,-,,,,,,,,,,,,,,,,,,,,,,,,,
,04-22-2015,10:13:37, Lane 1 ,Fwd,FF,,93,2,46,,2,9.10,,,,,,,,,,,,,,,,,,,,,,,,9.10,-,,,,,,,,,,,,,,,,,,,,,,,,,-,-,,,,,,,,,,,,,,,,,,,,,,,,,
,04-22-2015,10:13:40, Lane 1 ,Fwd,FF,,94,2,44,,2,8.76,,,,,,,,,,,,,,,,,,,,,,,,8.76,-,,,,,,,,,,,,,,,,,,,,,,,,,-,-,,,,,,,,,,,,,,,,,,,,,,,,,
,04-22-2015,10:13:41, Lane 1 ,Fwd,FF,,95,2,43,,2,8.86,,,,,,,,,,,,,,,,,,,,,,,,8.86,-,,,,,,,,,,,,,,,,,,,,,,,,,-,-,,,,,,,,,,,,,,,,,,,,,,,,,
,04-22-2015,10:13:44, Lane 1 ,Fwd,FF,,96,8,46,,4,13.73,23.47,2.93,,,,,,,,,,,,,,,,,,,,,,40.13,-,,,,,,,,,,,,,,,,,,,,,,,,,-,-,,,,,,,,,,,,,,,,,,,,,,,,,
,04-22-2015,10:13:46, Lane 1 ,Fwd,FF,,97,2,46,,2,8.92,,,,,,,,,,,,,,,,,,,,,,,,8.92,-,,,,,,,,,,,,,,,,,,,,,,,,,-,-,,,,,,,,,,,,,,,,,,,,,,,,,
,04-22-2015,10:13:48, Lane 1 ,Fwd,FF,,98,2,54,,2,8.35,,,,,,,,,,,,,,,,,,,,,,,,8.35,-,,,,,,,,,,,,,,,,,,,,,,,,,-,-,,,,,,,,,,,,,,,,,,,,,,,,,
,04-22-2015,10:13:50, Lane 1 ,Fwd,FF,,99,3,52,,2,11.77,,,,,,,,,,,,,,,,,,,,,,,,11.77,-,,,,,,,,,,,,,,,,,,,,,,,,,-,-,,,,,,,,,,,,,,,,,,,,,,,,,
,04-22-2015,10:13:58, Lane 1 ,Fwd,FF,,100,3,43,,2,11.94,,,,,,,,,,,,,,,,,,,,,,,,11.94,-,,,,,,,,,,,,,,,,,,,,,,,,,-,-,,,,,,,,,,,,,,,,,,,,,,,,,
,04-22-2015,10:14:01, Lane 1 ,Fwd,FF,,101,2,54,,2,9.71,,,,,,,,,,,,,,,,,,,,,,,,9.71,-,,,,,,,,,,,,,,,,,,,,,,,,,-,-,,,,,,,,,,,,,,,,,,,,,,,,,
,04-22-2015,10:14:23, Lane 1 ,Fwd,FF,,102,2,53,,2,9.51,,,,,,,,,,,,,,,,,,,,,,,,9.51,-,,,,,,,,,,,,,,,,,,,,,,,,,-,-,,,,,,,,,,,,,,,,,,,,,,,,,
,04-22-2015,10:14:46, Lane 1 ,Fwd,FF,,103,2,55,,2,8.78,,,,,,,,,,,,,,,,,,,,,,,,8.78,-,,,,,,,,,,,,,,,,,,,,,,,,,-,-,,,,,,,,,,,,,,,,,,,,,,,,,
,04-22-2015,10:15:14, Lane 1 ,Fwd,FF,,104,2,52,,2,9.10,,,,,,,,,,,,,,,,,,,,,,,,9.10,-,,,,,,,,,,,,,,,,,,,,,,,,,-,-,,,,,,,,,,,,,,,,,,,,,,,,,
,04-22-2015,10:15:16, Lane 1 ,Fwd,FF,,105,2,52,,2,9.49,,,,,,,,,,,,,,,,,,,,,,,,9.49,-,,,,,,,,,,,,,,,,,,,,,,,,,-,-,,,,,,,,,,,,,,,,,,,,,,,,,
,04-22-2015,10:15:17, Lane 1 ,Fwd,FF,,106,3,55,,2,11.92,,,,,,,,,,,,,,,,,,,,,,,,11.92,-,,,,,,,,,,,,,,,,,,,,,,,,,-,-,,,,,,,,,,,,,,,,,,,,,,,,,
,04-22-2015,10:15:29, Lane 1 ,Fwd,FF,,107,2,57,,2,8.50,,,,,,,,,,,,,,,,,,,,,,,,8.50,-,,,,,,,,,,,,,,,,,,,,,,,,,-,-,,,,,,,,,,,,,,,,,,,,,,,,,
,04-22-2015,10:15:31, Lane 1 ,Fwd,FF,,108,2,58,,2,9.53,,,,,,,,,,,,,,,,,,,,,,,,9.53,-,,,,,,,,,,,,,,,,,,,,,,,,,-,-,,,,,,,,,,,,,,,,,,,,,,,,,
,04-22-2015,10:15:34, Lane 1 ,Fwd,FF,,109,2,46,,2,8.70,,,,,,,,,,,,,,,,,,,,,,,,8.70,-,,,,,,,,,,,,,,,,,,,,,,,,,-,-,,,,,,,,,,,,,,,,,,,,,,,,,
,04-22-2015,10:15:36, Lane 1 ,Fwd,FF,,110,2,45,,2,8.59,,,,,,,,,,,,,,,,,,,,,,,,8.59,-,,,,,,,,,,,,,,,,,,,,,,,,,-,-,,,,,,,,,,,,,,,,,,,,,,,,,
,04-22-2015,10:15:37, Lane 1 ,Fwd,FF,,111,5,43,,2,13.13,,,,,,,,,,,,,,,,,,,,,,,,13.13,-,,,,,,,,,,,,,,,,,,,,,,,,,-,-,,,,,,,,,,,,,,,,,,,,,,,,,
,04-22-2015,10:15:40, Lane 1 ,Fwd,FF,,112,2,46,,2,8.70,,,,,,,,,,,,,,,,,,,,,,,,8.70,-,,,,,,,,,,,,,,,,,,,,,,,,,-,-,,,,,,,,,,,,,,,,,,,,,,,,,
,04-22-2015,10:15:41, Lane 1 ,Fwd,FF,,113,3,50,,2,11.78,,,,,,,,,,,,,,,,,,,,,,,,11.78,-,,,,,,,,,,,,,,,,,,,,,,,,,-,-,,,,,,,,,,,,,,,,,,,,,,,,,
,04-22-2015,10:15:44, Lane 1 ,Fwd,FF,,114,2,51,,2,9.19,,,,,,,,,,,,,,,,,,,,,,,,9.19,-,,,,,,,,,,,,,,,,,,,,,,,,,-,-,,,,,,,,,,,,,,,,,,,,,,,,,
,04-22-2015,10:16:30, Lane 1 ,Fwd,FF,,115,2,50,,2,9.00,,,,,,,,,,,,,,,,,,,,,,,,9.00,-,,,,,,,,,,,,,,,,,,,,,,,,,-,-,,,,,,,,,,,,,,,,,,,,,,,,,
,04-22-2015,10:17:08, Lane 1 ,Fwd,FF,,116,3,51,,2,10.44,,,,,,,,,,,,,,,,,,,,,,,,10.44,-,,,,,,,,,,,,,,,,,,,,,,,,,-,-,,,,,,,,,,,,,,,,,,,,,,,,,
,04-22-2015,10:17:19, Lane 1 ,Fwd,FF,,117,2,53,,2,9.37,,,,,,,,,,,,,,,,,,,,,,,,9.37,-,,,,,,,,,,,,,,,,,,,,,,,,,-,-,,,,,,,,,,,,,,,,,,,,,,,,,
,04-22-2015,10:17:23, Lane 1 ,Fwd,FF,,118,3,55,,2,11.52,,,,,,,,,,,,,,,,,,,,,,,,11.52,-,,,,,,,,,,,,,,,,,,,,,,,,,-,-,,,,,,,,,,,,,,,,,,,,,,,,,
,04-22-2015,10:17:25, Lane 1 ,Fwd,FF,,119,2,54,,2,9.95,,,,,,,,,,,,,,,,,,,,,,,,9.95,-,,,,,,,,,,,,,,,,,,,,,,,,,-,-,,,,,,,,,,,,,,,,,,,,,,,,,
,04-22-2015,10:17:40, Lane 1 ,Fwd,FF,,120,2,52,,2,9.13,,,,,,,,,,,,,,,,,,,,,,,,9.13,-,,,,,,,,,,,,,,,,,,,,,,,,,-,-,,,,,,,,,,,,,,,,,,,,,,,,,
,04-22-2015,10:17:44, Lane 1 ,Fwd,FF,,121,2,50,,2,8.80,,,,,,,,,,,,,,,,,,,,,,,,8.80,-,,,,,,,,,,,,,,,,,,,,,,,,,-,-,,,,,,,,,,,,,,,,,,,,,,,,,
,04-22-2015,10:17:48, Lane 1 ,Fwd,FF,,122,2,59,,2,9.91,,,,,,,,,,,,,,,,,,,,,,,,9.91,-,,,,,,,,,,,,,,,,,,,,,,,,,-,-,,,,,,,,,,,,,,,,,,,,,,,,,
,04-22-2015,10:17:56, Lane 1 ,Fwd,FF,,123,2,56,,2,9.62,,,,,,,,,,,,,,,,,,,,,,,,9.62,-,,,,,,,,,,,,,,,,,,,,,,,,,-,-,,,,,,,,,,,,,,,,,,,,,,,,,
,04-22-2015,10:17:59, Lane 1 ,Fwd,FF,,124,2,51,,2,7.95,,,,,,,,,,,,,,,,,,,,,,,,7.95,-,,,,,,,,,,,,,,,,,,,,,,,,,-,-,,,,,,,,,,,,,,,,,,,,,,,,,
,04-22-2015,10:18:14, Lane 1 ,Fwd,FF,,125,2,59,,2,9.74,,,,,,,,,,,,,,,,,,,,,,,,9.74,-,,,,,,,,,,,,,,,,,,,,,,,,,-,-,,,,,,,,,,,,,,,,,,,,,,,,,
,04-22-2015,10:18:17, Lane 1 ,Fwd,FF,,126,2,57,,2,9.48,,,,,,,,,,,,,,,,,,,,,,,,9.48,-,,,,,,,,,,,,,,,,,,,,,,,,,-,-,,,,,,,,,,,,,,,,,,,,,,,,,
,04-22-2015,10:18:27, Lane 1 ,Fwd,FF,,127,2,59,,2,9.76,,,,,,,,,,,,,,,,,,,,,,,,9.76,-,,,,,,,,,,,,,,,,,,,,,,,,,-,-,,,,,,,,,,,,,,,,,,,,,,,,,
,04-22-2015,10:18:43, Lane 1 ,Fwd,FF,,128,8,48,,4,15.58,17.61,2.81,,,,,,,,,,,,,,,,,,,,,,36.00,-,,,,,,,,,,,,,,,,,,,,,,,,,-,-,,,,,,,,,,,,,,,,,,,,,,,,,
,04-22-2015,10:19:12, Lane 1 ,Fwd,FF,,129,9,44,,5,16.97,4.26,36.78,4.45,,,,,,,,,,,,,,,,,,,,,62.46,-,,,,,,,,,,,,,,,,,,,,,,,,,-,-,,,,,,,,,,,,,,,,,,,,,,,,,
,04-22-2015,10:19:17, Lane 1 ,Fwd,FF,,130,8,42,,3,16.31,22.09,,,,,,,,,,,,,,,,,,,,,,,38.40,-,,,,,,,,,,,,,,,,,,,,,,,,,-,-,,,,,,,,,,,,,,,,,,,,,,,,,
,04-22-2015,10:19:19, Lane 1 ,Fwd,FF,,131,3,43,,2,10.61,,,,,,,,,,,,,,,,,,,,,,,,10.61,-,,,,,,,,,,,,,,,,,,,,,,,,,-,-,,,,,,,,,,,,,,,,,,,,,,,,,
,04-22-2015,10:19:20, Lane 1 ,Fwd,FF,,132,3,43,,2,11.81,,,,,,,,,,,,,,,,,,,,,,,,11.81,-,,,,,,,,,,,,,,,,,,,,,,,,,-,-,,,,,,,,,,,,,,,,,,,,,,,,,
,04-22-2015,10:19:22, Lane 1 ,Fwd,FF,,133,2,44,,2,9.54,,,,,,,,,,,,,,,,,,,,,,,,9.54,-,,,,,,,,,,,,,,,,,,,,,,,,,-,-,,,,,,,,,,,,,,,,,,,,,,,,,
,04-22-2015,10:19:23, Lane 1 ,Fwd,FF,,134,2,43,,2,8.95,,,,,,,,,,,,,,,,,,,,,,,,8.95,-,,,,,,,,,,,,,,,,,,,,,,,,,-,-,,,,,,,,,,,,,,,,,,,,,,,,,
,04-22-2015,10:19:25, Lane 1 ,Fwd,FF,,135,2,45,,2,10.10,,,,,,,,,,,,,,,,,,,,,,,,10.10,-,,,,,,,,,,,,,,,,,,,,,,,,,-,-,,,,,,,,,,,,,,,,,,,,,,,,,
,04-22-2015,10:19:27, Lane 1 ,Fwd,FF,,136,2,45,,2,9.06,,,,,,,,,,,,,,,,,,,,,,,,9.06,-,,,,,,,,,,,,,,,,,,,,,,,,,-,-,,,,,,,,,,,,,,,,,,,,,,,,,
,04-22-2015,10:19:34, Lane 1 ,Fwd,FF,,137,2,48,,2,8.95,,,,,,,,,,,,,,,,,,,,,,,,8.95,-,,,,,,,,,,,,,,,,,,,,,,,,,-,-,,,,,,,,,,,,,,,,,,,,,,,,,
,04-22-2015,10:19:48, Lane 1 ,Fwd,FF,,138,2,56,,2,8.96,,,,,,,,,,,,,,,,,,,,,,,,8.96,-,,,,,,,,,,,,,,,,,,,,,,,,,-,-,,,,,,,,,,,,,,,,,,,,,,,,,
,04-22-2015,10:19:52, Lane 1 ,Fwd,FF,,139,2,52,,2,8.45,,,,,,,,,,,,,,,,,,,,,,,,8.45,-,,,,,,,,,,,,,,,,,,,,,,,,,-,-,,,,,,,,,,,,,,,,,,,,,,,,,
,04-22-2015,10:19:54, Lane 1 ,Fwd,FF,,140,2,49,,2,9.79,,,,,,,,,,,,,,,,,,,,,,,,9.79,-,,,,,,,,,,,,,,,,,,,,,,,,,-,-,,,,,,,,,,,,,,,,,,,,,,,,,
,04-22-2015,10:20:23, Lane 1 ,Fwd,FF,,141,3,57,,2,11.34,,,,,,,,,,,,,,,,,,,,,,,,11.34,-,,,,,,,,,,,,,,,,,,,,,,,,,-,-,,,,,,,,,,,,,,,,,,,,,,,,,
,04-22-2015,10:20:27, Lane 1 ,Fwd,FF,,142,2,54,,2,8.86,,,,,,,,,,,,,,,,,,,,,,,,8.86,-,,,,,,,,,,,,,,,,,,,,,,,,,-,-,,,,,,,,,,,,,,,,,,,,,,,,,
,04-22-2015,10:20:30, Lane 1 ,Fwd,FF,,143,2,57,,2,9.06,,,,,,,,,,,,,,,,,,,,,,,,9.06,-,,,,,,,,,,,,,,,,,,,,,,,,,-,-,,,,,,,,,,,,,,,,,,,,,,,,,
,04-22-2015,10:20:34, Lane 1 ,Fwd,FF,,144,3,43,,2,11.06,,,,,,,,,,,,,,,,,,,,,,,,11.06,-,,,,,,,,,,,,,,,,,,,,,,,,,-,-,,,,,,,,,,,,,,,,,,,,,,,,,
,04-22-2015,10:20:41, Lane 1 ,Fwd,FF,,145,3,55,,2,11.84,,,,,,,,,,,,,,,,,,,,,,,,11.84,-,,,,,,,,,,,,,,,,,,,,,,,,,-,-,,,,,,,,,,,,,,,,,,,,,,,,,
,04-22-2015,10:20:46, Lane 1 ,Fwd,FF,,146,2,45,,2,8.70,,,,,,,,,,,,,,,,,,,,,,,,8.70,-,,,,,,,,,,,,,,,,,,,,,,,,,-,-,,,,,,,,,,,,,,,,,,,,,,,,,
,04-22-2015,10:20:47, Lane 1 ,Fwd,FF,,147,2,46,,2,8.61,,,,,,,,,,,,,,,,,,,,,,,,8.61,-,,,,,,,,,,,,,,,,,,,,,,,,,-,-,,,,,,,,,,,,,,,,,,,,,,,,,
,04-22-2015,10:21:29, Lane 1 ,Fwd,FF,,148,2,45,,2,8.48,,,,,,,,,,,,,,,,,,,,,,,,8.48,-,,,,,,,,,,,,,,,,,,,,,,,,,-,-,,,,,,,,,,,,,,,,,,,,,,,,,
,04-22-2015,10:21:30, Lane 1 ,Fwd,FF,,149,2,44,,2,8.43,,,,,,,,,,,,,,,,,,,,,,,,8.43,-,,,,,,,,,,,,,,,,,,,,,,,,,-,-,,,,,,,,,,,,,,,,,,,,,,,,,
,04-22-2015,10:21:31, Lane 1 ,Fwd,FF,,150,2,42,,2,9.56,,,,,,,,,,,,,,,,,,,,,,,,9.56,-,,,,,,,,,,,,,,,,,,,,,,,,,-,-,,,,,,,,,,,,,,,,,,,,,,,,,
,04-22-2015,10:21:34, Lane 1 ,Fwd,FF,,151,5,44,,2,14.26,,,,,,,,,,,,,,,,,,,,,,,,14.26,-,,,,,,,,,,,,,,,,,,,,,,,,,-,-,,,,,,,,,,,,,,,,,,,,,,,,,
,04-22-2015,10:21:41, Lane 1 ,Fwd,FF,,152,2,42,,2,8.27,,,,,,,,,,,,,,,,,,,,,,,,8.27,-,,,,,,,,,,,,,,,,,,,,,,,,,-,-,,,,,,,,,,,,,,,,,,,,,,,,,
,04-22-2015,10:21:42, Lane 1 ,Fwd,FF,,153,2,42,,2,8.10,,,,,,,,,,,,,,,,,,,,,,,,8.10,-,,,,,,,,,,,,,,,,,,,,,,,,,-,-,,,,,,,,,,,,,,,,,,,,,,,,,
,04-22-2015,10:21:43, Lane 1 ,Fwd,FF,,154,2,42,,2,7.68,,,,,,,,,,,,,,,,,,,,,,,,7.68,-,,,,,,,,,,,,,,,,,,,,,,,,,-,-,,,,,,,,,,,,,,,,,,,,,,,,,
,04-22-2015,10:21:46, Lane 1 ,Fwd,FF,,155,2,40,,2,9.22,,,,,,,,,,,,,,,,,,,,,,,,9.22,-,,,,,,,,,,,,,,,,,,,,,,,,,-,-,,,,,,,,,,,,,,,,,,,,,,,,,
,04-22-2015,10:21:47, Lane 1 ,Fwd,FF,,156,3,38,,2,11.78,,,,,,,,,,,,,,,,,,,,,,,,11.78,-,,,,,,,,,,,,,,,,,,,,,,,,,-,-,,,,,,,,,,,,,,,,,,,,,,,,,
,04-22-2015,10:21:59, Lane 1 ,Fwd,FF,,157,3,55,,2,11.60,,,,,,,,,,,,,,,,,,,,,,,,11.60,-,,,,,,,,,,,,,,,,,,,,,,,,,-,-,,,,,,,,,,,,,,,,,,,,,,,,,
,04-22-2015,10:22:07, Lane 1 ,Fwd,FF,,158,2,47,,2,9.68,,,,,,,,,,,,,,,,,,,,,,,,9.68,-,,,,,,,,,,,,,,,,,,,,,,,,,-,-,,,,,,,,,,,,,,,,,,,,,,,,,
,04-22-2015,10:22:13, Lane 1 ,Fwd,FF,,159,5,42,,2,13.61,,,,,,,,,,,,,,,,,,,,,,,,13.61,-,,,,,,,,,,,,,,,,,,,,,,,,,-,-,,,,,,,,,,,,,,,,,,,,,,,,,
,04-22-2015,10:22:18, Lane 1 ,Fwd,FF,,160,3,51,,3,10.80,12.75,,,,,,,,,,,,,,,,,,,,,,,23.55,-,,,,,,,,,,,,,,,,,,,,,,,,,-,-,,,,,,,,,,,,,,,,,,,,,,,,,
,04-22-2015,10:22:20, Lane 1 ,Fwd,FF,,161,2,56,,2,9.71,,,,,,,,,,,,,,,,,,,,,,,,9.71,-,,,,,,,,,,,,,,,,,,,,,,,,,-,-,,,,,,,,,,,,,,,,,,,,,,,,,
,04-22-2015,10:22:25, Lane 1 ,Fwd,FF,,162,2,58,,2,9.13,,,,,,,,,,,,,,,,,,,,,,,,9.13,-,,,,,,,,,,,,,,,,,,,,,,,,,-,-,,,,,,,,,,,,,,,,,,,,,,,,,
,04-22-2015,10:23:20, Lane 1 ,Fwd,FF,,163,2,52,,2,8.71,,,,,,,,,,,,,,,,,,,,,,,,8.71,-,,,,,,,,,,,,,,,,,,,,,,,,,-,-,,,,,,,,,,,,,,,,,,,,,,,,,
,04-22-2015,10:23:21, Lane 1 ,Fwd,FF,,164,2,54,,2,9.95,,,,,,,,,,,,,,,,,,,,,,,,9.95,-,,,,,,,,,,,,,,,,,,,,,,,,,-,-,,,,,,,,,,,,,,,,,,,,,,,,,
,04-22-2015,10:23:23, Lane 1 ,Fwd,FF,,165,2,55,,2,8.46,,,,,,,,,,,,,,,,,,,,,,,,8.46,-,,,,,,,,,,,,,,,,,,,,,,,,,-,-,,,,,,,,,,,,,,,,,,,,,,,,,
,04-22-2015,10:23:38, Lane 1 ,Fwd,FF,,166,3,44,,2,11.81,,,,,,,,,,,,,,,,,,,,,,,,11.81,-,,,,,,,,,,,,,,,,,,,,,,,,,-,-,,,,,,,,,,,,,,,,,,,,,,,,,
,04-22-2015,10:23:55, Lane 1 ,Fwd,FF,,167,9,37,,5,13.86,31.13,2.74,2.74,,,,,,,,,,,,,,,,,,,,,50.47,-,,,,,,,,,,,,,,,,,,,,,,,,,-,-,,,,,,,,,,,,,,,,,,,,,,,,,
,04-22-2015,10:24:03, Lane 1 ,Fwd,FF,,168,2,47,,2,8.66,,,,,,,,,,,,,,,,,,,,,,,,8.66,-,,,,,,,,,,,,,,,,,,,,,,,,,-,-,,,,,,,,,,,,,,,,,,,,,,,,,
,04-22-2015,10:24:05, Lane 1 ,Fwd,FF,,169,3,47,,2,11.80,,,,,,,,,,,,,,,,,,,,,,,,11.80,-,,,,,,,,,,,,,,,,,,,,,,,,,-,-,,,,,,,,,,,,,,,,,,,,,,,,,
,04-22-2015,10:24:06, Lane 1 ,Fwd,FF,,170,2,48,,2,8.88,,,,,,,,,,,,,,,,,,,,,,,,8.88,-,,,,,,,,,,,,,,,,,,,,,,,,,-,-,,,,,,,,,,,,,,,,,,,,,,,,,
,04-22-2015,10:24:13, Lane 1 ,Fwd,FF,,171,9,42,,5,13.84,4.23,25.78,3.92,,,,,,,,,,,,,,,,,,,,,47.77,-,,,,,,,,,,,,,,,,,,,,,,,,,-,-,,,,,,,,,,,,,,,,,,,,,,,,,
,04-22-2015,10:24:16, Lane 1 ,Fwd,FF,,172,2,45,,2,9.46,,,,,,,,,,,,,,,,,,,,,,,,9.46,-,,,,,,,,,,,,,,,,,,,,,,,,,-,-,,,,,,,,,,,,,,,,,,,,,,,,,
,04-22-2015,10:24:19, Lane 1 ,Fwd,FF,,173,2,40,,2,9.84,,,,,,,,,,,,,,,,,,,,,,,,9.84,-,,,,,,,,,,,,,,,,,,,,,,,,,-,-,,,,,,,,,,,,,,,,,,,,,,,,,
,04-22-2015,10:24:24, Lane 1 ,Fwd,FF,,174,2,49,,2,9.48,,,,,,,,,,,,,,,,,,,,,,,,9.48,-,,,,,,,,,,,,,,,,,,,,,,,,,-,-,,,,,,,,,,,,,,,,,,,,,,,,,
,04-22-2015,10:24:38, Lane 1 ,Fwd,FF,,175,2,49,,2,8.69,,,,,,,,,,,,,,,,,,,,,,,,8.69,-,,,,,,,,,,,,,,,,,,,,,,,,,-,-,,,,,,,,,,,,,,,,,,,,,,,,,
,04-22-2015,10:24:43, Lane 1 ,Fwd,FF,,176,2,46,,2,8.38,,,,,,,,,,,,,,,,,,,,,,,,8.38,-,,,,,,,,,,,,,,,,,,,,,,,,,-,-,,,,,,,,,,,,,,,,,,,,,,,,,
,04-22-2015,10:25:02, Lane 1 ,Fwd,FF,,177,2,53,,2,8.46,,,,,,,,,,,,,,,,,,,,,,,,8.46,-,,,,,,,,,,,,,,,,,,,,,,,,,-,-,,,,,,,,,,,,,,,,,,,,,,,,,
,04-22-2015,10:25:04, Lane 1 ,Fwd,FF,,178,2,50,,2,9.16,,,,,,,,,,,,,,,,,,,,,,,,9.16,-,,,,,,,,,,,,,,,,,,,,,,,,,-,-,,,,,,,,,,,,,,,,,,,,,,,,,
,04-22-2015,10:25:05, Lane 1 ,Fwd,FF,,179,3,47,,2,12.07,,,,,,,,,,,,,,,,,,,,,,,,12.07,-,,,,,,,,,,,,,,,,,,,,,,,,,-,-,,,,,,,,,,,,,,,,,,,,,,,,,
,04-22-2015,10:25:06, Lane 1 ,Fwd,FF,,180,2,46,,2,8.82,,,,,,,,,,,,,,,,,,,,,,,,8.82,-,,,,,,,,,,,,,,,,,,,,,,,,,-,-,,,,,,,,,,,,,,,,,,,,,,,,,
,04-22-2015,10:25:10, Lane 1 ,Fwd,FF,,181,2,49,,2,9.06,,,,,,,,,,,,,,,,,,,,,,,,9.06,-,,,,,,,,,,,,,,,,,,,,,,,,,-,-,,,,,,,,,,,,,,,,,,,,,,,,,
,04-22-2015,10:25:16, Lane 1 ,Fwd,FF,,182,2,53,,2,9.74,,,,,,,,,,,,,,,,,,,,,,,,9.74,-,,,,,,,,,,,,,,,,,,,,,,,,,-,-,,,,,,,,,,,,,,,,,,,,,,,,,
,04-22-2015,10:25:19, Lane 1 ,Fwd,FF,,183,2,53,,2,8.75,,,,,,,,,,,,,,,,,,,,,,,,8.75,-,,,,,,,,,,,,,,,,,,,,,,,,,-,-,,,,,,,,,,,,,,,,,,,,,,,,,
,04-22-2015,10:25:23, Lane 1 ,Fwd,FF,,184,2,49,,2,9.71,,,,,,,,,,,,,,,,,,,,,,,,9.71,-,,,,,,,,,,,,,,,,,,,,,,,,,-,-,,,,,,,,,,,,,,,,,,,,,,,,,
,04-22-2015,10:25:56, Lane 1 ,Fwd,FF,,185,9,43,,5,11.06,15.50,2.94,3.06,,,,,,,,,,,,,,,,,,,,,32.56,-,,,,,,,,,,,,,,,,,,,,,,,,,-,-,,,,,,,,,,,,,,,,,,,,,,,,,
,04-22-2015,10:26:00, Lane 1 ,Fwd,FF,,186,2,42,,2,9.73,,,,,,,,,,,,,,,,,,,,,,,,9.73,-,,,,,,,,,,,,,,,,,,,,,,,,,-,-,,,,,,,,,,,,,,,,,,,,,,,,,
,04-22-2015,10:26:01, Lane 1 ,Fwd,FF,,187,2,37,,4,8.66,32.67,10.33,,,,,,,,,,,,,,,,,,,,,,51.66,-,,,,,,,,,,,,,,,,,,,,,,,,,-,-,,,,,,,,,,,,,,,,,,,,,,,,,
,04-22-2015,10:26:03, Lane 1 ,Fwd,FF,,188,2,34,,2,8.81,,,,,,,,,,,,,,,,,,,,,,,,8.81,-,,,,,,,,,,,,,,,,,,,,,,,,,-,-,,,,,,,,,,,,,,,,,,,,,,,,,
,04-22-2015,10:26:05, Lane 1 ,Fwd,FF,,189,2,35,,2,8.85,,,,,,,,,,,,,,,,,,,,,,,,8.85,-,,,,,,,,,,,,,,,,,,,,,,,,,-,-,,,,,,,,,,,,,,,,,,,,,,,,,
,04-22-2015,10:26:07, Lane 1 ,Fwd,FF,,190,2,36,,2,8.53,,,,,,,,,,,,,,,,,,,,,,,,8.53,-,,,,,,,,,,,,,,,,,,,,,,,,,-,-,,,,,,,,,,,,,,,,,,,,,,,,,
,04-22-2015,10:26:10, Lane 1 ,Fwd,FF,,191,2,39,,2,8.73,,,,,,,,,,,,,,,,,,,,,,,,8.73,-,,,,,,,,,,,,,,,,,,,,,,,,,-,-,,,,,,,,,,,,,,,,,,,,,,,,,
,04-22-2015,10:26:17, Lane 1 ,Fwd,FF,,192,4,39,,2,22.04,,,,,,,,,,,,,,,,,,,,,,,,22.04,-,,,,,,,,,,,,,,,,,,,,,,,,,-,-,,,,,,,,,,,,,,,,,,,,,,,,,
,04-22-2015,10:26:19, Lane 1 ,Fwd,FF,,193,2,44,,2,9.11,,,,,,,,,,,,,,,,,,,,,,,,9.11,-,,,,,,,,,,,,,,,,,,,,,,,,,-,-,,,,,,,,,,,,,,,,,,,,,,,,,
,04-22-2015,10:26:26, Lane 1 ,Fwd,FF,,194,2,62,,2,8.73,,,,,,,,,,,,,,,,,,,,,,,,8.73,-,,,,,,,,,,,,,,,,,,,,,,,,,-,-,,,,,,,,,,,,,,,,,,,,,,,,,
,04-22-2015,10:26:29, Lane 1 ,Fwd,FF,,195,3,61,,2,12.54,,,,,,,,,,,,,,,,,,,,,,,,12.54,-,,,,,,,,,,,,,,,,,,,,,,,,,-,-,,,,,,,,,,,,,,,,,,,,,,,,,
,04-22-2015,10:26:31, Lane 1 ,Fwd,FF,,196,2,62,,2,8.84,,,,,,,,,,,,,,,,,,,,,,,,8.84,-,,,,,,,,,,,,,,,,,,,,,,,,,-,-,,,,,,,,,,,,,,,,,,,,,,,,,
,04-22-2015,10:26:41, Lane 1 ,Fwd,FF,,197,3,57,,2,10.83,,,,,,,,,,,,,,,,,,,,,,,,10.83,-,,,,,,,,,,,,,,,,,,,,,,,,,-,-,,,,,,,,,,,,,,,,,,,,,,,,,
,04-22-2015,10:27:17, Lane 1 ,Fwd,FF,,198,2,56,,2,9.44,,,,,,,,,,,,,,,,,,,,,,,,9.44,-,,,,,,,,,,,,,,,,,,,,,,,,,-,-,,,,,,,,,,,,,,,,,,,,,,,,,
,04-22-2015,10:27:41, Lane 1 ,Fwd,FF,,199,3,46,,2,11.05,,,,,,,,,,,,,,,,,,,,,,,,11.05,-,,,,,,,,,,,,,,,,,,,,,,,,,-,-,,,,,,,,,,,,,,,,,,,,,,,,,
,04-22-2015,10:27:44, Lane 1 ,Fwd,FF,,200,2,58,,2,8.79,,,,,,,,,,,,,,,,,,,,,,,,8.79,-,,,,,,,,,,,,,,,,,,,,,,,,,-,-,,,,,,,,,,,,,,,,,,,,,,,,,
,04-22-2015,10:28:43, Lane 1 ,Fwd,FF,,201,2,62,,2,9.09,,,,,,,,,,,,,,,,,,,,,,,,9.09,-,,,,,,,,,,,,,,,,,,,,,,,,,-,-,,,,,,,,,,,,,,,,,,,,,,,,,
,04-22-2015,10:28:48, Lane 1 ,Fwd,FF,,202,2,59,,2,8.12,,,,,,,,,,,,,,,,,,,,,,,,8.12,-,,,,,,,,,,,,,,,,,,,,,,,,,-,-,,,,,,,,,,,,,,,,,,,,,,,,,
,04-22-2015,10:28:50, Lane 1 ,Fwd,FF,,203,2,61,,2,9.16,,,,,,,,,,,,,,,,,,,,,,,,9.16,-,,,,,,,,,,,,,,,,,,,,,,,,,-,-,,,,,,,,,,,,,,,,,,,,,,,,,
,04-22-2015,10:28:51, Lane 1 ,Fwd,FF,,204,2,63,,2,8.40,,,,,,,,,,,,,,,,,,,,,,,,8.40,-,,,,,,,,,,,,,,,,,,,,,,,,,-,-,,,,,,,,,,,,,,,,,,,,,,,,,
,04-22-2015,10:28:57, Lane 1 ,Fwd,FF,,205,6,63,,3,17.41,4.22,,,,,,,,,,,,,,,,,,,,,,,21.63,-,,,,,,,,,,,,,,,,,,,,,,,,,-,-,,,,,,,,,,,,,,,,,,,,,,,,,
,04-22-2015,10:29:00, Lane 1 ,Fwd,FF,,206,2,61,,2,9.13,,,,,,,,,,,,,,,,,,,,,,,,9.13,-,,,,,,,,,,,,,,,,,,,,,,,,,-,-,,,,,,,,,,,,,,,,,,,,,,,,,
,04-22-2015,10:29:02, Lane 1 ,Fwd,FF,,207,2,58,,2,8.83,,,,,,,,,,,,,,,,,,,,,,,,8.83,-,,,,,,,,,,,,,,,,,,,,,,,,,-,-,,,,,,,,,,,,,,,,,,,,,,,,,
,04-22-2015,10:29:03, Lane 1 ,Fwd,FF,,208,2,58,,2,8.68,,,,,,,,,,,,,,,,,,,,,,,,8.68,-,,,,,,,,,,,,,,,,,,,,,,,,,-,-,,,,,,,,,,,,,,,,,,,,,,,,,
,04-22-2015,10:29:04, Lane 1 ,Fwd,FF,,209,3,58,,2,11.49,,,,,,,,,,,,,,,,,,,,,,,,11.49,-,,,,,,,,,,,,,,,,,,,,,,,,,-,-,,,,,,,,,,,,,,,,,,,,,,,,,
,04-22-2015,10:29:18, Lane 1 ,Fwd,FF,,210,2,53,,2,9.51,,,,,,,,,,,,,,,,,,,,,,,,9.51,-,,,,,,,,,,,,,,,,,,,,,,,,,-,-,,,,,,,,,,,,,,,,,,,,,,,,,
,04-22-2015,10:29:21, Lane 1 ,Fwd,FF,,211,2,59,,2,9.74,,,,,,,,,,,,,,,,,,,,,,,,9.74,-,,,,,,,,,,,,,,,,,,,,,,,,,-,-,,,,,,,,,,,,,,,,,,,,,,,,,
,04-22-2015,10:29:33, Lane 1 ,Fwd,FF,,212,2,65,,2,8.38,,,,,,,,,,,,,,,,,,,,,,,,8.38,-,,,,,,,,,,,,,,,,,,,,,,,,,-,-,,,,,,,,,,,,,,,,,,,,,,,,,
,04-22-2015,10:29:38, Lane 1 ,Fwd,FF,,213,2,64,,2,8.44,,,,,,,,,,,,,,,,,,,,,,,,8.44,-,,,,,,,,,,,,,,,,,,,,,,,,,-,-,,,,,,,,,,,,,,,,,,,,,,,,,
,04-22-2015,10:30:13, Lane 1 ,Fwd,FF,,214,3,47,,3,11.90,15.95,,,,,,,,,,,,,,,,,,,,,,,27.85,-,,,,,,,,,,,,,,,,,,,,,,,,,-,-,,,,,,,,,,,,,,,,,,,,,,,,,
,04-22-2015,10:30:16, Lane 1 ,Fwd,FF,,215,2,56,,2,8.98,,,,,,,,,,,,,,,,,,,,,,,,8.98,-,,,,,,,,,,,,,,,,,,,,,,,,,-,-,,,,,,,,,,,,,,,,,,,,,,,,,
,04-22-2015,10:30:18, Lane 1 ,Fwd,FF,,216,3,55,,2,10.24,,,,,,,,,,,,,,,,,,,,,,,,10.24,-,,,,,,,,,,,,,,,,,,,,,,,,,-,-,,,,,,,,,,,,,,,,,,,,,,,,,
,04-22-2015,10:30:22, Lane 1 ,Fwd,FF,,217,2,52,,2,8.53,,,,,,,,,,,,,,,,,,,,,,,,8.53,-,,,,,,,,,,,,,,,,,,,,,,,,,-,-,,,,,,,,,,,,,,,,,,,,,,,,,
,04-22-2015,10:30:24, Lane 1 ,Fwd,FF,,218,2,55,,2,9.28,,,,,,,,,,,,,,,,,,,,,,,,9.28,-,,,,,,,,,,,,,,,,,,,,,,,,,-,-,,,,,,,,,,,,,,,,,,,,,,,,,
,04-22-2015,10:30:25, Lane 1 ,Fwd,FF,,219,2,54,,2,8.08,,,,,,,,,,,,,,,,,,,,,,,,8.08,-,,,,,,,,,,,,,,,,,,,,,,,,,-,-,,,,,,,,,,,,,,,,,,,,,,,,,
,04-22-2015,10:30:26, Lane 1 ,Fwd,FF,,220,2,52,,2,8.48,,,,,,,,,,,,,,,,,,,,,,,,8.48,-,,,,,,,,,,,,,,,,,,,,,,,,,-,-,,,,,,,,,,,,,,,,,,,,,,,,,
,04-22-2015,10:30:27, Lane 1 ,Fwd,FF,,221,2,49,,2,9.22,,,,,,,,,,,,,,,,,,,,,,,,9.22,-,,,,,,,,,,,,,,,,,,,,,,,,,-,-,,,,,,,,,,,,,,,,,,,,,,,,,
,04-22-2015,10:30:59, Lane 1 ,Fwd,FF,,222,2,60,,2,8.74,,,,,,,,,,,,,,,,,,,,,,,,8.74,-,,,,,,,,,,,,,,,,,,,,,,,,,-,-,,,,,,,,,,,,,,,,,,,,,,,,,
,04-22-2015,10:31:00, Lane 1 ,Fwd,FF,,223,3,59,,2,11.31,,,,,,,,,,,,,,,,,,,,,,,,11.31,-,,,,,,,,,,,,,,,,,,,,,,,,,-,-,,,,,,,,,,,,,,,,,,,,,,,,,
,04-22-2015,10:31:52, Lane 1 ,Fwd,FF,,224,6,62,,3,15.73,4.18,,,,,,,,,,,,,,,,,,,,,,,19.91,-,,,,,,,,,,,,,,,,,,,,,,,,,-,-,,,,,,,,,,,,,,,,,,,,,,,,,
,04-22-2015,10:31:55, Lane 1 ,Fwd,FF,,225,5,59,,2,13.56,,,,,,,,,,,,,,,,,,,,,,,,13.56,-,,,,,,,,,,,,,,,,,,,,,,,,,-,-,,,,,,,,,,,,,,,,,,,,,,,,,
,04-22-2015,10:31:56, Lane 1 ,Fwd,FF,,226,2,60,,2,8.50,,,,,,,,,,,,,,,,,,,,,,,,8.50,-,,,,,,,,,,,,,,,,,,,,,,,,,-,-,,,,,,,,,,,,,,,,,,,,,,,,,
,04-22-2015,10:32:02, Lane 1 ,Fwd,FF,,227,3,59,,2,11.83,,,,,,,,,,,,,,,,,,,,,,,,11.83,-,,,,,,,,,,,,,,,,,,,,,,,,,-,-,,,,,,,,,,,,,,,,,,,,,,,,,
,04-22-2015,10:32:03, Lane 1 ,Fwd,FF,,228,5,58,,2,14.32,,,,,,,,,,,,,,,,,,,,,,,,14.32,-,,,,,,,,,,,,,,,,,,,,,,,,,-,-,,,,,,,,,,,,,,,,,,,,,,,,,
,04-22-2015,10:32:32, Lane 1 ,Rev,FF,,229,2,48,,2,9.00,,,,,,,,,,,,,,,,,,,,,,,,9.00,-,,,,,,,,,,,,,,,,,,,,,,,,,-,-,,,,,,,,,,,,,,,,,,,,,,,,,
,04-22-2015,10:32:35, Lane 1 ,Fwd,FF,,230,2,54,,2,9.16,,,,,,,,,,,,,,,,,,,,,,,,9.16,-,,,,,,,,,,,,,,,,,,,,,,,,,-,-,,,,,,,,,,,,,,,,,,,,,,,,,
,04-22-2015,10:32:39, Lane 1 ,Fwd,FF,,231,2,64,,2,8.72,,,,,,,,,,,,,,,,,,,,,,,,8.72,-,,,,,,,,,,,,,,,,,,,,,,,,,-,-,,,,,,,,,,,,,,,,,,,,,,,,,
,04-22-2015,10:32:48, Lane 1 ,Fwd,FF,,232,2,54,,2,8.82,,,,,,,,,,,,,,,,,,,,,,,,8.82,-,,,,,,,,,,,,,,,,,,,,,,,,,-,-,,,,,,,,,,,,,,,,,,,,,,,,,
,04-22-2015,10:32:54, Lane 1 ,Fwd,FF,,233,2,56,,2,9.69,,,,,,,,,,,,,,,,,,,,,,,,9.69,-,,,,,,,,,,,,,,,,,,,,,,,,,-,-,,,,,,,,,,,,,,,,,,,,,,,,,
,04-22-2015,10:32:56, Lane 1 ,Fwd,FF,,234,2,57,,2,8.23,,,,,,,,,,,,,,,,,,,,,,,,8.23,-,,,,,,,,,,,,,,,,,,,,,,,,,-,-,,,,,,,,,,,,,,,,,,,,,,,,,
,04-22-2015,10:33:06, Lane 1 ,Fwd,FF,,235,3,58,,2,11.32,,,,,,,,,,,,,,,,,,,,,,,,11.32,-,,,,,,,,,,,,,,,,,,,,,,,,,-,-,,,,,,,,,,,,,,,,,,,,,,,,,
,04-22-2015,10:33:36, Lane 1 ,Fwd,FF,,236,2,54,,2,8.23,,,,,,,,,,,,,,,,,,,,,,,,8.23,-,,,,,,,,,,,,,,,,,,,,,,,,,-,-,,,,,,,,,,,,,,,,,,,,,,,,,
,04-22-2015,10:33:47, Lane 1 ,Fwd,FF,,237,9,54,,5,14.27,29.10,2.98,3.06,,,,,,,,,,,,,,,,,,,,,49.41,-,,,,,,,,,,,,,,,,,,,,,,,,,-,-,,,,,,,,,,,,,,,,,,,,,,,,,
,04-22-2015,10:33:50, Lane 1 ,Fwd,FF,,238,2,56,,2,9.47,,,,,,,,,,,,,,,,,,,,,,,,9.47,-,,,,,,,,,,,,,,,,,,,,,,,,,-,-,,,,,,,,,,,,,,,,,,,,,,,,,
,04-22-2015,10:33:51, Lane 1 ,Fwd,FF,,239,2,55,,2,8.94,,,,,,,,,,,,,,,,,,,,,,,,8.94,-,,,,,,,,,,,,,,,,,,,,,,,,,-,-,,,,,,,,,,,,,,,,,,,,,,,,,
,04-22-2015,10:33:54, Lane 1 ,Fwd,FF,,240,2,55,,2,9.89,,,,,,,,,,,,,,,,,,,,,,,,9.89,-,,,,,,,,,,,,,,,,,,,,,,,,,-,-,,,,,,,,,,,,,,,,,,,,,,,,,
,04-22-2015,10:34:02, Lane 1 ,Fwd,FF,,241,2,60,,2,8.76,,,,,,,,,,,,,,,,,,,,,,,,8.76,-,,,,,,,,,,,,,,,,,,,,,,,,,-,-,,,,,,,,,,,,,,,,,,,,,,,,,
,04-22-2015,10:34:15, Lane 1 ,Fwd,FF,,242,2,59,,2,8.44,,,,,,,,,,,,,,,,,,,,,,,,8.44,-,,,,,,,,,,,,,,,,,,,,,,,,,-,-,,,,,,,,,,,,,,,,,,,,,,,,,
,04-22-2015,10:34:17, Lane 1 ,Fwd,FF,,243,2,60,,2,9.02,,,,,,,,,,,,,,,,,,,,,,,,9.02,-,,,,,,,,,,,,,,,,,,,,,,,,,-,-,,,,,,,,,,,,,,,,,,,,,,,,,
,04-22-2015,10:34:21, Lane 1 ,Fwd,FF,,244,2,56,,2,8.47,,,,,,,,,,,,,,,,,,,,,,,,8.47,-,,,,,,,,,,,,,,,,,,,,,,,,,-,-,,,,,,,,,,,,,,,,,,,,,,,,,
,04-22-2015,10:34:27, Lane 1 ,Fwd,FF,,245,3,56,,2,11.01,,,,,,,,,,,,,,,,,,,,,,,,11.01,-,,,,,,,,,,,,,,,,,,,,,,,,,-,-,,,,,,,,,,,,,,,,,,,,,,,,,
,04-22-2015,10:34:30, Lane 1 ,Fwd,FF,,246,2,62,,2,9.38,,,,,,,,,,,,,,,,,,,,,,,,9.38,-,,,,,,,,,,,,,,,,,,,,,,,,,-,-,,,,,,,,,,,,,,,,,,,,,,,,,
,04-22-2015,10:34:36, Lane 1 ,Fwd,FF,,247,2,57,,2,9.42,,,,,,,,,,,,,,,,,,,,,,,,9.42,-,,,,,,,,,,,,,,,,,,,,,,,,,-,-,,,,,,,,,,,,,,,,,,,,,,,,,
,04-22-2015,10:35:12, Lane 1 ,Fwd,FF,,248,3,58,,2,10.65,,,,,,,,,,,,,,,,,,,,,,,,10.65,-,,,,,,,,,,,,,,,,,,,,,,,,,-,-,,,,,,,,,,,,,,,,,,,,,,,,,
,04-22-2015,10:35:54, Lane 1 ,Fwd,FF,,249,3,63,,2,11.45,,,,,,,,,,,,,,,,,,,,,,,,11.45,-,,,,,,,,,,,,,,,,,,,,,,,,,-,-,,,,,,,,,,,,,,,,,,,,,,,,,
,04-22-2015,10:35:56, Lane 1 ,Fwd,FF,,250,2,61,,2,9.13,,,,,,,,,,,,,,,,,,,,,,,,9.13,-,,,,,,,,,,,,,,,,,,,,,,,,,-,-,,,,,,,,,,,,,,,,,,,,,,,,,
,04-22-2015,10:35:59, Lane 1 ,Fwd,FF,,251,2,59,,2,8.52,,,,,,,,,,,,,,,,,,,,,,,,8.52,-,,,,,,,,,,,,,,,,,,,,,,,,,-,-,,,,,,,,,,,,,,,,,,,,,,,,,
,04-22-2015,10:36:00, Lane 1 ,Fwd,FF,,252,2,61,,2,8.06,,,,,,,,,,,,,,,,,,,,,,,,8.06,-,,,,,,,,,,,,,,,,,,,,,,,,,-,-,,,,,,,,,,,,,,,,,,,,,,,,,
,04-22-2015,10:36:49, Lane 1 ,Fwd,FF,,253,2,63,,2,9.14,,,,,,,,,,,,,,,,,,,,,,,,9.14,-,,,,,,,,,,,,,,,,,,,,,,,,,-,-,,,,,,,,,,,,,,,,,,,,,,,,,
,04-22-2015,10:37:58, Lane 1 ,Fwd,FF,,254,2,64,,2,8.69,,,,,,,,,,,,,,,,,,,,,,,,8.69,-,,,,,,,,,,,,,,,,,,,,,,,,,-,-,,,,,,,,,,,,,,,,,,,,,,,,,
,04-22-2015,10:37:59, Lane 1 ,Fwd,FF,,255,2,66,,2,8.54,,,,,,,,,,,,,,,,,,,,,,,,8.54,-,,,,,,,,,,,,,,,,,,,,,,,,,-,-,,,,,,,,,,,,,,,,,,,,,,,,,
,04-22-2015,10:38:11, Lane 1 ,Fwd,FF,,256,2,56,,2,8.94,,,,,,,,,,,,,,,,,,,,,,,,8.94,-,,,,,,,,,,,,,,,,,,,,,,,,,-,-,,,,,,,,,,,,,,,,,,,,,,,,,
,04-22-2015,10:38:13, Lane 1 ,Fwd,FF,,257,2,54,,2,9.24,,,,,,,,,,,,,,,,,,,,,,,,9.24,-,,,,,,,,,,,,,,,,,,,,,,,,,-,-,,,,,,,,,,,,,,,,,,,,,,,,,
,04-22-2015,10:38:19, Lane 1 ,Fwd,FF,,258,2,53,,2,8.39,,,,,,,,,,,,,,,,,,,,,,,,8.39,-,,,,,,,,,,,,,,,,,,,,,,,,,-,-,,,,,,,,,,,,,,,,,,,,,,,,,
,04-22-2015,10:38:22, Lane 1 ,Fwd,FF,,259,2,53,,2,8.88,,,,,,,,,,,,,,,,,,,,,,,,8.88,-,,,,,,,,,,,,,,,,,,,,,,,,,-,-,,,,,,,,,,,,,,,,,,,,,,,,,
,04-22-2015,10:38:25, Lane 1 ,Fwd,FF,,260,2,52,,2,8.79,,,,,,,,,,,,,,,,,,,,,,,,8.79,-,,,,,,,,,,,,,,,,,,,,,,,,,-,-,,,,,,,,,,,,,,,,,,,,,,,,,
,04-22-2015,10:39:01, Lane 1 ,Fwd,FF,,261,2,62,,2,8.66,,,,,,,,,,,,,,,,,,,,,,,,8.66,-,,,,,,,,,,,,,,,,,,,,,,,,,-,-,,,,,,,,,,,,,,,,,,,,,,,,,
,04-22-2015,10:39:11, Lane 1 ,Fwd,FF,,262,3,67,,2,12.99,,,,,,,,,,,,,,,,,,,,,,,,12.99,-,,,,,,,,,,,,,,,,,,,,,,,,,-,-,,,,,,,,,,,,,,,,,,,,,,,,,
,04-22-2015,10:39:20, Lane 1 ,Fwd,FF,,263,5,57,,2,15.17,,,,,,,,,,,,,,,,,,,,,,,,15.17,-,,,,,,,,,,,,,,,,,,,,,,,,,-,-,,,,,,,,,,,,,,,,,,,,,,,,,
,04-22-2015,10:39:21, Lane 1 ,Fwd,FF,,264,2,64,,2,8.91,,,,,,,,,,,,,,,,,,,,,,,,8.91,-,,,,,,,,,,,,,,,,,,,,,,,,,-,-,,,,,,,,,,,,,,,,,,,,,,,,,
,04-22-2015,10:39:26, Lane 1 ,Fwd,FF,,265,3,63,,2,11.82,,,,,,,,,,,,,,,,,,,,,,,,11.82,-,,,,,,,,,,,,,,,,,,,,,,,,,-,-,,,,,,,,,,,,,,,,,,,,,,,,,
,04-22-2015,10:39:38, Lane 1 ,Fwd,FF,,266,3,60,,3,12.79,13.40,,,,,,,,,,,,,,,,,,,,,,,26.19,-,,,,,,,,,,,,,,,,,,,,,,,,,-,-,,,,,,,,,,,,,,,,,,,,,,,,,
,04-22-2015,10:39:45, Lane 1 ,Fwd,FF,,267,2,58,,2,9.80,,,,,,,,,,,,,,,,,,,,,,,,9.80,-,,,,,,,,,,,,,,,,,,,,,,,,,-,-,,,,,,,,,,,,,,,,,,,,,,,,,
,04-22-2015,10:39:46, Lane 1 ,Fwd,FF,,268,2,59,,2,8.81,,,,,,,,,,,,,,,,,,,,,,,,8.81,-,,,,,,,,,,,,,,,,,,,,,,,,,-,-,,,,,,,,,,,,,,,,,,,,,,,,,
,04-22-2015,10:39:48, Lane 1 ,Fwd,FF,,269,2,58,,2,8.45,,,,,,,,,,,,,,,,,,,,,,,,8.45,-,,,,,,,,,,,,,,,,,,,,,,,,,-,-,,,,,,,,,,,,,,,,,,,,,,,,,
,04-22-2015,10:39:51, Lane 1 ,Fwd,FF,,270,2,59,,2,9.15,,,,,,,,,,,,,,,,,,,,,,,,9.15,-,,,,,,,,,,,,,,,,,,,,,,,,,-,-,,,,,,,,,,,,,,,,,,,,,,,,,
,04-22-2015,10:40:30, Lane 1 ,Fwd,FF,,271,2,62,,2,9.00,,,,,,,,,,,,,,,,,,,,,,,,9.00,-,,,,,,,,,,,,,,,,,,,,,,,,,-,-,,,,,,,,,,,,,,,,,,,,,,,,,
,04-22-2015,10:40:34, Lane 1 ,Fwd,FF,,272,3,69,,2,11.90,,,,,,,,,,,,,,,,,,,,,,,,11.90,-,,,,,,,,,,,,,,,,,,,,,,,,,-,-,,,,,,,,,,,,,,,,,,,,,,,,,
,04-22-2015,10:41:03, Lane 1 ,Fwd,FF,,273,2,49,,2,8.77,,,,,,,,,,,,,,,,,,,,,,,,8.77,-,,,,,,,,,,,,,,,,,,,,,,,,,-,-,,,,,,,,,,,,,,,,,,,,,,,,,
,04-22-2015,10:41:04, Lane 1 ,Fwd,FF,,274,2,48,,2,8.68,,,,,,,,,,,,,,,,,,,,,,,,8.68,-,,,,,,,,,,,,,,,,,,,,,,,,,-,-,,,,,,,,,,,,,,,,,,,,,,,,,
,04-22-2015,10:41:05, Lane 1 ,Fwd,FF,,275,2,48,,2,8.95,,,,,,,,,,,,,,,,,,,,,,,,8.95,-,,,,,,,,,,,,,,,,,,,,,,,,,-,-,,,,,,,,,,,,,,,,,,,,,,,,,
,04-22-2015,10:41:07, Lane 1 ,Fwd,FF,,276,2,48,,2,9.19,,,,,,,,,,,,,,,,,,,,,,,,9.19,-,,,,,,,,,,,,,,,,,,,,,,,,,-,-,,,,,,,,,,,,,,,,,,,,,,,,,
,04-22-2015,10:41:24, Lane 1 ,Fwd,FF,,277,3,59,,2,10.96,,,,,,,,,,,,,,,,,,,,,,,,10.96,-,,,,,,,,,,,,,,,,,,,,,,,,,-,-,,,,,,,,,,,,,,,,,,,,,,,,,
,04-22-2015,10:41:25, Lane 1 ,Fwd,FF,,278,2,63,,2,8.70,,,,,,,,,,,,,,,,,,,,,,,,8.70,-,,,,,,,,,,,,,,,,,,,,,,,,,-,-,,,,,,,,,,,,,,,,,,,,,,,,,
,04-22-2015,10:42:03, Lane 1 ,Fwd,FF,,279,2,62,,2,8.48,,,,,,,,,,,,,,,,,,,,,,,,8.48,-,,,,,,,,,,,,,,,,,,,,,,,,,-,-,,,,,,,,,,,,,,,,,,,,,,,,,
,04-22-2015,10:42:12, Lane 1 ,Fwd,FF,,280,2,58,,2,9.89,,,,,,,,,,,,,,,,,,,,,,,,9.89,-,,,,,,,,,,,,,,,,,,,,,,,,,-,-,,,,,,,,,,,,,,,,,,,,,,,,,
,04-22-2015,10:42:13, Lane 1 ,Fwd,FF,,281,2,62,,2,9.92,,,,,,,,,,,,,,,,,,,,,,,,9.92,-,,,,,,,,,,,,,,,,,,,,,,,,,-,-,,,,,,,,,,,,,,,,,,,,,,,,,
,04-22-2015,10:42:16, Lane 1 ,Fwd,FF,,282,2,62,,2,9.27,,,,,,,,,,,,,,,,,,,,,,,,9.27,-,,,,,,,,,,,,,,,,,,,,,,,,,-,-,,,,,,,,,,,,,,,,,,,,,,,,,
,04-22-2015,10:42:18, Lane 1 ,Fwd,FF,,283,2,63,,2,8.89,,,,,,,,,,,,,,,,,,,,,,,,8.89,-,,,,,,,,,,,,,,,,,,,,,,,,,-,-,,,,,,,,,,,,,,,,,,,,,,,,,
,04-22-2015,10:42:21, Lane 1 ,Fwd,FF,,284,2,62,,2,9.36,,,,,,,,,,,,,,,,,,,,,,,,9.36,-,,,,,,,,,,,,,,,,,,,,,,,,,-,-,,,,,,,,,,,,,,,,,,,,,,,,,
,04-22-2015,10:42:36, Lane 1 ,Fwd,FF,,285,3,60,,2,11.13,,,,,,,,,,,,,,,,,,,,,,,,11.13,-,,,,,,,,,,,,,,,,,,,,,,,,,-,-,,,,,,,,,,,,,,,,,,,,,,,,,
,04-22-2015,10:43:43, Lane 1 ,Fwd,FF,,286,2,65,,2,8.95,,,,,,,,,,,,,,,,,,,,,,,,8.95,-,,,,,,,,,,,,,,,,,,,,,,,,,-,-,,,,,,,,,,,,,,,,,,,,,,,,,
,04-22-2015,10:43:50, Lane 1 ,Fwd,FF,,287,2,67,,2,8.49,,,,,,,,,,,,,,,,,,,,,,,,8.49,-,,,,,,,,,,,,,,,,,,,,,,,,,-,-,,,,,,,,,,,,,,,,,,,,,,,,,
,04-22-2015,10:44:08, Lane 1 ,Fwd,FF,,288,2,54,,2,8.90,,,,,,,,,,,,,,,,,,,,,,,,8.90,-,,,,,,,,,,,,,,,,,,,,,,,,,-,-,,,,,,,,,,,,,,,,,,,,,,,,,
,04-22-2015,10:44:09, Lane 1 ,Fwd,FF,,289,2,54,,2,8.45,,,,,,,,,,,,,,,,,,,,,,,,8.45,-,,,,,,,,,,,,,,,,,,,,,,,,,-,-,,,,,,,,,,,,,,,,,,,,,,,,,
,04-22-2015,10:44:10, Lane 1 ,Fwd,FF,,290,2,53,,2,9.43,,,,,,,,,,,,,,,,,,,,,,,,9.43,-,,,,,,,,,,,,,,,,,,,,,,,,,-,-,,,,,,,,,,,,,,,,,,,,,,,,,
,04-22-2015,10:44:12, Lane 1 ,Fwd,FF,,291,3,51,,2,11.78,,,,,,,,,,,,,,,,,,,,,,,,11.78,-,,,,,,,,,,,,,,,,,,,,,,,,,-,-,,,,,,,,,,,,,,,,,,,,,,,,,
,04-22-2015,10:44:13, Lane 1 ,Fwd,FF,,292,2,52,,2,8.48,,,,,,,,,,,,,,,,,,,,,,,,8.48,-,,,,,,,,,,,,,,,,,,,,,,,,,-,-,,,,,,,,,,,,,,,,,,,,,,,,,
,04-22-2015,10:44:21, Lane 1 ,Fwd,FF,,293,8,57,,4,12.92,22.49,3.02,,,,,,,,,,,,,,,,,,,,,,38.43,-,,,,,,,,,,,,,,,,,,,,,,,,,-,-,,,,,,,,,,,,,,,,,,,,,,,,,
,04-22-2015,10:44:24, Lane 1 ,Fwd,FF,,294,3,56,,2,10.61,,,,,,,,,,,,,,,,,,,,,,,,10.61,-,,,,,,,,,,,,,,,,,,,,,,,,,-,-,,,,,,,,,,,,,,,,,,,,,,,,,
,04-22-2015,10:44:25, Lane 1 ,Fwd,FF,,295,2,54,,2,8.82,,,,,,,,,,,,,,,,,,,,,,,,8.82,-,,,,,,,,,,,,,,,,,,,,,,,,,-,-,,,,,,,,,,,,,,,,,,,,,,,,,
,04-22-2015,10:44:36, Lane 1 ,Fwd,FF,,296,2,57,,2,8.89,,,,,,,,,,,,,,,,,,,,,,,,8.89,-,,,,,,,,,,,,,,,,,,,,,,,,,-,-,,,,,,,,,,,,,,,,,,,,,,,,,
,04-22-2015,10:44:57, Lane 1 ,Fwd,FF,,297,3,58,,2,10.89,,,,,,,,,,,,,,,,,,,,,,,,10.89,-,,,,,,,,,,,,,,,,,,,,,,,,,-,-,,,,,,,,,,,,,,,,,,,,,,,,,
,04-22-2015,10:45:03, Lane 1 ,Fwd,FF,,298,2,60,,2,8.47,,,,,,,,,,,,,,,,,,,,,,,,8.47,-,,,,,,,,,,,,,,,,,,,,,,,,,-,-,,,,,,,,,,,,,,,,,,,,,,,,,
,04-22-2015,10:45:29, Lane 1 ,Fwd,FF,,299,2,56,,2,8.49,,,,,,,,,,,,,,,,,,,,,,,,8.49,-,,,,,,,,,,,,,,,,,,,,,,,,,-,-,,,,,,,,,,,,,,,,,,,,,,,,,
,04-22-2015,10:45:33, Lane 1 ,Fwd,FF,,300,2,58,,2,7.52,,,,,,,,,,,,,,,,,,,,,,,,7.52,-,,,,,,,,,,,,,,,,,,,,,,,,,-,-,,,,,,,,,,,,,,,,,,,,,,,,,
,04-22-2015,10:45:36, Lane 1 ,Fwd,FF,,301,2,56,,2,8.98,,,,,,,,,,,,,,,,,,,,,,,,8.98,-,,,,,,,,,,,,,,,,,,,,,,,,,-,-,,,,,,,,,,,,,,,,,,,,,,,,,
,04-22-2015,10:45:39, Lane 1 ,Fwd,FF,,302,2,53,,2,9.12,,,,,,,,,,,,,,,,,,,,,,,,9.12,-,,,,,,,,,,,,,,,,,,,,,,,,,-,-,,,,,,,,,,,,,,,,,,,,,,,,,
,04-22-2015,10:45:40, Lane 1 ,Fwd,FF,,303,2,53,,2,8.88,,,,,,,,,,,,,,,,,,,,,,,,8.88,-,,,,,,,,,,,,,,,,,,,,,,,,,-,-,,,,,,,,,,,,,,,,,,,,,,,,,
,04-22-2015,10:45:42, Lane 1 ,Fwd,FF,,304,2,52,,2,9.95,,,,,,,,,,,,,,,,,,,,,,,,9.95,-,,,,,,,,,,,,,,,,,,,,,,,,,-,-,,,,,,,,,,,,,,,,,,,,,,,,,
,04-22-2015,10:45:43, Lane 1 ,Fwd,FF,,305,2,52,,2,9.11,,,,,,,,,,,,,,,,,,,,,,,,9.11,-,,,,,,,,,,,,,,,,,,,,,,,,,-,-,,,,,,,,,,,,,,,,,,,,,,,,,
,04-22-2015,10:46:43, Lane 1 ,Fwd,FF,,306,2,58,,2,8.62,,,,,,,,,,,,,,,,,,,,,,,,8.62,-,,,,,,,,,,,,,,,,,,,,,,,,,-,-,,,,,,,,,,,,,,,,,,,,,,,,,
,04-22-2015,10:46:48, Lane 1 ,Fwd,FF,,307,2,60,,2,9.37,,,,,,,,,,,,,,,,,,,,,,,,9.37,-,,,,,,,,,,,,,,,,,,,,,,,,,-,-,,,,,,,,,,,,,,,,,,,,,,,,,
,04-22-2015,10:46:50, Lane 1 ,Fwd,FF,,308,3,59,,2,11.83,,,,,,,,,,,,,,,,,,,,,,,,11.83,-,,,,,,,,,,,,,,,,,,,,,,,,,-,-,,,,,,,,,,,,,,,,,,,,,,,,,
,04-22-2015,10:46:52, Lane 1 ,Fwd,FF,,309,3,67,,2,11.81,,,,,,,,,,,,,,,,,,,,,,,,11.81,-,,,,,,,,,,,,,,,,,,,,,,,,,-,-,,,,,,,,,,,,,,,,,,,,,,,,,
,04-22-2015,10:46:53, Lane 1 ,Fwd,FF,,310,2,74,,2,9.19,,,,,,,,,,,,,,,,,,,,,,,,9.19,-,,,,,,,,,,,,,,,,,,,,,,,,,-,-,,,,,,,,,,,,,,,,,,,,,,,,,
,04-22-2015,10:47:23, Lane 1 ,Fwd,FF,,311,2,66,,2,8.23,,,,,,,,,,,,,,,,,,,,,,,,8.23,-,,,,,,,,,,,,,,,,,,,,,,,,,-,-,,,,,,,,,,,,,,,,,,,,,,,,,
,04-22-2015,10:47:24, Lane 1 ,Fwd,FF,,312,2,66,,2,8.54,,,,,,,,,,,,,,,,,,,,,,,,8.54,-,,,,,,,,,,,,,,,,,,,,,,,,,-,-,,,,,,,,,,,,,,,,,,,,,,,,,
,04-22-2015,10:47:27, Lane 1 ,Fwd,FF,,313,2,62,,2,8.39,,,,,,,,,,,,,,,,,,,,,,,,8.39,-,,,,,,,,,,,,,,,,,,,,,,,,,-,-,,,,,,,,,,,,,,,,,,,,,,,,,
,04-22-2015,10:48:11, Lane 1 ,Fwd,FF,,314,2,60,,2,8.85,,,,,,,,,,,,,,,,,,,,,,,,8.85,-,,,,,,,,,,,,,,,,,,,,,,,,,-,-,,,,,,,,,,,,,,,,,,,,,,,,,
,04-22-2015,10:48:17, Lane 1 ,Fwd,FF,,315,3,61,,2,10.85,,,,,,,,,,,,,,,,,,,,,,,,10.85,-,,,,,,,,,,,,,,,,,,,,,,,,,-,-,,,,,,,,,,,,,,,,,,,,,,,,,
,04-22-2015,10:48:30, Lane 1 ,Fwd,FF,,316,2,48,,2,9.74,,,,,,,,,,,,,,,,,,,,,,,,9.74,-,,,,,,,,,,,,,,,,,,,,,,,,,-,-,,,,,,,,,,,,,,,,,,,,,,,,,
,04-22-2015,10:48:32, Lane 1 ,Fwd,FF,,317,2,48,,2,9.00,,,,,,,,,,,,,,,,,,,,,,,,9.00,-,,,,,,,,,,,,,,,,,,,,,,,,,-,-,,,,,,,,,,,,,,,,,,,,,,,,,
,04-22-2015,10:48:35, Lane 1 ,Fwd,FF,,318,2,54,,2,8.94,,,,,,,,,,,,,,,,,,,,,,,,8.94,-,,,,,,,,,,,,,,,,,,,,,,,,,-,-,,,,,,,,,,,,,,,,,,,,,,,,,
,04-22-2015,10:48:36, Lane 1 ,Fwd,FF,,319,2,54,,2,9.30,,,,,,,,,,,,,,,,,,,,,,,,9.30,-,,,,,,,,,,,,,,,,,,,,,,,,,-,-,,,,,,,,,,,,,,,,,,,,,,,,,
,04-22-2015,10:48:42, Lane 1 ,Fwd,FF,,320,2,58,,2,7.97,,,,,,,,,,,,,,,,,,,,,,,,7.97,-,,,,,,,,,,,,,,,,,,,,,,,,,-,-,,,,,,,,,,,,,,,,,,,,,,,,,
,04-22-2015,10:48:44, Lane 1 ,Fwd,FF,,321,2,55,,2,9.75,,,,,,,,,,,,,,,,,,,,,,,,9.75,-,,,,,,,,,,,,,,,,,,,,,,,,,-,-,,,,,,,,,,,,,,,,,,,,,,,,,
,04-22-2015,10:48:46, Lane 1 ,Fwd,FF,,322,2,55,,2,8.68,,,,,,,,,,,,,,,,,,,,,,,,8.68,-,,,,,,,,,,,,,,,,,,,,,,,,,-,-,,,,,,,,,,,,,,,,,,,,,,,,,
,04-22-2015,10:48:47, Lane 1 ,Fwd,FF,,323,2,57,,2,8.75,,,,,,,,,,,,,,,,,,,,,,,,8.75,-,,,,,,,,,,,,,,,,,,,,,,,,,-,-,,,,,,,,,,,,,,,,,,,,,,,,,
,04-22-2015,10:48:50, Lane 1 ,Fwd,FF,,324,2,52,,2,8.83,,,,,,,,,,,,,,,,,,,,,,,,8.83,-,,,,,,,,,,,,,,,,,,,,,,,,,-,-,,,,,,,,,,,,,,,,,,,,,,,,,
,04-22-2015,10:49:14, Lane 1 ,Fwd,FF,,325,2,67,,2,8.95,,,,,,,,,,,,,,,,,,,,,,,,8.95,-,,,,,,,,,,,,,,,,,,,,,,,,,-,-,,,,,,,,,,,,,,,,,,,,,,,,,
,04-22-2015,10:49:54, Lane 1 ,Fwd,FF,,326,2,58,,2,9.43,,,,,,,,,,,,,,,,,,,,,,,,9.43,-,,,,,,,,,,,,,,,,,,,,,,,,,-,-,,,,,,,,,,,,,,,,,,,,,,,,,
,04-22-2015,10:50:07, Lane 1 ,Fwd,FF,,327,2,59,,2,8.26,,,,,,,,,,,,,,,,,,,,,,,,8.26,-,,,,,,,,,,,,,,,,,,,,,,,,,-,-,,,,,,,,,,,,,,,,,,,,,,,,,
,04-22-2015,10:50:08, Lane 1 ,Fwd,FF,,328,2,59,,2,9.48,,,,,,,,,,,,,,,,,,,,,,,,9.48,-,,,,,,,,,,,,,,,,,,,,,,,,,-,-,,,,,,,,,,,,,,,,,,,,,,,,,
,04-22-2015,10:50:10, Lane 1 ,Fwd,FF,,329,2,60,,2,8.21,,,,,,,,,,,,,,,,,,,,,,,,8.21,-,,,,,,,,,,,,,,,,,,,,,,,,,-,-,,,,,,,,,,,,,,,,,,,,,,,,,
,04-22-2015,10:50:20, Lane 1 ,Fwd,FF,,330,3,62,,2,10.92,,,,,,,,,,,,,,,,,,,,,,,,10.92,-,,,,,,,,,,,,,,,,,,,,,,,,,-,-,,,,,,,,,,,,,,,,,,,,,,,,,
,04-22-2015,10:50:45, Lane 1 ,Fwd,FF,,331,2,62,,2,9.11,,,,,,,,,,,,,,,,,,,,,,,,9.11,-,,,,,,,,,,,,,,,,,,,,,,,,,-,-,,,,,,,,,,,,,,,,,,,,,,,,,
,04-22-2015,10:50:50, Lane 1 ,Fwd,FF,,332,2,64,,2,8.79,,,,,,,,,,,,,,,,,,,,,,,,8.79,-,,,,,,,,,,,,,,,,,,,,,,,,,-,-,,,,,,,,,,,,,,,,,,,,,,,,,
,04-22-2015,10:50:58, Lane 1 ,Fwd,FF,,333,8,58,,3,11.83,18.51,,,,,,,,,,,,,,,,,,,,,,,30.34,-,,,,,,,,,,,,,,,,,,,,,,,,,-,-,,,,,,,,,,,,,,,,,,,,,,,,,
,04-22-2015,10:51:00, Lane 1 ,Fwd,FF,,334,2,60,,2,8.65,,,,,,,,,,,,,,,,,,,,,,,,8.65,-,,,,,,,,,,,,,,,,,,,,,,,,,-,-,,,,,,,,,,,,,,,,,,,,,,,,,
,04-22-2015,10:51:03, Lane 1 ,Fwd,FF,,335,3,57,,2,11.50,,,,,,,,,,,,,,,,,,,,,,,,11.50,-,,,,,,,,,,,,,,,,,,,,,,,,,-,-,,,,,,,,,,,,,,,,,,,,,,,,,
,04-22-2015,10:51:13, Lane 1 ,Fwd,FF,,336,3,58,,2,11.41,,,,,,,,,,,,,,,,,,,,,,,,11.41,-,,,,,,,,,,,,,,,,,,,,,,,,,-,-,,,,,,,,,,,,,,,,,,,,,,,,,
,04-22-2015,10:51:18, Lane 1 ,Fwd,FF,,337,3,54,,2,11.92,,,,,,,,,,,,,,,,,,,,,,,,11.92,-,,,,,,,,,,,,,,,,,,,,,,,,,-,-,,,,,,,,,,,,,,,,,,,,,,,,,
,04-22-2015,10:51:21, Lane 1 ,Fwd,FF,,338,2,60,,2,8.38,,,,,,,,,,,,,,,,,,,,,,,,8.38,-,,,,,,,,,,,,,,,,,,,,,,,,,-,-,,,,,,,,,,,,,,,,,,,,,,,,,
,04-22-2015,10:52:17, Lane 1 ,Fwd,FF,,339,2,63,,2,9.44,,,,,,,,,,,,,,,,,,,,,,,,9.44,-,,,,,,,,,,,,,,,,,,,,,,,,,-,-,,,,,,,,,,,,,,,,,,,,,,,,,
,04-22-2015,10:52:44, Lane 1 ,Fwd,FF,,340,3,58,,2,12.69,,,,,,,,,,,,,,,,,,,,,,,,12.69,-,,,,,,,,,,,,,,,,,,,,,,,,,-,-,,,,,,,,,,,,,,,,,,,,,,,,,
,04-22-2015,10:52:48, Lane 1 ,Fwd,FF,,341,2,56,,2,9.35,,,,,,,,,,,,,,,,,,,,,,,,9.35,-,,,,,,,,,,,,,,,,,,,,,,,,,-,-,,,,,,,,,,,,,,,,,,,,,,,,,
,04-22-2015,10:52:58, Lane 1 ,Fwd,FF,,342,3,68,,2,11.90,,,,,,,,,,,,,,,,,,,,,,,,11.90,-,,,,,,,,,,,,,,,,,,,,,,,,,-,-,,,,,,,,,,,,,,,,,,,,,,,,,
,04-22-2015,10:52:59, Lane 1 ,Fwd,FF,,343,2,61,,2,9.05,,,,,,,,,,,,,,,,,,,,,,,,9.05,-,,,,,,,,,,,,,,,,,,,,,,,,,-,-,,,,,,,,,,,,,,,,,,,,,,,,,
,04-22-2015,10:53:02, Lane 1 ,Fwd,FF,,344,2,61,,2,9.69,,,,,,,,,,,,,,,,,,,,,,,,9.69,-,,,,,,,,,,,,,,,,,,,,,,,,,-,-,,,,,,,,,,,,,,,,,,,,,,,,,
,04-22-2015,10:53:26, Lane 1 ,Fwd,FF,,345,2,64,,2,9.94,,,,,,,,,,,,,,,,,,,,,,,,9.94,-,,,,,,,,,,,,,,,,,,,,,,,,,-,-,,,,,,,,,,,,,,,,,,,,,,,,,
,04-22-2015,10:54:37, Lane 1 ,Fwd,FF,,346,2,66,,2,8.81,,,,,,,,,,,,,,,,,,,,,,,,8.81,-,,,,,,,,,,,,,,,,,,,,,,,,,-,-,,,,,,,,,,,,,,,,,,,,,,,,,
,04-22-2015,10:54:40, Lane 1 ,Fwd,FF,,347,2,67,,2,9.25,,,,,,,,,,,,,,,,,,,,,,,,9.25,-,,,,,,,,,,,,,,,,,,,,,,,,,-,-,,,,,,,,,,,,,,,,,,,,,,,,,
,04-22-2015,10:54:46, Lane 1 ,Fwd,FF,,348,2,59,,2,8.26,,,,,,,,,,,,,,,,,,,,,,,,8.26,-,,,,,,,,,,,,,,,,,,,,,,,,,-,-,,,,,,,,,,,,,,,,,,,,,,,,,
,04-22-2015,10:54:50, Lane 1 ,Fwd,FF,,349,2,61,,2,8.98,,,,,,,,,,,,,,,,,,,,,,,,8.98,-,,,,,,,,,,,,,,,,,,,,,,,,,-,-,,,,,,,,,,,,,,,,,,,,,,,,,
,04-22-2015,10:54:53, Lane 1 ,Fwd,FF,,350,2,60,,2,8.59,,,,,,,,,,,,,,,,,,,,,,,,8.59,-,,,,,,,,,,,,,,,,,,,,,,,,,-,-,,,,,,,,,,,,,,,,,,,,,,,,,
,04-22-2015,10:54:54, Lane 1 ,Fwd,FF,,351,2,61,,2,9.85,,,,,,,,,,,,,,,,,,,,,,,,9.85,-,,,,,,,,,,,,,,,,,,,,,,,,,-,-,,,,,,,,,,,,,,,,,,,,,,,,,
,04-22-2015,10:55:00, Lane 1 ,Fwd,FF,,352,2,60,,2,8.47,,,,,,,,,,,,,,,,,,,,,,,,8.47,-,,,,,,,,,,,,,,,,,,,,,,,,,-,-,,,,,,,,,,,,,,,,,,,,,,,,,
,04-22-2015,10:55:30, Lane 1 ,Fwd,FF,,353,3,64,,2,10.58,,,,,,,,,,,,,,,,,,,,,,,,10.58,-,,,,,,,,,,,,,,,,,,,,,,,,,-,-,,,,,,,,,,,,,,,,,,,,,,,,,
,04-22-2015,10:55:40, Lane 1 ,Fwd,FF,,354,2,58,,2,9.43,,,,,,,,,,,,,,,,,,,,,,,,9.43,-,,,,,,,,,,,,,,,,,,,,,,,,,-,-,,,,,,,,,,,,,,,,,,,,,,,,,
,04-22-2015,10:56:08, Lane 1 ,Fwd,FF,,355,2,72,,2,8.82,,,,,,,,,,,,,,,,,,,,,,,,8.82,-,,,,,,,,,,,,,,,,,,,,,,,,,-,-,,,,,,,,,,,,,,,,,,,,,,,,,
,04-22-2015,10:56:30, Lane 1 ,Fwd,FF,,356,2,62,,2,9.73,,,,,,,,,,,,,,,,,,,,,,,,9.73,-,,,,,,,,,,,,,,,,,,,,,,,,,-,-,,,,,,,,,,,,,,,,,,,,,,,,,
,04-22-2015,10:57:05, Lane 1 ,Fwd,FF,,357,2,55,,2,8.88,,,,,,,,,,,,,,,,,,,,,,,,8.88,-,,,,,,,,,,,,,,,,,,,,,,,,,-,-,,,,,,,,,,,,,,,,,,,,,,,,,
,04-22-2015,10:57:12, Lane 1 ,Fwd,FF,,358,9,62,,5,11.91,4.27,33.09,4.00,,,,,,,,,,,,,,,,,,,,,53.27,-,,,,,,,,,,,,,,,,,,,,,,,,,-,-,,,,,,,,,,,,,,,,,,,,,,,,,
,04-22-2015,10:57:24, Lane 1 ,Fwd,FF,,359,2,63,,2,9.79,,,,,,,,,,,,,,,,,,,,,,,,9.79,-,,,,,,,,,,,,,,,,,,,,,,,,,-,-,,,,,,,,,,,,,,,,,,,,,,,,,
,04-22-2015,10:57:28, Lane 1 ,Fwd,FF,,360,2,58,,2,9.26,,,,,,,,,,,,,,,,,,,,,,,,9.26,-,,,,,,,,,,,,,,,,,,,,,,,,,-,-,,,,,,,,,,,,,,,,,,,,,,,,,
,04-22-2015,10:57:29, Lane 1 ,Fwd,FF,,361,2,56,,2,8.61,,,,,,,,,,,,,,,,,,,,,,,,8.61,-,,,,,,,,,,,,,,,,,,,,,,,,,-,-,,,,,,,,,,,,,,,,,,,,,,,,,
,04-22-2015,10:57:30, Lane 1 ,Fwd,FF,,362,5,53,,2,13.72,,,,,,,,,,,,,,,,,,,,,,,,13.72,-,,,,,,,,,,,,,,,,,,,,,,,,,-,-,,,,,,,,,,,,,,,,,,,,,,,,,
,04-22-2015,10:57:38, Lane 1 ,Fwd,FF,,363,2,64,,2,8.63,,,,,,,,,,,,,,,,,,,,,,,,8.63,-,,,,,,,,,,,,,,,,,,,,,,,,,-,-,,,,,,,,,,,,,,,,,,,,,,,,,
,04-22-2015,10:57:42, Lane 1 ,Fwd,FF,,364,2,57,,2,9.73,,,,,,,,,,,,,,,,,,,,,,,,9.73,-,,,,,,,,,,,,,,,,,,,,,,,,,-,-,,,,,,,,,,,,,,,,,,,,,,,,,
,04-22-2015,10:58:04, Lane 1 ,Fwd,FF,,365,2,55,,2,8.92,,,,,,,,,,,,,,,,,,,,,,,,8.92,-,,,,,,,,,,,,,,,,,,,,,,,,,-,-,,,,,,,,,,,,,,,,,,,,,,,,,
,04-22-2015,10:58:32, Lane 1 ,Fwd,FF,,366,2,55,,2,8.40,,,,,,,,,,,,,,,,,,,,,,,,8.40,-,,,,,,,,,,,,,,,,,,,,,,,,,-,-,,,,,,,,,,,,,,,,,,,,,,,,,
,04-22-2015,10:58:35, Lane 1 ,Fwd,FF,,367,2,44,,2,8.73,,,,,,,,,,,,,,,,,,,,,,,,8.73,-,,,,,,,,,,,,,,,,,,,,,,,,,-,-,,,,,,,,,,,,,,,,,,,,,,,,,
,04-22-2015,10:58:36, Lane 1 ,Fwd,FF,,368,2,45,,2,8.88,,,,,,,,,,,,,,,,,,,,,,,,8.88,-,,,,,,,,,,,,,,,,,,,,,,,,,-,-,,,,,,,,,,,,,,,,,,,,,,,,,
,04-22-2015,10:58:48, Lane 1 ,Fwd,FF,,369,2,56,,2,8.96,,,,,,,,,,,,,,,,,,,,,,,,8.96,-,,,,,,,,,,,,,,,,,,,,,,,,,-,-,,,,,,,,,,,,,,,,,,,,,,,,,
,04-22-2015,10:58:50, Lane 1 ,Fwd,FF,,370,2,56,,2,8.44,,,,,,,,,,,,,,,,,,,,,,,,8.44,-,,,,,,,,,,,,,,,,,,,,,,,,,-,-,,,,,,,,,,,,,,,,,,,,,,,,,
,04-22-2015,10:59:17, Lane 1 ,Fwd,FF,,371,2,53,,2,7.23,,,,,,,,,,,,,,,,,,,,,,,,7.23,-,,,,,,,,,,,,,,,,,,,,,,,,,-,-,,,,,,,,,,,,,,,,,,,,,,,,,
,04-22-2015,10:59:19, Lane 1 ,Fwd,FF,,372,2,55,,2,9.12,,,,,,,,,,,,,,,,,,,,,,,,9.12,-,,,,,,,,,,,,,,,,,,,,,,,,,-,-,,,,,,,,,,,,,,,,,,,,,,,,,
,04-22-2015,10:59:25, Lane 1 ,Fwd,FF,,373,3,56,,2,11.75,,,,,,,,,,,,,,,,,,,,,,,,11.75,-,,,,,,,,,,,,,,,,,,,,,,,,,-,-,,,,,,,,,,,,,,,,,,,,,,,,,
,04-22-2015,11:00:13, Lane 1 ,Fwd,FF,,1,2,56,,2,8.94,,,,,,,,,,,,,,,,,,,,,,,,8.94,-,,,,,,,,,,,,,,,,,,,,,,,,,-,-,,,,,,,,,,,,,,,,,,,,,,,,,
,04-22-2015,11:00:16, Lane 1 ,Fwd,FF,,2,3,58,,2,11.83,,,,,,,,,,,,,,,,,,,,,,,,11.83,-,,,,,,,,,,,,,,,,,,,,,,,,,-,-,,,,,,,,,,,,,,,,,,,,,,,,,
,04-22-2015,11:00:18, Lane 1 ,Fwd,FF,,3,2,57,,2,8.65,,,,,,,,,,,,,,,,,,,,,,,,8.65,-,,,,,,,,,,,,,,,,,,,,,,,,,-,-,,,,,,,,,,,,,,,,,,,,,,,,,
,04-22-2015,11:00:28, Lane 1 ,Fwd,FF,,4,2,54,,2,8.50,,,,,,,,,,,,,,,,,,,,,,,,8.50,-,,,,,,,,,,,,,,,,,,,,,,,,,-,-,,,,,,,,,,,,,,,,,,,,,,,,,
,04-22-2015,11:00:29, Lane 1 ,Fwd,FF,,5,9,56,,5,12.00,4.27,32.72,4.11,,,,,,,,,,,,,,,,,,,,,53.10,-,,,,,,,,,,,,,,,,,,,,,,,,,-,-,,,,,,,,,,,,,,,,,,,,,,,,,
,04-22-2015,11:00:33, Lane 1 ,Fwd,FF,,6,2,57,,2,9.25,,,,,,,,,,,,,,,,,,,,,,,,9.25,-,,,,,,,,,,,,,,,,,,,,,,,,,-,-,,,,,,,,,,,,,,,,,,,,,,,,,
,04-22-2015,11:00:34, Lane 1 ,Fwd,FF,,7,2,57,,2,8.89,,,,,,,,,,,,,,,,,,,,,,,,8.89,-,,,,,,,,,,,,,,,,,,,,,,,,,-,-,,,,,,,,,,,,,,,,,,,,,,,,,
,04-22-2015,11:00:36, Lane 1 ,Fwd,FF,,8,3,58,,2,11.83,,,,,,,,,,,,,,,,,,,,,,,,11.83,-,,,,,,,,,,,,,,,,,,,,,,,,,-,-,,,,,,,,,,,,,,,,,,,,,,,,,
,04-22-2015,11:00:38, Lane 1 ,Fwd,FF,,9,1,58,,2,5.02,,,,,,,,,,,,,,,,,,,,,,,,5.02,-,,,,,,,,,,,,,,,,,,,,,,,,,-,-,,,,,,,,,,,,,,,,,,,,,,,,,
,04-22-2015,11:00:40, Lane 1 ,Fwd,FF,,10,2,65,,2,8.76,,,,,,,,,,,,,,,,,,,,,,,,8.76,-,,,,,,,,,,,,,,,,,,,,,,,,,-,-,,,,,,,,,,,,,,,,,,,,,,,,,
,04-22-2015,11:00:50, Lane 1 ,Fwd,FF,,11,3,59,,3,11.48,14.76,,,,,,,,,,,,,,,,,,,,,,,26.24,-,,,,,,,,,,,,,,,,,,,,,,,,,-,-,,,,,,,,,,,,,,,,,,,,,,,,,
,04-22-2015,11:01:06, Lane 1 ,Fwd,FF,,12,3,59,,2,11.31,,,,,,,,,,,,,,,,,,,,,,,,11.31,-,,,,,,,,,,,,,,,,,,,,,,,,,-,-,,,,,,,,,,,,,,,,,,,,,,,,,
,04-22-2015,11:01:27, Lane 1 ,Fwd,FF,,13,2,60,,2,9.02,,,,,,,,,,,,,,,,,,,,,,,,9.02,-,,,,,,,,,,,,,,,,,,,,,,,,,-,-,,,,,,,,,,,,,,,,,,,,,,,,,
,04-22-2015,11:01:36, Lane 1 ,Fwd,FF,,14,2,59,,2,8.38,,,,,,,,,,,,,,,,,,,,,,,,8.38,-,,,,,,,,,,,,,,,,,,,,,,,,,-,-,,,,,,,,,,,,,,,,,,,,,,,,,
,04-22-2015,11:01:38, Lane 1 ,Fwd,FF,,15,2,59,,2,9.30,,,,,,,,,,,,,,,,,,,,,,,,9.30,-,,,,,,,,,,,,,,,,,,,,,,,,,-,-,,,,,,,,,,,,,,,,,,,,,,,,,
,04-22-2015,11:01:39, Lane 1 ,Fwd,FF,,16,2,61,,2,9.31,,,,,,,,,,,,,,,,,,,,,,,,9.31,-,,,,,,,,,,,,,,,,,,,,,,,,,-,-,,,,,,,,,,,,,,,,,,,,,,,,,
,04-22-2015,11:01:41, Lane 1 ,Fwd,FF,,17,2,63,,2,9.05,,,,,,,,,,,,,,,,,,,,,,,,9.05,-,,,,,,,,,,,,,,,,,,,,,,,,,-,-,,,,,,,,,,,,,,,,,,,,,,,,,
,04-22-2015,11:01:57, Lane 1 ,Fwd,FF,,18,2,59,,2,8.81,,,,,,,,,,,,,,,,,,,,,,,,8.81,-,,,,,,,,,,,,,,,,,,,,,,,,,-,-,,,,,,,,,,,,,,,,,,,,,,,,,
,04-22-2015,11:02:49, Lane 1 ,Fwd,FF,,19,2,56,,2,8.71,,,,,,,,,,,,,,,,,,,,,,,,8.71,-,,,,,,,,,,,,,,,,,,,,,,,,,-,-,,,,,,,,,,,,,,,,,,,,,,,,,
,04-22-2015,11:02:51, Lane 1 ,Fwd,FF,,20,2,56,,2,9.70,,,,,,,,,,,,,,,,,,,,,,,,9.70,-,,,,,,,,,,,,,,,,,,,,,,,,,-,-,,,,,,,,,,,,,,,,,,,,,,,,,
,04-22-2015,11:03:33, Lane 1 ,Fwd,FF,,21,2,68,,2,9.12,,,,,,,,,,,,,,,,,,,,,,,,9.12,-,,,,,,,,,,,,,,,,,,,,,,,,,-,-,,,,,,,,,,,,,,,,,,,,,,,,,
,04-22-2015,11:03:46, Lane 1 ,Fwd,FF,,22,2,65,,2,9.05,,,,,,,,,,,,,,,,,,,,,,,,9.05,-,,,,,,,,,,,,,,,,,,,,,,,,,-,-,,,,,,,,,,,,,,,,,,,,,,,,,
,04-22-2015,11:04:59, Lane 1 ,Fwd,FF,,23,2,67,,2,9.17,,,,,,,,,,,,,,,,,,,,,,,,9.17,-,,,,,,,,,,,,,,,,,,,,,,,,,-,-,,,,,,,,,,,,,,,,,,,,,,,,,
,04-22-2015,11:05:03, Lane 1 ,Fwd,FF,,24,2,63,,2,8.98,,,,,,,,,,,,,,,,,,,,,,,,8.98,-,,,,,,,,,,,,,,,,,,,,,,,,,-,-,,,,,,,,,,,,,,,,,,,,,,,,,
,04-22-2015,11:05:15, Lane 1 ,Fwd,FF,,25,2,58,,2,8.91,,,,,,,,,,,,,,,,,,,,,,,,8.91,-,,,,,,,,,,,,,,,,,,,,,,,,,-,-,,,,,,,,,,,,,,,,,,,,,,,,,
,04-22-2015,11:05:16, Lane 1 ,Fwd,FF,,26,2,58,,2,9.21,,,,,,,,,,,,,,,,,,,,,,,,9.21,-,,,,,,,,,,,,,,,,,,,,,,,,,-,-,,,,,,,,,,,,,,,,,,,,,,,,,
,04-22-2015,11:05:20, Lane 1 ,Fwd,FF,,27,2,55,,2,8.56,,,,,,,,,,,,,,,,,,,,,,,,8.56,-,,,,,,,,,,,,,,,,,,,,,,,,,-,-,,,,,,,,,,,,,,,,,,,,,,,,,
,04-22-2015,11:05:22, Lane 1 ,Fwd,FF,,28,2,55,,2,9.76,,,,,,,,,,,,,,,,,,,,,,,,9.76,-,,,,,,,,,,,,,,,,,,,,,,,,,-,-,,,,,,,,,,,,,,,,,,,,,,,,,
,04-22-2015,11:05:24, Lane 1 ,Fwd,FF,,29,5,54,,2,19.31,,,,,,,,,,,,,,,,,,,,,,,,19.31,-,,,,,,,,,,,,,,,,,,,,,,,,,-,-,,,,,,,,,,,,,,,,,,,,,,,,,
,04-22-2015,11:05:46, Lane 1 ,Fwd,FF,,30,3,58,,2,11.83,,,,,,,,,,,,,,,,,,,,,,,,11.83,-,,,,,,,,,,,,,,,,,,,,,,,,,-,-,,,,,,,,,,,,,,,,,,,,,,,,,
,04-22-2015,11:06:41, Lane 1 ,Fwd,FF,,31,6,60,,3,15.44,4.41,,,,,,,,,,,,,,,,,,,,,,,19.85,-,,,,,,,,,,,,,,,,,,,,,,,,,-,-,,,,,,,,,,,,,,,,,,,,,,,,,
,04-22-2015,11:06:43, Lane 1 ,Fwd,FF,,32,2,59,,2,8.38,,,,,,,,,,,,,,,,,,,,,,,,8.38,-,,,,,,,,,,,,,,,,,,,,,,,,,-,-,,,,,,,,,,,,,,,,,,,,,,,,,
,04-22-2015,11:06:45, Lane 1 ,Fwd,FF,,33,2,59,,2,8.98,,,,,,,,,,,,,,,,,,,,,,,,8.98,-,,,,,,,,,,,,,,,,,,,,,,,,,-,-,,,,,,,,,,,,,,,,,,,,,,,,,
,04-22-2015,11:06:48, Lane 1 ,Fwd,FF,,34,3,58,,2,10.31,,,,,,,,,,,,,,,,,,,,,,,,10.31,-,,,,,,,,,,,,,,,,,,,,,,,,,-,-,,,,,,,,,,,,,,,,,,,,,,,,,
,04-22-2015,11:06:49, Lane 1 ,Fwd,FF,,35,2,58,,2,8.37,,,,,,,,,,,,,,,,,,,,,,,,8.37,-,,,,,,,,,,,,,,,,,,,,,,,,,-,-,,,,,,,,,,,,,,,,,,,,,,,,,
,04-22-2015,11:06:52, Lane 1 ,Fwd,FF,,36,5,61,,2,17.69,,,,,,,,,,,,,,,,,,,,,,,,17.69,-,,,,,,,,,,,,,,,,,,,,,,,,,-,-,,,,,,,,,,,,,,,,,,,,,,,,,
,04-22-2015,11:06:54, Lane 1 ,Fwd,FF,,37,2,62,,2,9.18,,,,,,,,,,,,,,,,,,,,,,,,9.18,-,,,,,,,,,,,,,,,,,,,,,,,,,-,-,,,,,,,,,,,,,,,,,,,,,,,,,
,04-22-2015,11:06:56, Lane 1 ,Fwd,FF,,38,2,61,,2,8.69,,,,,,,,,,,,,,,,,,,,,,,,8.69,-,,,,,,,,,,,,,,,,,,,,,,,,,-,-,,,,,,,,,,,,,,,,,,,,,,,,,
,04-22-2015,11:07:00, Lane 1 ,Fwd,FF,,39,2,67,,2,8.59,,,,,,,,,,,,,,,,,,,,,,,,8.59,-,,,,,,,,,,,,,,,,,,,,,,,,,-,-,,,,,,,,,,,,,,,,,,,,,,,,,
,04-22-2015,11:07:09, Lane 1 ,Fwd,FF,,40,2,56,,2,8.69,,,,,,,,,,,,,,,,,,,,,,,,8.69,-,,,,,,,,,,,,,,,,,,,,,,,,,-,-,,,,,,,,,,,,,,,,,,,,,,,,,
,04-22-2015,11:07:38, Lane 1 ,Fwd,FF,,41,2,57,,2,8.84,,,,,,,,,,,,,,,,,,,,,,,,8.84,-,,,,,,,,,,,,,,,,,,,,,,,,,-,-,,,,,,,,,,,,,,,,,,,,,,,,,
,04-22-2015,11:08:02, Lane 1 ,Fwd,FF,,42,2,58,,2,8.94,,,,,,,,,,,,,,,,,,,,,,,,8.94,-,,,,,,,,,,,,,,,,,,,,,,,,,-,-,,,,,,,,,,,,,,,,,,,,,,,,,
,04-22-2015,11:08:18, Lane 1 ,Fwd,FF,,43,2,54,,2,8.90,,,,,,,,,,,,,,,,,,,,,,,,8.90,-,,,,,,,,,,,,,,,,,,,,,,,,,-,-,,,,,,,,,,,,,,,,,,,,,,,,,
,04-22-2015,11:08:19, Lane 1 ,Fwd,FF,,44,3,53,,2,12.70,,,,,,,,,,,,,,,,,,,,,,,,12.70,-,,,,,,,,,,,,,,,,,,,,,,,,,-,-,,,,,,,,,,,,,,,,,,,,,,,,,
,04-22-2015,11:08:20, Lane 1 ,Fwd,FF,,45,2,55,,2,8.54,,,,,,,,,,,,,,,,,,,,,,,,8.54,-,,,,,,,,,,,,,,,,,,,,,,,,,-,-,,,,,,,,,,,,,,,,,,,,,,,,,
,04-22-2015,11:08:22, Lane 1 ,Fwd,FF,,46,5,53,,2,15.33,,,,,,,,,,,,,,,,,,,,,,,,15.33,-,,,,,,,,,,,,,,,,,,,,,,,,,-,-,,,,,,,,,,,,,,,,,,,,,,,,,
,04-22-2015,11:08:35, Lane 1 ,Fwd,FF,,47,3,55,,2,11.59,,,,,,,,,,,,,,,,,,,,,,,,11.59,-,,,,,,,,,,,,,,,,,,,,,,,,,-,-,,,,,,,,,,,,,,,,,,,,,,,,,
,04-22-2015,11:08:55, Lane 1 ,Fwd,FF,,48,2,53,,2,8.92,,,,,,,,,,,,,,,,,,,,,,,,8.92,-,,,,,,,,,,,,,,,,,,,,,,,,,-,-,,,,,,,,,,,,,,,,,,,,,,,,,
,04-22-2015,11:09:04, Lane 1 ,Fwd,FF,,49,2,59,,2,9.57,,,,,,,,,,,,,,,,,,,,,,,,9.57,-,,,,,,,,,,,,,,,,,,,,,,,,,-,-,,,,,,,,,,,,,,,,,,,,,,,,,
,04-22-2015,11:09:05, Lane 1 ,Fwd,FF,,50,2,57,,2,9.42,,,,,,,,,,,,,,,,,,,,,,,,9.42,-,,,,,,,,,,,,,,,,,,,,,,,,,-,-,,,,,,,,,,,,,,,,,,,,,,,,,
,04-22-2015,11:09:18, Lane 1 ,Fwd,FF,,51,8,56,,3,13.74,17.88,,,,,,,,,,,,,,,,,,,,,,,31.62,-,,,,,,,,,,,,,,,,,,,,,,,,,-,-,,,,,,,,,,,,,,,,,,,,,,,,,
,04-22-2015,11:09:38, Lane 1 ,Fwd,FF,,52,2,61,,2,9.13,,,,,,,,,,,,,,,,,,,,,,,,9.13,-,,,,,,,,,,,,,,,,,,,,,,,,,-,-,,,,,,,,,,,,,,,,,,,,,,,,,
,04-22-2015,11:09:41, Lane 1 ,Fwd,FF,,53,2,60,,2,8.32,,,,,,,,,,,,,,,,,,,,,,,,8.32,-,,,,,,,,,,,,,,,,,,,,,,,,,-,-,,,,,,,,,,,,,,,,,,,,,,,,,
,04-22-2015,11:09:50, Lane 1 ,Fwd,FF,,54,3,58,,2,10.64,,,,,,,,,,,,,,,,,,,,,,,,10.64,-,,,,,,,,,,,,,,,,,,,,,,,,,-,-,,,,,,,,,,,,,,,,,,,,,,,,,
,04-22-2015,11:10:00, Lane 1 ,Fwd,FF,,55,6,57,,3,19.84,4.25,,,,,,,,,,,,,,,,,,,,,,,24.09,-,,,,,,,,,,,,,,,,,,,,,,,,,-,-,,,,,,,,,,,,,,,,,,,,,,,,,
,04-22-2015,11:10:02, Lane 1 ,Fwd,FF,,56,2,55,,2,8.88,,,,,,,,,,,,,,,,,,,,,,,,8.88,-,,,,,,,,,,,,,,,,,,,,,,,,,-,-,,,,,,,,,,,,,,,,,,,,,,,,,
,04-22-2015,11:10:04, Lane 1 ,Fwd,FF,,57,2,55,,2,9.89,,,,,,,,,,,,,,,,,,,,,,,,9.89,-,,,,,,,,,,,,,,,,,,,,,,,,,-,-,,,,,,,,,,,,,,,,,,,,,,,,,
,04-22-2015,11:10:05, Lane 1 ,Fwd,FF,,58,2,58,,2,7.97,,,,,,,,,,,,,,,,,,,,,,,,7.97,-,,,,,,,,,,,,,,,,,,,,,,,,,-,-,,,,,,,,,,,,,,,,,,,,,,,,,
,04-22-2015,11:10:09, Lane 1 ,Fwd,FF,,59,3,59,,2,11.74,,,,,,,,,,,,,,,,,,,,,,,,11.74,-,,,,,,,,,,,,,,,,,,,,,,,,,-,-,,,,,,,,,,,,,,,,,,,,,,,,,
,04-22-2015,11:10:14, Lane 1 ,Fwd,FF,,60,2,54,,2,9.55,,,,,,,,,,,,,,,,,,,,,,,,9.55,-,,,,,,,,,,,,,,,,,,,,,,,,,-,-,,,,,,,,,,,,,,,,,,,,,,,,,
,04-22-2015,11:10:16, Lane 1 ,Fwd,FF,,61,2,55,,2,8.96,,,,,,,,,,,,,,,,,,,,,,,,8.96,-,,,,,,,,,,,,,,,,,,,,,,,,,-,-,,,,,,,,,,,,,,,,,,,,,,,,,
,04-22-2015,11:10:17, Lane 1 ,Fwd,FF,,62,2,56,,2,8.77,,,,,,,,,,,,,,,,,,,,,,,,8.77,-,,,,,,,,,,,,,,,,,,,,,,,,,-,-,,,,,,,,,,,,,,,,,,,,,,,,,
,04-22-2015,11:10:19, Lane 1 ,Fwd,FF,,63,2,56,,2,8.98,,,,,,,,,,,,,,,,,,,,,,,,8.98,-,,,,,,,,,,,,,,,,,,,,,,,,,-,-,,,,,,,,,,,,,,,,,,,,,,,,,
,04-22-2015,11:10:21, Lane 1 ,Fwd,FF,,64,2,56,,2,8.65,,,,,,,,,,,,,,,,,,,,,,,,8.65,-,,,,,,,,,,,,,,,,,,,,,,,,,-,-,,,,,,,,,,,,,,,,,,,,,,,,,
,04-22-2015,11:10:24, Lane 1 ,Fwd,FF,,65,2,58,,2,7.69,,,,,,,,,,,,,,,,,,,,,,,,7.69,-,,,,,,,,,,,,,,,,,,,,,,,,,-,-,,,,,,,,,,,,,,,,,,,,,,,,,
,04-22-2015,11:11:08, Lane 1 ,Fwd,FF,,66,3,64,,2,10.87,,,,,,,,,,,,,,,,,,,,,,,,10.87,-,,,,,,,,,,,,,,,,,,,,,,,,,-,-,,,,,,,,,,,,,,,,,,,,,,,,,
,04-22-2015,11:11:10, Lane 1 ,Fwd,FF,,67,3,67,,2,11.32,,,,,,,,,,,,,,,,,,,,,,,,11.32,-,,,,,,,,,,,,,,,,,,,,,,,,,-,-,,,,,,,,,,,,,,,,,,,,,,,,,
,04-22-2015,11:11:12, Lane 1 ,Fwd,FF,,68,2,71,,2,8.98,,,,,,,,,,,,,,,,,,,,,,,,8.98,-,,,,,,,,,,,,,,,,,,,,,,,,,-,-,,,,,,,,,,,,,,,,,,,,,,,,,
,04-22-2015,11:11:23, Lane 1 ,Fwd,FF,,69,3,62,,2,10.65,,,,,,,,,,,,,,,,,,,,,,,,10.65,-,,,,,,,,,,,,,,,,,,,,,,,,,-,-,,,,,,,,,,,,,,,,,,,,,,,,,
,04-22-2015,11:11:37, Lane 1 ,Fwd,FF,,70,2,59,,2,7.94,,,,,,,,,,,,,,,,,,,,,,,,7.94,-,,,,,,,,,,,,,,,,,,,,,,,,,-,-,,,,,,,,,,,,,,,,,,,,,,,,,
,04-22-2015,11:12:20, Lane 1 ,Fwd,FF,,71,2,62,,2,9.20,,,,,,,,,,,,,,,,,,,,,,,,9.20,-,,,,,,,,,,,,,,,,,,,,,,,,,-,-,,,,,,,,,,,,,,,,,,,,,,,,,
,04-22-2015,11:12:21, Lane 1 ,Fwd,FF,,72,2,61,,2,8.53,,,,,,,,,,,,,,,,,,,,,,,,8.53,-,,,,,,,,,,,,,,,,,,,,,,,,,-,-,,,,,,,,,,,,,,,,,,,,,,,,,
,04-22-2015,11:12:25, Lane 1 ,Fwd,FF,,73,2,59,,2,8.70,,,,,,,,,,,,,,,,,,,,,,,,8.70,-,,,,,,,,,,,,,,,,,,,,,,,,,-,-,,,,,,,,,,,,,,,,,,,,,,,,,
,04-22-2015,11:12:51, Lane 1 ,Fwd,FF,,74,2,59,,3,9.41,12.60,,,,,,,,,,,,,,,,,,,,,,,22.01,-,,,,,,,,,,,,,,,,,,,,,,,,,-,-,,,,,,,,,,,,,,,,,,,,,,,,,
,04-22-2015,11:12:55, Lane 1 ,Fwd,FF,,75,2,62,,2,8.93,,,,,,,,,,,,,,,,,,,,,,,,8.93,-,,,,,,,,,,,,,,,,,,,,,,,,,-,-,,,,,,,,,,,,,,,,,,,,,,,,,
,04-22-2015,11:12:58, Lane 1 ,Fwd,FF,,76,2,60,,2,9.71,,,,,,,,,,,,,,,,,,,,,,,,9.71,-,,,,,,,,,,,,,,,,,,,,,,,,,-,-,,,,,,,,,,,,,,,,,,,,,,,,,
,04-22-2015,11:13:45, Lane 1 ,Fwd,FF,,77,2,54,,2,8.66,,,,,,,,,,,,,,,,,,,,,,,,8.66,-,,,,,,,,,,,,,,,,,,,,,,,,,-,-,,,,,,,,,,,,,,,,,,,,,,,,,
,04-22-2015,11:13:56, Lane 1 ,Fwd,FF,,78,4,58,,3,20.14,4.46,,,,,,,,,,,,,,,,,,,,,,,24.60,-,,,,,,,,,,,,,,,,,,,,,,,,,-,-,,,,,,,,,,,,,,,,,,,,,,,,,
,04-22-2015,11:13:59, Lane 1 ,Fwd,FF,,79,3,58,,2,11.33,,,,,,,,,,,,,,,,,,,,,,,,11.33,-,,,,,,,,,,,,,,,,,,,,,,,,,-,-,,,,,,,,,,,,,,,,,,,,,,,,,
,04-22-2015,11:14:00, Lane 1 ,Fwd,FF,,80,2,57,,2,9.73,,,,,,,,,,,,,,,,,,,,,,,,9.73,-,,,,,,,,,,,,,,,,,,,,,,,,,-,-,,,,,,,,,,,,,,,,,,,,,,,,,
,04-22-2015,11:14:01, Lane 1 ,Fwd,FF,,81,2,58,,2,9.00,,,,,,,,,,,,,,,,,,,,,,,,9.00,-,,,,,,,,,,,,,,,,,,,,,,,,,-,-,,,,,,,,,,,,,,,,,,,,,,,,,
,04-22-2015,11:14:03, Lane 1 ,Fwd,FF,,82,2,56,,2,9.12,,,,,,,,,,,,,,,,,,,,,,,,9.12,-,,,,,,,,,,,,,,,,,,,,,,,,,-,-,,,,,,,,,,,,,,,,,,,,,,,,,
,04-22-2015,11:14:08, Lane 1 ,Fwd,FF,,83,3,56,,2,12.33,,,,,,,,,,,,,,,,,,,,,,,,12.33,-,,,,,,,,,,,,,,,,,,,,,,,,,-,-,,,,,,,,,,,,,,,,,,,,,,,,,
,04-22-2015,11:14:10, Lane 1 ,Fwd,FF,,84,2,55,,2,8.68,,,,,,,,,,,,,,,,,,,,,,,,8.68,-,,,,,,,,,,,,,,,,,,,,,,,,,-,-,,,,,,,,,,,,,,,,,,,,,,,,,
,04-22-2015,11:14:13, Lane 1 ,Fwd,FF,,85,3,54,,3,12.79,17.26,,,,,,,,,,,,,,,,,,,,,,,30.05,-,,,,,,,,,,,,,,,,,,,,,,,,,-,-,,,,,,,,,,,,,,,,,,,,,,,,,
,04-22-2015,11:14:16, Lane 1 ,Fwd,FF,,86,2,58,,2,9.79,,,,,,,,,,,,,,,,,,,,,,,,9.79,-,,,,,,,,,,,,,,,,,,,,,,,,,-,-,,,,,,,,,,,,,,,,,,,,,,,,,
,04-22-2015,11:14:18, Lane 1 ,Fwd,FF,,87,2,54,,3,9.54,17.09,,,,,,,,,,,,,,,,,,,,,,,26.63,-,,,,,,,,,,,,,,,,,,,,,,,,,-,-,,,,,,,,,,,,,,,,,,,,,,,,,
,04-22-2015,11:14:28, Lane 1 ,Fwd,FF,,88,3,57,,2,10.74,,,,,,,,,,,,,,,,,,,,,,,,10.74,-,,,,,,,,,,,,,,,,,,,,,,,,,-,-,,,,,,,,,,,,,,,,,,,,,,,,,
,04-22-2015,11:15:15, Lane 1 ,Fwd,FF,,89,3,61,,2,11.29,,,,,,,,,,,,,,,,,,,,,,,,11.29,-,,,,,,,,,,,,,,,,,,,,,,,,,-,-,,,,,,,,,,,,,,,,,,,,,,,,,
,04-22-2015,11:15:32, Lane 1 ,Fwd,FF,,90,3,64,,2,11.53,,,,,,,,,,,,,,,,,,,,,,,,11.53,-,,,,,,,,,,,,,,,,,,,,,,,,,-,-,,,,,,,,,,,,,,,,,,,,,,,,,
,04-22-2015,11:15:56, Lane 1 ,Fwd,FF,,91,3,62,,2,10.65,,,,,,,,,,,,,,,,,,,,,,,,10.65,-,,,,,,,,,,,,,,,,,,,,,,,,,-,-,,,,,,,,,,,,,,,,,,,,,,,,,
,04-22-2015,11:15:59, Lane 1 ,Fwd,FF,,92,2,62,,2,8.75,,,,,,,,,,,,,,,,,,,,,,,,8.75,-,,,,,,,,,,,,,,,,,,,,,,,,,-,-,,,,,,,,,,,,,,,,,,,,,,,,,
,04-22-2015,11:16:02, Lane 1 ,Fwd,FF,,93,2,58,,2,9.11,,,,,,,,,,,,,,,,,,,,,,,,9.11,-,,,,,,,,,,,,,,,,,,,,,,,,,-,-,,,,,,,,,,,,,,,,,,,,,,,,,
,04-22-2015,11:16:43, Lane 1 ,Fwd,FF,,94,8,56,,3,15.76,23.10,,,,,,,,,,,,,,,,,,,,,,,38.86,-,,,,,,,,,,,,,,,,,,,,,,,,,-,-,,,,,,,,,,,,,,,,,,,,,,,,,
,04-22-2015,11:16:46, Lane 1 ,Fwd,FF,,95,2,58,,2,9.60,,,,,,,,,,,,,,,,,,,,,,,,9.60,-,,,,,,,,,,,,,,,,,,,,,,,,,-,-,,,,,,,,,,,,,,,,,,,,,,,,,
,04-22-2015,11:16:48, Lane 1 ,Fwd,FF,,96,2,56,,2,9.35,,,,,,,,,,,,,,,,,,,,,,,,9.35,-,,,,,,,,,,,,,,,,,,,,,,,,,-,-,,,,,,,,,,,,,,,,,,,,,,,,,
,04-22-2015,11:16:52, Lane 1 ,Fwd,FF,,97,3,59,,2,11.57,,,,,,,,,,,,,,,,,,,,,,,,11.57,-,,,,,,,,,,,,,,,,,,,,,,,,,-,-,,,,,,,,,,,,,,,,,,,,,,,,,
,04-22-2015,11:17:15, Lane 1 ,Fwd,FF,,98,2,61,,2,8.44,,,,,,,,,,,,,,,,,,,,,,,,8.44,-,,,,,,,,,,,,,,,,,,,,,,,,,-,-,,,,,,,,,,,,,,,,,,,,,,,,,
,04-22-2015,11:17:16, Lane 1 ,Fwd,FF,,99,2,61,,4,9.60,35.38,9.33,,,,,,,,,,,,,,,,,,,,,,54.31,-,,,,,,,,,,,,,,,,,,,,,,,,,-,-,,,,,,,,,,,,,,,,,,,,,,,,,
,04-22-2015,11:17:18, Lane 1 ,Fwd,FF,,100,2,63,,2,8.89,,,,,,,,,,,,,,,,,,,,,,,,8.89,-,,,,,,,,,,,,,,,,,,,,,,,,,-,-,,,,,,,,,,,,,,,,,,,,,,,,,
,04-22-2015,11:17:22, Lane 1 ,Fwd,FF,,101,3,61,,2,10.57,,,,,,,,,,,,,,,,,,,,,,,,10.57,-,,,,,,,,,,,,,,,,,,,,,,,,,-,-,,,,,,,,,,,,,,,,,,,,,,,,,
,04-22-2015,11:17:28, Lane 1 ,Fwd,FF,,102,2,59,,2,9.41,,,,,,,,,,,,,,,,,,,,,,,,9.41,-,,,,,,,,,,,,,,,,,,,,,,,,,-,-,,,,,,,,,,,,,,,,,,,,,,,,,
,04-22-2015,11:18:03, Lane 1 ,Fwd,FF,,103,2,56,,2,8.98,,,,,,,,,,,,,,,,,,,,,,,,8.98,-,,,,,,,,,,,,,,,,,,,,,,,,,-,-,,,,,,,,,,,,,,,,,,,,,,,,,
,04-22-2015,11:18:04, Lane 1 ,Fwd,FF,,104,3,55,,2,11.84,,,,,,,,,,,,,,,,,,,,,,,,11.84,-,,,,,,,,,,,,,,,,,,,,,,,,,-,-,,,,,,,,,,,,,,,,,,,,,,,,,
,04-22-2015,11:18:10, Lane 1 ,Fwd,FF,,105,2,59,,2,8.98,,,,,,,,,,,,,,,,,,,,,,,,8.98,-,,,,,,,,,,,,,,,,,,,,,,,,,-,-,,,,,,,,,,,,,,,,,,,,,,,,,
,04-22-2015,11:18:12, Lane 1 ,Fwd,FF,,106,2,61,,2,8.89,,,,,,,,,,,,,,,,,,,,,,,,8.89,-,,,,,,,,,,,,,,,,,,,,,,,,,-,-,,,,,,,,,,,,,,,,,,,,,,,,,
,04-22-2015,11:18:14, Lane 1 ,Fwd,FF,,107,2,57,,2,9.06,,,,,,,,,,,,,,,,,,,,,,,,9.06,-,,,,,,,,,,,,,,,,,,,,,,,,,-,-,,,,,,,,,,,,,,,,,,,,,,,,,
,04-22-2015,11:18:51, Lane 1 ,Fwd,FF,,108,2,56,,4,13.74,30.87,11.59,,,,,,,,,,,,,,,,,,,,,,56.20,-,,,,,,,,,,,,,,,,,,,,,,,,,-,-,,,,,,,,,,,,,,,,,,,,,,,,,
,04-22-2015,11:19:03, Lane 1 ,Fwd,FF,,109,2,56,,2,8.74,,,,,,,,,,,,,,,,,,,,,,,,8.74,-,,,,,,,,,,,,,,,,,,,,,,,,,-,-,,,,,,,,,,,,,,,,,,,,,,,,,
,04-22-2015,11:19:08, Lane 1 ,Fwd,FF,,110,2,58,,2,9.69,,,,,,,,,,,,,,,,,,,,,,,,9.69,-,,,,,,,,,,,,,,,,,,,,,,,,,-,-,,,,,,,,,,,,,,,,,,,,,,,,,
,04-22-2015,11:19:15, Lane 1 ,Fwd,FF,,111,2,63,,2,8.93,,,,,,,,,,,,,,,,,,,,,,,,8.93,-,,,,,,,,,,,,,,,,,,,,,,,,,-,-,,,,,,,,,,,,,,,,,,,,,,,,,
,04-22-2015,11:19:29, Lane 1 ,Fwd,FF,,112,5,53,,2,13.02,,,,,,,,,,,,,,,,,,,,,,,,13.02,-,,,,,,,,,,,,,,,,,,,,,,,,,-,-,,,,,,,,,,,,,,,,,,,,,,,,,
,04-22-2015,11:19:30, Lane 1 ,Fwd,FF,,113,2,54,,2,9.95,,,,,,,,,,,,,,,,,,,,,,,,9.95,-,,,,,,,,,,,,,,,,,,,,,,,,,-,-,,,,,,,,,,,,,,,,,,,,,,,,,
,04-22-2015,11:19:31, Lane 1 ,Fwd,FF,,114,2,52,,2,8.61,,,,,,,,,,,,,,,,,,,,,,,,8.61,-,,,,,,,,,,,,,,,,,,,,,,,,,-,-,,,,,,,,,,,,,,,,,,,,,,,,,
,04-22-2015,11:19:32, Lane 1 ,Fwd,FF,,115,2,51,,2,9.76,,,,,,,,,,,,,,,,,,,,,,,,9.76,-,,,,,,,,,,,,,,,,,,,,,,,,,-,-,,,,,,,,,,,,,,,,,,,,,,,,,
,04-22-2015,11:19:33, Lane 1 ,Fwd,FF,,116,2,52,,2,8.91,,,,,,,,,,,,,,,,,,,,,,,,8.91,-,,,,,,,,,,,,,,,,,,,,,,,,,-,-,,,,,,,,,,,,,,,,,,,,,,,,,
,04-22-2015,11:19:35, Lane 1 ,Fwd,FF,,117,2,50,,2,9.31,,,,,,,,,,,,,,,,,,,,,,,,9.31,-,,,,,,,,,,,,,,,,,,,,,,,,,-,-,,,,,,,,,,,,,,,,,,,,,,,,,
,04-22-2015,11:19:36, Lane 1 ,Fwd,FF,,118,2,48,,2,9.11,,,,,,,,,,,,,,,,,,,,,,,,9.11,-,,,,,,,,,,,,,,,,,,,,,,,,,-,-,,,,,,,,,,,,,,,,,,,,,,,,,
,04-22-2015,11:19:45, Lane 1 ,Fwd,FF,,119,3,56,,2,12.00,,,,,,,,,,,,,,,,,,,,,,,,12.00,-,,,,,,,,,,,,,,,,,,,,,,,,,-,-,,,,,,,,,,,,,,,,,,,,,,,,,
,04-22-2015,11:19:47, Lane 1 ,Fwd,FF,,120,3,58,,2,10.98,,,,,,,,,,,,,,,,,,,,,,,,10.98,-,,,,,,,,,,,,,,,,,,,,,,,,,-,-,,,,,,,,,,,,,,,,,,,,,,,,,
,04-22-2015,11:20:09, Lane 1 ,Fwd,FF,,121,2,57,,2,7.67,,,,,,,,,,,,,,,,,,,,,,,,7.67,-,,,,,,,,,,,,,,,,,,,,,,,,,-,-,,,,,,,,,,,,,,,,,,,,,,,,,
,04-22-2015,11:20:16, Lane 1 ,Fwd,FF,,122,3,65,,2,11.81,,,,,,,,,,,,,,,,,,,,,,,,11.81,-,,,,,,,,,,,,,,,,,,,,,,,,,-,-,,,,,,,,,,,,,,,,,,,,,,,,,
,04-22-2015,11:20:23, Lane 1 ,Fwd,FF,,123,2,54,,2,8.71,,,,,,,,,,,,,,,,,,,,,,,,8.71,-,,,,,,,,,,,,,,,,,,,,,,,,,-,-,,,,,,,,,,,,,,,,,,,,,,,,,
,04-22-2015,11:20:45, Lane 1 ,Fwd,FF,,124,2,62,,2,8.82,,,,,,,,,,,,,,,,,,,,,,,,8.82,-,,,,,,,,,,,,,,,,,,,,,,,,,-,-,,,,,,,,,,,,,,,,,,,,,,,,,
,04-22-2015,11:20:52, Lane 1 ,Fwd,FF,,125,3,62,,2,11.00,,,,,,,,,,,,,,,,,,,,,,,,11.00,-,,,,,,,,,,,,,,,,,,,,,,,,,-,-,,,,,,,,,,,,,,,,,,,,,,,,,
,04-22-2015,11:21:26, Lane 1 ,Fwd,FF,,126,2,59,,2,8.26,,,,,,,,,,,,,,,,,,,,,,,,8.26,-,,,,,,,,,,,,,,,,,,,,,,,,,-,-,,,,,,,,,,,,,,,,,,,,,,,,,
,04-22-2015,11:21:27, Lane 1 ,Fwd,FF,,127,2,62,,2,8.93,,,,,,,,,,,,,,,,,,,,,,,,8.93,-,,,,,,,,,,,,,,,,,,,,,,,,,-,-,,,,,,,,,,,,,,,,,,,,,,,,,
,04-22-2015,11:21:29, Lane 1 ,Fwd,FF,,128,2,65,,2,8.48,,,,,,,,,,,,,,,,,,,,,,,,8.48,-,,,,,,,,,,,,,,,,,,,,,,,,,-,-,,,,,,,,,,,,,,,,,,,,,,,,,
,04-22-2015,11:21:33, Lane 1 ,Fwd,FF,,129,2,61,,2,8.53,,,,,,,,,,,,,,,,,,,,,,,,8.53,-,,,,,,,,,,,,,,,,,,,,,,,,,-,-,,,,,,,,,,,,,,,,,,,,,,,,,
,04-22-2015,11:21:35, Lane 1 ,Fwd,FF,,130,3,61,,2,11.56,,,,,,,,,,,,,,,,,,,,,,,,11.56,-,,,,,,,,,,,,,,,,,,,,,,,,,-,-,,,,,,,,,,,,,,,,,,,,,,,,,
,04-22-2015,11:21:43, Lane 1 ,Fwd,FF,,131,4,56,,2,23.43,,,,,,,,,,,,,,,,,,,,,,,,23.43,-,,,,,,,,,,,,,,,,,,,,,,,,,-,-,,,,,,,,,,,,,,,,,,,,,,,,,
,04-22-2015,11:21:45, Lane 1 ,Fwd,FF,,132,2,55,,2,8.43,,,,,,,,,,,,,,,,,,,,,,,,8.43,-,,,,,,,,,,,,,,,,,,,,,,,,,-,-,,,,,,,,,,,,,,,,,,,,,,,,,
,04-22-2015,11:21:48, Lane 1 ,Fwd,FF,,133,3,58,,2,11.83,,,,,,,,,,,,,,,,,,,,,,,,11.83,-,,,,,,,,,,,,,,,,,,,,,,,,,-,-,,,,,,,,,,,,,,,,,,,,,,,,,
,04-22-2015,11:21:53, Lane 1 ,Fwd,FF,,134,4,58,,3,20.06,4.20,,,,,,,,,,,,,,,,,,,,,,,24.26,-,,,,,,,,,,,,,,,,,,,,,,,,,-,-,,,,,,,,,,,,,,,,,,,,,,,,,
,04-22-2015,11:21:54, Lane 1 ,Fwd,FF,,135,2,58,,2,9.72,,,,,,,,,,,,,,,,,,,,,,,,9.72,-,,,,,,,,,,,,,,,,,,,,,,,,,-,-,,,,,,,,,,,,,,,,,,,,,,,,,
,04-22-2015,11:21:56, Lane 1 ,Fwd,FF,,136,3,60,,2,12.61,,,,,,,,,,,,,,,,,,,,,,,,12.61,-,,,,,,,,,,,,,,,,,,,,,,,,,-,-,,,,,,,,,,,,,,,,,,,,,,,,,
,04-22-2015,11:22:10, Lane 1 ,Fwd,FF,,137,6,62,,3,15.73,4.27,,,,,,,,,,,,,,,,,,,,,,,20.00,-,,,,,,,,,,,,,,,,,,,,,,,,,-,-,,,,,,,,,,,,,,,,,,,,,,,,,
,04-22-2015,11:22:12, Lane 1 ,Fwd,FF,,138,3,61,,2,11.20,,,,,,,,,,,,,,,,,,,,,,,,11.20,-,,,,,,,,,,,,,,,,,,,,,,,,,-,-,,,,,,,,,,,,,,,,,,,,,,,,,
,04-22-2015,11:22:14, Lane 1 ,Fwd,FF,,139,2,58,,2,9.09,,,,,,,,,,,,,,,,,,,,,,,,9.09,-,,,,,,,,,,,,,,,,,,,,,,,,,-,-,,,,,,,,,,,,,,,,,,,,,,,,,
,04-22-2015,11:22:26, Lane 1 ,Fwd,FF,,140,2,57,,2,8.50,,,,,,,,,,,,,,,,,,,,,,,,8.50,-,,,,,,,,,,,,,,,,,,,,,,,,,-,-,,,,,,,,,,,,,,,,,,,,,,,,,
,04-22-2015,11:22:29, Lane 1 ,Fwd,FF,,141,2,59,,2,9.65,,,,,,,,,,,,,,,,,,,,,,,,9.65,-,,,,,,,,,,,,,,,,,,,,,,,,,-,-,,,,,,,,,,,,,,,,,,,,,,,,,
,04-22-2015,11:23:30, Lane 1 ,Fwd,FF,,142,3,57,,2,12.84,,,,,,,,,,,,,,,,,,,,,,,,12.84,-,,,,,,,,,,,,,,,,,,,,,,,,,-,-,,,,,,,,,,,,,,,,,,,,,,,,,
,04-22-2015,11:23:32, Lane 1 ,Fwd,FF,,143,9,56,,5,12.50,4.22,26.49,4.06,,,,,,,,,,,,,,,,,,,,,47.27,-,,,,,,,,,,,,,,,,,,,,,,,,,-,-,,,,,,,,,,,,,,,,,,,,,,,,,
,04-22-2015,11:23:49, Lane 1 ,Fwd,FF,,144,2,54,,2,8.21,,,,,,,,,,,,,,,,,,,,,,,,8.21,-,,,,,,,,,,,,,,,,,,,,,,,,,-,-,,,,,,,,,,,,,,,,,,,,,,,,,
,04-22-2015,11:23:52, Lane 1 ,Fwd,FF,,145,9,57,,5,11.50,4.25,30.25,3.92,,,,,,,,,,,,,,,,,,,,,49.92,-,,,,,,,,,,,,,,,,,,,,,,,,,-,-,,,,,,,,,,,,,,,,,,,,,,,,,
,04-22-2015,11:23:55, Lane 1 ,Fwd,FF,,146,3,52,,2,11.77,,,,,,,,,,,,,,,,,,,,,,,,11.77,-,,,,,,,,,,,,,,,,,,,,,,,,,-,-,,,,,,,,,,,,,,,,,,,,,,,,,
,04-22-2015,11:23:57, Lane 1 ,Fwd,FF,,147,2,54,,2,8.82,,,,,,,,,,,,,,,,,,,,,,,,8.82,-,,,,,,,,,,,,,,,,,,,,,,,,,-,-,,,,,,,,,,,,,,,,,,,,,,,,,
,04-22-2015,11:24:34, Lane 1 ,Fwd,FF,,148,2,60,,2,9.64,,,,,,,,,,,,,,,,,,,,,,,,9.64,-,,,,,,,,,,,,,,,,,,,,,,,,,-,-,,,,,,,,,,,,,,,,,,,,,,,,,
,04-22-2015,11:24:40, Lane 1 ,Fwd,FF,,149,2,58,,2,8.83,,,,,,,,,,,,,,,,,,,,,,,,8.83,-,,,,,,,,,,,,,,,,,,,,,,,,,-,-,,,,,,,,,,,,,,,,,,,,,,,,,
,04-22-2015,11:24:52, Lane 1 ,Fwd,FF,,150,5,58,,2,14.14,,,,,,,,,,,,,,,,,,,,,,,,14.14,-,,,,,,,,,,,,,,,,,,,,,,,,,-,-,,,,,,,,,,,,,,,,,,,,,,,,,
,04-22-2015,11:24:55, Lane 1 ,Fwd,FF,,151,2,57,,2,8.39,,,,,,,,,,,,,,,,,,,,,,,,8.39,-,,,,,,,,,,,,,,,,,,,,,,,,,-,-,,,,,,,,,,,,,,,,,,,,,,,,,
,04-22-2015,11:24:56, Lane 1 ,Fwd,FF,,152,3,55,,2,11.28,,,,,,,,,,,,,,,,,,,,,,,,11.28,-,,,,,,,,,,,,,,,,,,,,,,,,,-,-,,,,,,,,,,,,,,,,,,,,,,,,,
,04-22-2015,11:25:08, Lane 1 ,Fwd,FF,,153,2,55,,2,9.00,,,,,,,,,,,,,,,,,,,,,,,,9.00,-,,,,,,,,,,,,,,,,,,,,,,,,,-,-,,,,,,,,,,,,,,,,,,,,,,,,,
,04-22-2015,11:25:09, Lane 1 ,Fwd,FF,,154,2,54,,2,9.69,,,,,,,,,,,,,,,,,,,,,,,,9.69,-,,,,,,,,,,,,,,,,,,,,,,,,,-,-,,,,,,,,,,,,,,,,,,,,,,,,,
,04-22-2015,11:25:12, Lane 1 ,Fwd,FF,,155,3,53,,2,10.84,,,,,,,,,,,,,,,,,,,,,,,,10.84,-,,,,,,,,,,,,,,,,,,,,,,,,,-,-,,,,,,,,,,,,,,,,,,,,,,,,,
,04-22-2015,11:25:20, Lane 1 ,Fwd,FF,,156,2,61,,2,8.15,,,,,,,,,,,,,,,,,,,,,,,,8.15,-,,,,,,,,,,,,,,,,,,,,,,,,,-,-,,,,,,,,,,,,,,,,,,,,,,,,,
,04-22-2015,11:26:12, Lane 1 ,Fwd,FF,,157,2,66,,2,9.79,,,,,,,,,,,,,,,,,,,,,,,,9.79,-,,,,,,,,,,,,,,,,,,,,,,,,,-,-,,,,,,,,,,,,,,,,,,,,,,,,,
,04-22-2015,11:26:19, Lane 1 ,Fwd,FF,,158,5,58,,2,14.30,,,,,,,,,,,,,,,,,,,,,,,,14.30,-,,,,,,,,,,,,,,,,,,,,,,,,,-,-,,,,,,,,,,,,,,,,,,,,,,,,,
,04-22-2015,11:26:21, Lane 1 ,Fwd,FF,,159,2,59,,2,9.84,,,,,,,,,,,,,,,,,,,,,,,,9.84,-,,,,,,,,,,,,,,,,,,,,,,,,,-,-,,,,,,,,,,,,,,,,,,,,,,,,,
,04-22-2015,11:26:25, Lane 1 ,Fwd,FF,,160,2,58,,2,8.68,,,,,,,,,,,,,,,,,,,,,,,,8.68,-,,,,,,,,,,,,,,,,,,,,,,,,,-,-,,,,,,,,,,,,,,,,,,,,,,,,,
,04-22-2015,11:27:00, Lane 1 ,Fwd,FF,,161,3,61,,2,10.31,,,,,,,,,,,,,,,,,,,,,,,,10.31,-,,,,,,,,,,,,,,,,,,,,,,,,,-,-,,,,,,,,,,,,,,,,,,,,,,,,,
,04-22-2015,11:27:03, Lane 1 ,Fwd,FF,,162,2,59,,2,9.05,,,,,,,,,,,,,,,,,,,,,,,,9.05,-,,,,,,,,,,,,,,,,,,,,,,,,,-,-,,,,,,,,,,,,,,,,,,,,,,,,,
,04-22-2015,11:27:05, Lane 1 ,Fwd,FF,,163,3,60,,2,11.82,,,,,,,,,,,,,,,,,,,,,,,,11.82,-,,,,,,,,,,,,,,,,,,,,,,,,,-,-,,,,,,,,,,,,,,,,,,,,,,,,,
,04-22-2015,11:27:13, Lane 1 ,Fwd,FF,,164,2,63,,2,8.86,,,,,,,,,,,,,,,,,,,,,,,,8.86,-,,,,,,,,,,,,,,,,,,,,,,,,,-,-,,,,,,,,,,,,,,,,,,,,,,,,,
,04-22-2015,11:28:15, Lane 1 ,Fwd,FF,,165,2,57,,2,8.39,,,,,,,,,,,,,,,,,,,,,,,,8.39,-,,,,,,,,,,,,,,,,,,,,,,,,,-,-,,,,,,,,,,,,,,,,,,,,,,,,,
,04-22-2015,11:28:26, Lane 1 ,Fwd,FF,,166,2,58,,2,8.94,,,,,,,,,,,,,,,,,,,,,,,,8.94,-,,,,,,,,,,,,,,,,,,,,,,,,,-,-,,,,,,,,,,,,,,,,,,,,,,,,,
,04-22-2015,11:28:27, Lane 1 ,Fwd,FF,,167,3,58,,2,11.83,,,,,,,,,,,,,,,,,,,,,,,,11.83,-,,,,,,,,,,,,,,,,,,,,,,,,,-,-,,,,,,,,,,,,,,,,,,,,,,,,,
,04-22-2015,11:28:29, Lane 1 ,Fwd,FF,,168,2,58,,2,8.37,,,,,,,,,,,,,,,,,,,,,,,,8.37,-,,,,,,,,,,,,,,,,,,,,,,,,,-,-,,,,,,,,,,,,,,,,,,,,,,,,,
,04-22-2015,11:28:30, Lane 1 ,Fwd,FF,,169,2,55,,2,8.54,,,,,,,,,,,,,,,,,,,,,,,,8.54,-,,,,,,,,,,,,,,,,,,,,,,,,,-,-,,,,,,,,,,,,,,,,,,,,,,,,,
,04-22-2015,11:28:31, Lane 1 ,Fwd,FF,,170,2,56,,2,9.02,,,,,,,,,,,,,,,,,,,,,,,,9.02,-,,,,,,,,,,,,,,,,,,,,,,,,,-,-,,,,,,,,,,,,,,,,,,,,,,,,,
,04-22-2015,11:28:33, Lane 1 ,Fwd,FF,,171,2,60,,2,8.74,,,,,,,,,,,,,,,,,,,,,,,,8.74,-,,,,,,,,,,,,,,,,,,,,,,,,,-,-,,,,,,,,,,,,,,,,,,,,,,,,,
,04-22-2015,11:28:36, Lane 1 ,Fwd,FF,,172,2,59,,2,8.98,,,,,,,,,,,,,,,,,,,,,,,,8.98,-,,,,,,,,,,,,,,,,,,,,,,,,,-,-,,,,,,,,,,,,,,,,,,,,,,,,,
,04-22-2015,11:28:38, Lane 1 ,Fwd,FF,,173,2,58,,2,8.57,,,,,,,,,,,,,,,,,,,,,,,,8.57,-,,,,,,,,,,,,,,,,,,,,,,,,,-,-,,,,,,,,,,,,,,,,,,,,,,,,,
,04-22-2015,11:28:51, Lane 1 ,Fwd,FF,,174,2,61,,2,9.07,,,,,,,,,,,,,,,,,,,,,,,,9.07,-,,,,,,,,,,,,,,,,,,,,,,,,,-,-,,,,,,,,,,,,,,,,,,,,,,,,,
,04-22-2015,11:29:21, Lane 1 ,Fwd,FF,,175,6,61,,3,13.79,4.48,,,,,,,,,,,,,,,,,,,,,,,18.27,-,,,,,,,,,,,,,,,,,,,,,,,,,-,-,,,,,,,,,,,,,,,,,,,,,,,,,
,04-22-2015,11:29:24, Lane 1 ,Fwd,FF,,176,2,58,,2,9.34,,,,,,,,,,,,,,,,,,,,,,,,9.34,-,,,,,,,,,,,,,,,,,,,,,,,,,-,-,,,,,,,,,,,,,,,,,,,,,,,,,
,04-22-2015,11:29:26, Lane 1 ,Fwd,FF,,177,5,58,,2,13.44,,,,,,,,,,,,,,,,,,,,,,,,13.44,-,,,,,,,,,,,,,,,,,,,,,,,,,-,-,,,,,,,,,,,,,,,,,,,,,,,,,
,04-22-2015,11:29:30, Lane 1 ,Fwd,FF,,178,2,62,,2,9.66,,,,,,,,,,,,,,,,,,,,,,,,9.66,-,,,,,,,,,,,,,,,,,,,,,,,,,-,-,,,,,,,,,,,,,,,,,,,,,,,,,
,04-22-2015,11:29:39, Lane 1 ,Fwd,FF,,179,3,55,,2,12.64,,,,,,,,,,,,,,,,,,,,,,,,12.64,-,,,,,,,,,,,,,,,,,,,,,,,,,-,-,,,,,,,,,,,,,,,,,,,,,,,,,
,04-22-2015,11:29:41, Lane 1 ,Fwd,FF,,180,2,54,,2,9.65,,,,,,,,,,,,,,,,,,,,,,,,9.65,-,,,,,,,,,,,,,,,,,,,,,,,,,-,-,,,,,,,,,,,,,,,,,,,,,,,,,
,04-22-2015,11:29:42, Lane 1 ,Fwd,FF,,181,5,55,,2,13.46,,,,,,,,,,,,,,,,,,,,,,,,13.46,-,,,,,,,,,,,,,,,,,,,,,,,,,-,-,,,,,,,,,,,,,,,,,,,,,,,,,
,04-22-2015,11:29:53, Lane 1 ,Fwd,FF,,182,2,62,,2,8.48,,,,,,,,,,,,,,,,,,,,,,,,8.48,-,,,,,,,,,,,,,,,,,,,,,,,,,-,-,,,,,,,,,,,,,,,,,,,,,,,,,
,04-22-2015,11:30:35, Lane 1 ,Fwd,FF,,183,2,61,,2,8.80,,,,,,,,,,,,,,,,,,,,,,,,8.80,-,,,,,,,,,,,,,,,,,,,,,,,,,-,-,,,,,,,,,,,,,,,,,,,,,,,,,
,04-22-2015,11:30:37, Lane 1 ,Fwd,FF,,184,2,59,,2,9.05,,,,,,,,,,,,,,,,,,,,,,,,9.05,-,,,,,,,,,,,,,,,,,,,,,,,,,-,-,,,,,,,,,,,,,,,,,,,,,,,,,
,04-22-2015,11:30:39, Lane 1 ,Fwd,FF,,185,3,60,,2,11.91,,,,,,,,,,,,,,,,,,,,,,,,11.91,-,,,,,,,,,,,,,,,,,,,,,,,,,-,-,,,,,,,,,,,,,,,,,,,,,,,,,
,04-22-2015,11:30:48, Lane 1 ,Fwd,FF,,186,3,62,,2,11.01,,,,,,,,,,,,,,,,,,,,,,,,11.01,-,,,,,,,,,,,,,,,,,,,,,,,,,-,-,,,,,,,,,,,,,,,,,,,,,,,,,
,04-22-2015,11:30:50, Lane 1 ,Fwd,FF,,187,2,63,,2,9.88,,,,,,,,,,,,,,,,,,,,,,,,9.88,-,,,,,,,,,,,,,,,,,,,,,,,,,-,-,,,,,,,,,,,,,,,,,,,,,,,,,
,04-22-2015,11:30:51, Lane 1 ,Fwd,FF,,188,2,63,,2,9.21,,,,,,,,,,,,,,,,,,,,,,,,9.21,-,,,,,,,,,,,,,,,,,,,,,,,,,-,-,,,,,,,,,,,,,,,,,,,,,,,,,
,04-22-2015,11:31:13, Lane 1 ,Fwd,FF,,189,3,55,,2,11.36,,,,,,,,,,,,,,,,,,,,,,,,11.36,-,,,,,,,,,,,,,,,,,,,,,,,,,-,-,,,,,,,,,,,,,,,,,,,,,,,,,
,04-22-2015,11:31:20, Lane 1 ,Fwd,FF,,190,2,51,,2,8.74,,,,,,,,,,,,,,,,,,,,,,,,8.74,-,,,,,,,,,,,,,,,,,,,,,,,,,-,-,,,,,,,,,,,,,,,,,,,,,,,,,
,04-22-2015,11:31:43, Lane 1 ,Fwd,FF,,191,2,63,,2,8.70,,,,,,,,,,,,,,,,,,,,,,,,8.70,-,,,,,,,,,,,,,,,,,,,,,,,,,-,-,,,,,,,,,,,,,,,,,,,,,,,,,
,04-22-2015,11:32:06, Lane 1 ,Fwd,FF,,192,3,55,,2,12.98,,,,,,,,,,,,,,,,,,,,,,,,12.98,-,,,,,,,,,,,,,,,,,,,,,,,,,-,-,,,,,,,,,,,,,,,,,,,,,,,,,
,04-22-2015,11:32:30, Lane 1 ,Fwd,FF,,193,2,61,,2,8.60,,,,,,,,,,,,,,,,,,,,,,,,8.60,-,,,,,,,,,,,,,,,,,,,,,,,,,-,-,,,,,,,,,,,,,,,,,,,,,,,,,
,04-22-2015,11:32:53, Lane 1 ,Fwd,FF,,194,3,47,,2,11.79,,,,,,,,,,,,,,,,,,,,,,,,11.79,-,,,,,,,,,,,,,,,,,,,,,,,,,-,-,,,,,,,,,,,,,,,,,,,,,,,,,
,04-22-2015,11:32:55, Lane 1 ,Fwd,FF,,195,3,47,,2,10.64,,,,,,,,,,,,,,,,,,,,,,,,10.64,-,,,,,,,,,,,,,,,,,,,,,,,,,-,-,,,,,,,,,,,,,,,,,,,,,,,,,
,04-22-2015,11:32:56, Lane 1 ,Fwd,FF,,196,3,48,,2,11.29,,,,,,,,,,,,,,,,,,,,,,,,11.29,-,,,,,,,,,,,,,,,,,,,,,,,,,-,-,,,,,,,,,,,,,,,,,,,,,,,,,
,04-22-2015,11:32:58, Lane 1 ,Fwd,FF,,197,2,45,,2,9.02,,,,,,,,,,,,,,,,,,,,,,,,9.02,-,,,,,,,,,,,,,,,,,,,,,,,,,-,-,,,,,,,,,,,,,,,,,,,,,,,,,
,04-22-2015,11:33:00, Lane 1 ,Fwd,FF,,198,8,46,,4,13.73,15.67,2.80,,,,,,,,,,,,,,,,,,,,,,32.20,-,,,,,,,,,,,,,,,,,,,,,,,,,-,-,,,,,,,,,,,,,,,,,,,,,,,,,
,04-22-2015,11:33:01, Lane 1 ,Fwd,FF,,199,2,43,,2,9.65,,,,,,,,,,,,,,,,,,,,,,,,9.65,-,,,,,,,,,,,,,,,,,,,,,,,,,-,-,,,,,,,,,,,,,,,,,,,,,,,,,
,04-22-2015,11:33:03, Lane 1 ,Fwd,FF,,200,2,48,,2,8.65,,,,,,,,,,,,,,,,,,,,,,,,8.65,-,,,,,,,,,,,,,,,,,,,,,,,,,-,-,,,,,,,,,,,,,,,,,,,,,,,,,
,04-22-2015,11:33:04, Lane 1 ,Fwd,FF,,201,3,49,,2,10.92,,,,,,,,,,,,,,,,,,,,,,,,10.92,-,,,,,,,,,,,,,,,,,,,,,,,,,-,-,,,,,,,,,,,,,,,,,,,,,,,,,
,04-22-2015,11:33:06, Lane 1 ,Fwd,FF,,202,3,52,,2,11.85,,,,,,,,,,,,,,,,,,,,,,,,11.85,-,,,,,,,,,,,,,,,,,,,,,,,,,-,-,,,,,,,,,,,,,,,,,,,,,,,,,
,04-22-2015,11:33:09, Lane 1 ,Fwd,FF,,203,2,49,,2,8.34,,,,,,,,,,,,,,,,,,,,,,,,8.34,-,,,,,,,,,,,,,,,,,,,,,,,,,-,-,,,,,,,,,,,,,,,,,,,,,,,,,
,04-22-2015,11:33:10, Lane 1 ,Fwd,FF,,204,3,49,,2,12.94,,,,,,,,,,,,,,,,,,,,,,,,12.94,-,,,,,,,,,,,,,,,,,,,,,,,,,-,-,,,,,,,,,,,,,,,,,,,,,,,,,
,04-22-2015,11:34:10, Lane 1 ,Fwd,FF,,205,2,63,,2,8.56,,,,,,,,,,,,,,,,,,,,,,,,8.56,-,,,,,,,,,,,,,,,,,,,,,,,,,-,-,,,,,,,,,,,,,,,,,,,,,,,,,
,04-22-2015,11:34:29, Lane 1 ,Fwd,FF,,206,2,63,,2,8.86,,,,,,,,,,,,,,,,,,,,,,,,8.86,-,,,,,,,,,,,,,,,,,,,,,,,,,-,-,,,,,,,,,,,,,,,,,,,,,,,,,
,04-22-2015,11:34:32, Lane 1 ,Fwd,FF,,207,2,56,,2,9.06,,,,,,,,,,,,,,,,,,,,,,,,9.06,-,,,,,,,,,,,,,,,,,,,,,,,,,-,-,,,,,,,,,,,,,,,,,,,,,,,,,
,04-22-2015,11:34:35, Lane 1 ,Fwd,FF,,208,5,55,,2,15.92,,,,,,,,,,,,,,,,,,,,,,,,15.92,-,,,,,,,,,,,,,,,,,,,,,,,,,-,-,,,,,,,,,,,,,,,,,,,,,,,,,
,04-22-2015,11:34:36, Lane 1 ,Fwd,FF,,209,2,55,,2,9.60,,,,,,,,,,,,,,,,,,,,,,,,9.60,-,,,,,,,,,,,,,,,,,,,,,,,,,-,-,,,,,,,,,,,,,,,,,,,,,,,,,
,04-22-2015,11:34:40, Lane 1 ,Fwd,FF,,210,3,52,,2,10.85,,,,,,,,,,,,,,,,,,,,,,,,10.85,-,,,,,,,,,,,,,,,,,,,,,,,,,-,-,,,,,,,,,,,,,,,,,,,,,,,,,
,04-22-2015,11:34:42, Lane 1 ,Fwd,FF,,211,2,50,,2,9.22,,,,,,,,,,,,,,,,,,,,,,,,9.22,-,,,,,,,,,,,,,,,,,,,,,,,,,-,-,,,,,,,,,,,,,,,,,,,,,,,,,
,04-22-2015,11:34:45, Lane 1 ,Fwd,FF,,212,3,56,,2,11.26,,,,,,,,,,,,,,,,,,,,,,,,11.26,-,,,,,,,,,,,,,,,,,,,,,,,,,-,-,,,,,,,,,,,,,,,,,,,,,,,,,
,04-22-2015,11:34:47, Lane 1 ,Fwd,FF,,213,2,54,,2,8.86,,,,,,,,,,,,,,,,,,,,,,,,8.86,-,,,,,,,,,,,,,,,,,,,,,,,,,-,-,,,,,,,,,,,,,,,,,,,,,,,,,
,04-22-2015,11:35:10, Lane 1 ,Fwd,FF,,214,9,59,,5,12.00,4.23,17.18,4.14,,,,,,,,,,,,,,,,,,,,,37.55,-,,,,,,,,,,,,,,,,,,,,,,,,,-,-,,,,,,,,,,,,,,,,,,,,,,,,,
,04-22-2015,11:35:57, Lane 1 ,Fwd,FF,,215,2,60,,2,9.28,,,,,,,,,,,,,,,,,,,,,,,,9.28,-,,,,,,,,,,,,,,,,,,,,,,,,,-,-,,,,,,,,,,,,,,,,,,,,,,,,,
,04-22-2015,11:35:59, Lane 1 ,Fwd,FF,,216,3,60,,2,11.74,,,,,,,,,,,,,,,,,,,,,,,,11.74,-,,,,,,,,,,,,,,,,,,,,,,,,,-,-,,,,,,,,,,,,,,,,,,,,,,,,,
,04-22-2015,11:36:00, Lane 1 ,Fwd,FF,,217,2,58,,2,9.80,,,,,,,,,,,,,,,,,,,,,,,,9.80,-,,,,,,,,,,,,,,,,,,,,,,,,,-,-,,,,,,,,,,,,,,,,,,,,,,,,,
,04-22-2015,11:36:01, Lane 1 ,Fwd,FF,,218,2,58,,2,8.94,,,,,,,,,,,,,,,,,,,,,,,,8.94,-,,,,,,,,,,,,,,,,,,,,,,,,,-,-,,,,,,,,,,,,,,,,,,,,,,,,,
,04-22-2015,11:36:06, Lane 1 ,Fwd,FF,,219,2,60,,2,9.00,,,,,,,,,,,,,,,,,,,,,,,,9.00,-,,,,,,,,,,,,,,,,,,,,,,,,,-,-,,,,,,,,,,,,,,,,,,,,,,,,,
,04-22-2015,11:36:09, Lane 1 ,Fwd,FF,,220,8,59,,3,11.48,19.86,,,,,,,,,,,,,,,,,,,,,,,31.34,-,,,,,,,,,,,,,,,,,,,,,,,,,-,-,,,,,,,,,,,,,,,,,,,,,,,,,
,04-22-2015,11:36:50, Lane 1 ,Fwd,FF,,221,2,63,,2,8.31,,,,,,,,,,,,,,,,,,,,,,,,8.31,-,,,,,,,,,,,,,,,,,,,,,,,,,-,-,,,,,,,,,,,,,,,,,,,,,,,,,
,04-22-2015,11:37:03, Lane 1 ,Fwd,FF,,222,2,63,,2,8.40,,,,,,,,,,,,,,,,,,,,,,,,8.40,-,,,,,,,,,,,,,,,,,,,,,,,,,-,-,,,,,,,,,,,,,,,,,,,,,,,,,
,04-22-2015,11:37:06, Lane 1 ,Fwd,FF,,223,2,63,,2,9.05,,,,,,,,,,,,,,,,,,,,,,,,9.05,-,,,,,,,,,,,,,,,,,,,,,,,,,-,-,,,,,,,,,,,,,,,,,,,,,,,,,
,04-22-2015,11:37:26, Lane 1 ,Fwd,FF,,224,2,61,,2,9.16,,,,,,,,,,,,,,,,,,,,,,,,9.16,-,,,,,,,,,,,,,,,,,,,,,,,,,-,-,,,,,,,,,,,,,,,,,,,,,,,,,
,04-22-2015,11:37:31, Lane 1 ,Fwd,FF,,225,2,58,,2,9.79,,,,,,,,,,,,,,,,,,,,,,,,9.79,-,,,,,,,,,,,,,,,,,,,,,,,,,-,-,,,,,,,,,,,,,,,,,,,,,,,,,
,04-22-2015,11:37:38, Lane 1 ,Fwd,FF,,226,5,60,,2,13.66,,,,,,,,,,,,,,,,,,,,,,,,13.66,-,,,,,,,,,,,,,,,,,,,,,,,,,-,-,,,,,,,,,,,,,,,,,,,,,,,,,
,04-22-2015,11:37:42, Lane 1 ,Fwd,FF,,227,3,60,,2,10.25,,,,,,,,,,,,,,,,,,,,,,,,10.25,-,,,,,,,,,,,,,,,,,,,,,,,,,-,-,,,,,,,,,,,,,,,,,,,,,,,,,
,04-22-2015,11:37:44, Lane 1 ,Fwd,FF,,228,2,57,,2,8.89,,,,,,,,,,,,,,,,,,,,,,,,8.89,-,,,,,,,,,,,,,,,,,,,,,,,,,-,-,,,,,,,,,,,,,,,,,,,,,,,,,
,04-22-2015,11:37:46, Lane 1 ,Fwd,FF,,229,2,58,,2,9.11,,,,,,,,,,,,,,,,,,,,,,,,9.11,-,,,,,,,,,,,,,,,,,,,,,,,,,-,-,,,,,,,,,,,,,,,,,,,,,,,,,
,04-22-2015,11:37:47, Lane 1 ,Fwd,FF,,230,3,60,,2,11.30,,,,,,,,,,,,,,,,,,,,,,,,11.30,-,,,,,,,,,,,,,,,,,,,,,,,,,-,-,,,,,,,,,,,,,,,,,,,,,,,,,
,04-22-2015,11:38:07, Lane 1 ,Fwd,FF,,231,2,56,,2,9.23,,,,,,,,,,,,,,,,,,,,,,,,9.23,-,,,,,,,,,,,,,,,,,,,,,,,,,-,-,,,,,,,,,,,,,,,,,,,,,,,,,
,04-22-2015,11:38:47, Lane 1 ,Fwd,FF,,232,2,64,,2,8.98,,,,,,,,,,,,,,,,,,,,,,,,8.98,-,,,,,,,,,,,,,,,,,,,,,,,,,-,-,,,,,,,,,,,,,,,,,,,,,,,,,
,04-22-2015,11:39:26, Lane 1 ,Fwd,FF,,233,2,54,,2,9.87,,,,,,,,,,,,,,,,,,,,,,,,9.87,-,,,,,,,,,,,,,,,,,,,,,,,,,-,-,,,,,,,,,,,,,,,,,,,,,,,,,
,04-22-2015,11:39:31, Lane 1 ,Fwd,FF,,234,2,62,,2,8.27,,,,,,,,,,,,,,,,,,,,,,,,8.27,-,,,,,,,,,,,,,,,,,,,,,,,,,-,-,,,,,,,,,,,,,,,,,,,,,,,,,
,04-22-2015,11:39:32, Lane 1 ,Fwd,FF,,235,2,62,,2,8.39,,,,,,,,,,,,,,,,,,,,,,,,8.39,-,,,,,,,,,,,,,,,,,,,,,,,,,-,-,,,,,,,,,,,,,,,,,,,,,,,,,
,04-22-2015,11:39:43, Lane 1 ,Fwd,FF,,236,2,55,,2,8.46,,,,,,,,,,,,,,,,,,,,,,,,8.46,-,,,,,,,,,,,,,,,,,,,,,,,,,-,-,,,,,,,,,,,,,,,,,,,,,,,,,
,04-22-2015,11:40:54, Lane 1 ,Fwd,FF,,237,2,62,,2,8.84,,,,,,,,,,,,,,,,,,,,,,,,8.84,-,,,,,,,,,,,,,,,,,,,,,,,,,-,-,,,,,,,,,,,,,,,,,,,,,,,,,
,04-22-2015,11:41:10, Lane 1 ,Fwd,FF,,238,2,54,,2,8.53,,,,,,,,,,,,,,,,,,,,,,,,8.53,-,,,,,,,,,,,,,,,,,,,,,,,,,-,-,,,,,,,,,,,,,,,,,,,,,,,,,
,04-22-2015,11:41:12, Lane 1 ,Fwd,FF,,239,2,54,,2,9.73,,,,,,,,,,,,,,,,,,,,,,,,9.73,-,,,,,,,,,,,,,,,,,,,,,,,,,-,-,,,,,,,,,,,,,,,,,,,,,,,,,
,04-22-2015,11:41:14, Lane 1 ,Fwd,FF,,240,2,52,,2,8.56,,,,,,,,,,,,,,,,,,,,,,,,8.56,-,,,,,,,,,,,,,,,,,,,,,,,,,-,-,,,,,,,,,,,,,,,,,,,,,,,,,
,04-22-2015,11:41:15, Lane 1 ,Fwd,FF,,241,3,53,,2,11.84,,,,,,,,,,,,,,,,,,,,,,,,11.84,-,,,,,,,,,,,,,,,,,,,,,,,,,-,-,,,,,,,,,,,,,,,,,,,,,,,,,
,04-22-2015,11:41:16, Lane 1 ,Fwd,FF,,242,3,52,,2,12.08,,,,,,,,,,,,,,,,,,,,,,,,12.08,-,,,,,,,,,,,,,,,,,,,,,,,,,-,-,,,,,,,,,,,,,,,,,,,,,,,,,
,04-22-2015,11:41:17, Lane 1 ,Fwd,FF,,243,2,52,,2,8.73,,,,,,,,,,,,,,,,,,,,,,,,8.73,-,,,,,,,,,,,,,,,,,,,,,,,,,-,-,,,,,,,,,,,,,,,,,,,,,,,,,
,04-22-2015,11:41:38, Lane 1 ,Fwd,FF,,244,2,55,,2,9.42,,,,,,,,,,,,,,,,,,,,,,,,9.42,-,,,,,,,,,,,,,,,,,,,,,,,,,-,-,,,,,,,,,,,,,,,,,,,,,,,,,
,04-22-2015,11:42:13, Lane 1 ,Fwd,FF,,245,2,57,,2,8.92,,,,,,,,,,,,,,,,,,,,,,,,8.92,-,,,,,,,,,,,,,,,,,,,,,,,,,-,-,,,,,,,,,,,,,,,,,,,,,,,,,
,04-22-2015,11:42:15, Lane 1 ,Fwd,FF,,246,3,63,,2,11.27,,,,,,,,,,,,,,,,,,,,,,,,11.27,-,,,,,,,,,,,,,,,,,,,,,,,,,-,-,,,,,,,,,,,,,,,,,,,,,,,,,
,04-22-2015,11:42:16, Lane 1 ,Fwd,FF,,247,2,63,,2,8.12,,,,,,,,,,,,,,,,,,,,,,,,8.12,-,,,,,,,,,,,,,,,,,,,,,,,,,-,-,,,,,,,,,,,,,,,,,,,,,,,,,
,04-22-2015,11:42:27, Lane 1 ,Fwd,FF,,248,3,58,,2,10.64,,,,,,,,,,,,,,,,,,,,,,,,10.64,-,,,,,,,,,,,,,,,,,,,,,,,,,-,-,,,,,,,,,,,,,,,,,,,,,,,,,
,04-22-2015,11:42:36, Lane 1 ,Fwd,FF,,249,2,62,,2,8.73,,,,,,,,,,,,,,,,,,,,,,,,8.73,-,,,,,,,,,,,,,,,,,,,,,,,,,-,-,,,,,,,,,,,,,,,,,,,,,,,,,
,04-22-2015,11:42:39, Lane 1 ,Fwd,FF,,250,9,59,,5,10.87,4.26,12.52,4.00,,,,,,,,,,,,,,,,,,,,,31.65,-,,,,,,,,,,,,,,,,,,,,,,,,,-,-,,,,,,,,,,,,,,,,,,,,,,,,,
,04-22-2015,11:42:45, Lane 1 ,Fwd,FF,,251,2,57,,2,8.48,,,,,,,,,,,,,,,,,,,,,,,,8.48,-,,,,,,,,,,,,,,,,,,,,,,,,,-,-,,,,,,,,,,,,,,,,,,,,,,,,,
,04-22-2015,11:42:53, Lane 1 ,Fwd,FF,,252,3,59,,3,12.86,16.49,,,,,,,,,,,,,,,,,,,,,,,29.35,-,,,,,,,,,,,,,,,,,,,,,,,,,-,-,,,,,,,,,,,,,,,,,,,,,,,,,
,04-22-2015,11:42:56, Lane 1 ,Fwd,FF,,253,2,60,,2,8.74,,,,,,,,,,,,,,,,,,,,,,,,8.74,-,,,,,,,,,,,,,,,,,,,,,,,,,-,-,,,,,,,,,,,,,,,,,,,,,,,,,
,04-22-2015,11:43:01, Lane 1 ,Fwd,FF,,254,2,58,,2,9.00,,,,,,,,,,,,,,,,,,,,,,,,9.00,-,,,,,,,,,,,,,,,,,,,,,,,,,-,-,,,,,,,,,,,,,,,,,,,,,,,,,
,04-22-2015,11:43:04, Lane 1 ,Fwd,FF,,255,3,59,,2,10.53,,,,,,,,,,,,,,,,,,,,,,,,10.53,-,,,,,,,,,,,,,,,,,,,,,,,,,-,-,,,,,,,,,,,,,,,,,,,,,,,,,
,04-22-2015,11:43:08, Lane 1 ,Fwd,FF,,256,2,57,,2,8.42,,,,,,,,,,,,,,,,,,,,,,,,8.42,-,,,,,,,,,,,,,,,,,,,,,,,,,-,-,,,,,,,,,,,,,,,,,,,,,,,,,
,04-22-2015,11:43:09, Lane 1 ,Fwd,FF,,257,2,58,,2,9.64,,,,,,,,,,,,,,,,,,,,,,,,9.64,-,,,,,,,,,,,,,,,,,,,,,,,,,-,-,,,,,,,,,,,,,,,,,,,,,,,,,
,04-22-2015,11:43:29, Lane 1 ,Fwd,FF,,258,2,63,,2,9.42,,,,,,,,,,,,,,,,,,,,,,,,9.42,-,,,,,,,,,,,,,,,,,,,,,,,,,-,-,,,,,,,,,,,,,,,,,,,,,,,,,
,04-22-2015,11:43:47, Lane 1 ,Fwd,FF,,259,3,66,,2,11.52,,,,,,,,,,,,,,,,,,,,,,,,11.52,-,,,,,,,,,,,,,,,,,,,,,,,,,-,-,,,,,,,,,,,,,,,,,,,,,,,,,
,04-22-2015,11:44:26, Lane 1 ,Fwd,FF,,260,2,64,,2,8.72,,,,,,,,,,,,,,,,,,,,,,,,8.72,-,,,,,,,,,,,,,,,,,,,,,,,,,-,-,,,,,,,,,,,,,,,,,,,,,,,,,
,04-22-2015,11:44:36, Lane 1 ,Fwd,FF,,261,3,60,,2,10.68,,,,,,,,,,,,,,,,,,,,,,,,10.68,-,,,,,,,,,,,,,,,,,,,,,,,,,-,-,,,,,,,,,,,,,,,,,,,,,,,,,
,04-22-2015,11:44:37, Lane 1 ,Fwd,FF,,262,2,58,,2,8.77,,,,,,,,,,,,,,,,,,,,,,,,8.77,-,,,,,,,,,,,,,,,,,,,,,,,,,-,-,,,,,,,,,,,,,,,,,,,,,,,,,
,04-22-2015,11:44:41, Lane 1 ,Fwd,FF,,263,2,59,,2,8.98,,,,,,,,,,,,,,,,,,,,,,,,8.98,-,,,,,,,,,,,,,,,,,,,,,,,,,-,-,,,,,,,,,,,,,,,,,,,,,,,,,
,04-22-2015,11:44:42, Lane 1 ,Fwd,FF,,264,2,57,,2,8.48,,,,,,,,,,,,,,,,,,,,,,,,8.48,-,,,,,,,,,,,,,,,,,,,,,,,,,-,-,,,,,,,,,,,,,,,,,,,,,,,,,
,04-22-2015,11:45:16, Lane 1 ,Fwd,FF,,265,2,61,,2,8.62,,,,,,,,,,,,,,,,,,,,,,,,8.62,-,,,,,,,,,,,,,,,,,,,,,,,,,-,-,,,,,,,,,,,,,,,,,,,,,,,,,
,04-22-2015,11:45:31, Lane 1 ,Fwd,FF,,266,2,53,,2,8.42,,,,,,,,,,,,,,,,,,,,,,,,8.42,-,,,,,,,,,,,,,,,,,,,,,,,,,-,-,,,,,,,,,,,,,,,,,,,,,,,,,
,04-22-2015,11:46:30, Lane 1 ,Fwd,FF,,267,2,42,,2,8.77,,,,,,,,,,,,,,,,,,,,,,,,8.77,-,,,,,,,,,,,,,,,,,,,,,,,,,-,-,,,,,,,,,,,,,,,,,,,,,,,,,
,04-22-2015,11:46:32, Lane 1 ,Fwd,FF,,268,2,42,,2,8.25,,,,,,,,,,,,,,,,,,,,,,,,8.25,-,,,,,,,,,,,,,,,,,,,,,,,,,-,-,,,,,,,,,,,,,,,,,,,,,,,,,
,04-22-2015,11:46:54, Lane 1 ,Fwd,FF,,269,2,59,,2,8.44,,,,,,,,,,,,,,,,,,,,,,,,8.44,-,,,,,,,,,,,,,,,,,,,,,,,,,-,-,,,,,,,,,,,,,,,,,,,,,,,,,
,04-22-2015,11:46:55, Lane 1 ,Fwd,FF,,270,2,62,,2,9.18,,,,,,,,,,,,,,,,,,,,,,,,9.18,-,,,,,,,,,,,,,,,,,,,,,,,,,-,-,,,,,,,,,,,,,,,,,,,,,,,,,
,04-22-2015,11:47:04, Lane 1 ,Fwd,FF,,271,3,60,,2,11.30,,,,,,,,,,,,,,,,,,,,,,,,11.30,-,,,,,,,,,,,,,,,,,,,,,,,,,-,-,,,,,,,,,,,,,,,,,,,,,,,,,
,04-22-2015,11:47:10, Lane 1 ,Fwd,FF,,272,2,59,,2,8.61,,,,,,,,,,,,,,,,,,,,,,,,8.61,-,,,,,,,,,,,,,,,,,,,,,,,,,-,-,,,,,,,,,,,,,,,,,,,,,,,,,
,04-22-2015,11:47:11, Lane 1 ,Fwd,FF,,273,2,59,,2,9.15,,,,,,,,,,,,,,,,,,,,,,,,9.15,-,,,,,,,,,,,,,,,,,,,,,,,,,-,-,,,,,,,,,,,,,,,,,,,,,,,,,
,04-22-2015,11:47:15, Lane 1 ,Fwd,FF,,274,2,55,,2,8.43,,,,,,,,,,,,,,,,,,,,,,,,8.43,-,,,,,,,,,,,,,,,,,,,,,,,,,-,-,,,,,,,,,,,,,,,,,,,,,,,,,
,04-22-2015,11:47:18, Lane 1 ,Fwd,FF,,275,2,56,,2,9.27,,,,,,,,,,,,,,,,,,,,,,,,9.27,-,,,,,,,,,,,,,,,,,,,,,,,,,-,-,,,,,,,,,,,,,,,,,,,,,,,,,
,04-22-2015,11:47:19, Lane 1 ,Fwd,FF,,276,2,55,,2,9.18,,,,,,,,,,,,,,,,,,,,,,,,9.18,-,,,,,,,,,,,,,,,,,,,,,,,,,-,-,,,,,,,,,,,,,,,,,,,,,,,,,
,04-22-2015,11:47:20, Lane 1 ,Fwd,FF,,277,5,57,,2,13.01,,,,,,,,,,,,,,,,,,,,,,,,13.01,-,,,,,,,,,,,,,,,,,,,,,,,,,-,-,,,,,,,,,,,,,,,,,,,,,,,,,
,04-22-2015,11:47:22, Lane 1 ,Fwd,FF,,278,2,55,,2,9.81,,,,,,,,,,,,,,,,,,,,,,,,9.81,-,,,,,,,,,,,,,,,,,,,,,,,,,-,-,,,,,,,,,,,,,,,,,,,,,,,,,
,04-22-2015,11:47:24, Lane 1 ,Fwd,FF,,279,2,55,,2,8.68,,,,,,,,,,,,,,,,,,,,,,,,8.68,-,,,,,,,,,,,,,,,,,,,,,,,,,-,-,,,,,,,,,,,,,,,,,,,,,,,,,
,04-22-2015,11:47:26, Lane 1 ,Fwd,FF,,280,3,55,,2,11.44,,,,,,,,,,,,,,,,,,,,,,,,11.44,-,,,,,,,,,,,,,,,,,,,,,,,,,-,-,,,,,,,,,,,,,,,,,,,,,,,,,
,04-22-2015,11:47:57, Lane 1 ,Fwd,FF,,281,2,58,,2,9.00,,,,,,,,,,,,,,,,,,,,,,,,9.00,-,,,,,,,,,,,,,,,,,,,,,,,,,-,-,,,,,,,,,,,,,,,,,,,,,,,,,
,04-22-2015,11:47:58, Lane 1 ,Fwd,FF,,282,2,59,,2,8.89,,,,,,,,,,,,,,,,,,,,,,,,8.89,-,,,,,,,,,,,,,,,,,,,,,,,,,-,-,,,,,,,,,,,,,,,,,,,,,,,,,
,04-22-2015,11:48:11, Lane 1 ,Fwd,FF,,283,2,60,,2,9.46,,,,,,,,,,,,,,,,,,,,,,,,9.46,-,,,,,,,,,,,,,,,,,,,,,,,,,-,-,,,,,,,,,,,,,,,,,,,,,,,,,
,04-22-2015,11:48:14, Lane 1 ,Fwd,FF,,284,3,68,,2,12.60,,,,,,,,,,,,,,,,,,,,,,,,12.60,-,,,,,,,,,,,,,,,,,,,,,,,,,-,-,,,,,,,,,,,,,,,,,,,,,,,,,
,04-22-2015,11:48:40, Lane 1 ,Fwd,FF,,285,2,56,,2,9.04,,,,,,,,,,,,,,,,,,,,,,,,9.04,-,,,,,,,,,,,,,,,,,,,,,,,,,-,-,,,,,,,,,,,,,,,,,,,,,,,,,
,04-22-2015,11:48:41, Lane 1 ,Fwd,FF,,286,3,56,,2,10.77,,,,,,,,,,,,,,,,,,,,,,,,10.77,-,,,,,,,,,,,,,,,,,,,,,,,,,-,-,,,,,,,,,,,,,,,,,,,,,,,,,
,04-22-2015,11:49:31, Lane 1 ,Fwd,FF,,287,5,64,,2,19.22,,,,,,,,,,,,,,,,,,,,,,,,19.22,-,,,,,,,,,,,,,,,,,,,,,,,,,-,-,,,,,,,,,,,,,,,,,,,,,,,,,
,04-22-2015,11:49:41, Lane 1 ,Fwd,FF,,288,3,55,,3,10.78,12.65,,,,,,,,,,,,,,,,,,,,,,,23.43,-,,,,,,,,,,,,,,,,,,,,,,,,,-,-,,,,,,,,,,,,,,,,,,,,,,,,,
,04-22-2015,11:49:42, Lane 1 ,Fwd,FF,,289,3,53,,2,11.84,,,,,,,,,,,,,,,,,,,,,,,,11.84,-,,,,,,,,,,,,,,,,,,,,,,,,,-,-,,,,,,,,,,,,,,,,,,,,,,,,,
,04-22-2015,11:49:44, Lane 1 ,Fwd,FF,,290,3,52,,2,10.71,,,,,,,,,,,,,,,,,,,,,,,,10.71,-,,,,,,,,,,,,,,,,,,,,,,,,,-,-,,,,,,,,,,,,,,,,,,,,,,,,,
,04-22-2015,11:49:45, Lane 1 ,Fwd,FF,,291,2,53,,2,8.42,,,,,,,,,,,,,,,,,,,,,,,,8.42,-,,,,,,,,,,,,,,,,,,,,,,,,,-,-,,,,,,,,,,,,,,,,,,,,,,,,,
,04-22-2015,11:49:46, Lane 1 ,Fwd,FF,,292,3,52,,2,11.01,,,,,,,,,,,,,,,,,,,,,,,,11.01,-,,,,,,,,,,,,,,,,,,,,,,,,,-,-,,,,,,,,,,,,,,,,,,,,,,,,,
,04-22-2015,11:49:48, Lane 1 ,Fwd,FF,,293,2,52,,2,8.89,,,,,,,,,,,,,,,,,,,,,,,,8.89,-,,,,,,,,,,,,,,,,,,,,,,,,,-,-,,,,,,,,,,,,,,,,,,,,,,,,,
,04-22-2015,11:49:50, Lane 1 ,Fwd,FF,,294,3,53,,2,10.62,,,,,,,,,,,,,,,,,,,,,,,,10.62,-,,,,,,,,,,,,,,,,,,,,,,,,,-,-,,,,,,,,,,,,,,,,,,,,,,,,,
,04-22-2015,11:49:52, Lane 1 ,Fwd,FF,,295,3,53,,2,11.38,,,,,,,,,,,,,,,,,,,,,,,,11.38,-,,,,,,,,,,,,,,,,,,,,,,,,,-,-,,,,,,,,,,,,,,,,,,,,,,,,,
,04-22-2015,11:49:53, Lane 1 ,Fwd,FF,,296,2,52,,2,9.63,,,,,,,,,,,,,,,,,,,,,,,,9.63,-,,,,,,,,,,,,,,,,,,,,,,,,,-,-,,,,,,,,,,,,,,,,,,,,,,,,,
,04-22-2015,11:49:54, Lane 1 ,Fwd,FF,,297,2,52,,2,8.36,,,,,,,,,,,,,,,,,,,,,,,,8.36,-,,,,,,,,,,,,,,,,,,,,,,,,,-,-,,,,,,,,,,,,,,,,,,,,,,,,,
,04-22-2015,11:49:55, Lane 1 ,Fwd,FF,,298,3,51,,2,11.33,,,,,,,,,,,,,,,,,,,,,,,,11.33,-,,,,,,,,,,,,,,,,,,,,,,,,,-,-,,,,,,,,,,,,,,,,,,,,,,,,,
,04-22-2015,11:50:27, Lane 1 ,Fwd,FF,,299,3,66,,2,10.94,,,,,,,,,,,,,,,,,,,,,,,,10.94,-,,,,,,,,,,,,,,,,,,,,,,,,,-,-,,,,,,,,,,,,,,,,,,,,,,,,,
,04-22-2015,11:50:32, Lane 1 ,Fwd,FF,,300,3,58,,2,12.86,,,,,,,,,,,,,,,,,,,,,,,,12.86,-,,,,,,,,,,,,,,,,,,,,,,,,,-,-,,,,,,,,,,,,,,,,,,,,,,,,,
,04-22-2015,11:50:35, Lane 1 ,Fwd,FF,,301,2,62,,2,8.30,,,,,,,,,,,,,,,,,,,,,,,,8.30,-,,,,,,,,,,,,,,,,,,,,,,,,,-,-,,,,,,,,,,,,,,,,,,,,,,,,,
,04-22-2015,11:50:44, Lane 1 ,Fwd,FF,,302,2,63,,2,9.05,,,,,,,,,,,,,,,,,,,,,,,,9.05,-,,,,,,,,,,,,,,,,,,,,,,,,,-,-,,,,,,,,,,,,,,,,,,,,,,,,,
,04-22-2015,11:51:09, Lane 1 ,Fwd,FF,,303,2,61,,2,8.71,,,,,,,,,,,,,,,,,,,,,,,,8.71,-,,,,,,,,,,,,,,,,,,,,,,,,,-,-,,,,,,,,,,,,,,,,,,,,,,,,,
,04-22-2015,11:51:31, Lane 1 ,Fwd,FF,,304,9,63,,5,15.23,4.71,23.08,3.32,,,,,,,,,,,,,,,,,,,,,46.34,-,,,,,,,,,,,,,,,,,,,,,,,,,-,-,,,,,,,,,,,,,,,,,,,,,,,,,
,04-22-2015,11:51:35, Lane 1 ,Fwd,FF,,305,2,62,,2,8.48,,,,,,,,,,,,,,,,,,,,,,,,8.48,-,,,,,,,,,,,,,,,,,,,,,,,,,-,-,,,,,,,,,,,,,,,,,,,,,,,,,
,04-22-2015,11:51:38, Lane 1 ,Fwd,FF,,306,3,60,,2,10.25,,,,,,,,,,,,,,,,,,,,,,,,10.25,-,,,,,,,,,,,,,,,,,,,,,,,,,-,-,,,,,,,,,,,,,,,,,,,,,,,,,
,04-22-2015,11:51:44, Lane 1 ,Fwd,FF,,307,3,57,,2,11.09,,,,,,,,,,,,,,,,,,,,,,,,11.09,-,,,,,,,,,,,,,,,,,,,,,,,,,-,-,,,,,,,,,,,,,,,,,,,,,,,,,
,04-22-2015,11:51:46, Lane 1 ,Fwd,FF,,308,2,56,,2,8.52,,,,,,,,,,,,,,,,,,,,,,,,8.52,-,,,,,,,,,,,,,,,,,,,,,,,,,-,-,,,,,,,,,,,,,,,,,,,,,,,,,
,04-22-2015,11:51:48, Lane 1 ,Fwd,FF,,309,2,57,,2,9.17,,,,,,,,,,,,,,,,,,,,,,,,9.17,-,,,,,,,,,,,,,,,,,,,,,,,,,-,-,,,,,,,,,,,,,,,,,,,,,,,,,
,04-22-2015,11:51:50, Lane 1 ,Fwd,FF,,310,2,58,,2,8.87,,,,,,,,,,,,,,,,,,,,,,,,8.87,-,,,,,,,,,,,,,,,,,,,,,,,,,-,-,,,,,,,,,,,,,,,,,,,,,,,,,
,04-22-2015,11:52:28, Lane 1 ,Fwd,FF,,311,2,56,,2,8.85,,,,,,,,,,,,,,,,,,,,,,,,8.85,-,,,,,,,,,,,,,,,,,,,,,,,,,-,-,,,,,,,,,,,,,,,,,,,,,,,,,
,04-22-2015,11:52:35, Lane 1 ,Fwd,FF,,312,2,66,,2,9.29,,,,,,,,,,,,,,,,,,,,,,,,9.29,-,,,,,,,,,,,,,,,,,,,,,,,,,-,-,,,,,,,,,,,,,,,,,,,,,,,,,
,04-22-2015,11:52:53, Lane 1 ,Fwd,FF,,313,3,55,,2,12.57,,,,,,,,,,,,,,,,,,,,,,,,12.57,-,,,,,,,,,,,,,,,,,,,,,,,,,-,-,,,,,,,,,,,,,,,,,,,,,,,,,
,04-22-2015,11:52:57, Lane 1 ,Fwd,FF,,314,2,58,,2,9.17,,,,,,,,,,,,,,,,,,,,,,,,9.17,-,,,,,,,,,,,,,,,,,,,,,,,,,-,-,,,,,,,,,,,,,,,,,,,,,,,,,
,04-22-2015,11:52:59, Lane 1 ,Fwd,FF,,315,2,63,,2,8.59,,,,,,,,,,,,,,,,,,,,,,,,8.59,-,,,,,,,,,,,,,,,,,,,,,,,,,-,-,,,,,,,,,,,,,,,,,,,,,,,,,
,04-22-2015,11:53:00, Lane 1 ,Fwd,FF,,316,2,63,,2,9.03,,,,,,,,,,,,,,,,,,,,,,,,9.03,-,,,,,,,,,,,,,,,,,,,,,,,,,-,-,,,,,,,,,,,,,,,,,,,,,,,,,
,04-22-2015,11:53:03, Lane 1 ,Fwd,FF,,317,8,61,,3,10.66,19.79,,,,,,,,,,,,,,,,,,,,,,,30.45,-,,,,,,,,,,,,,,,,,,,,,,,,,-,-,,,,,,,,,,,,,,,,,,,,,,,,,
,04-22-2015,11:53:11, Lane 1 ,Fwd,FF,,318,2,61,,2,9.16,,,,,,,,,,,,,,,,,,,,,,,,9.16,-,,,,,,,,,,,,,,,,,,,,,,,,,-,-,,,,,,,,,,,,,,,,,,,,,,,,,
,04-22-2015,11:53:12, Lane 1 ,Fwd,FF,,319,2,63,,2,9.07,,,,,,,,,,,,,,,,,,,,,,,,9.07,-,,,,,,,,,,,,,,,,,,,,,,,,,-,-,,,,,,,,,,,,,,,,,,,,,,,,,
,04-22-2015,11:53:14, Lane 1 ,Fwd,FF,,320,2,62,,2,8.37,,,,,,,,,,,,,,,,,,,,,,,,8.37,-,,,,,,,,,,,,,,,,,,,,,,,,,-,-,,,,,,,,,,,,,,,,,,,,,,,,,
,04-22-2015,11:53:16, Lane 1 ,Fwd,FF,,321,3,58,,2,11.75,,,,,,,,,,,,,,,,,,,,,,,,11.75,-,,,,,,,,,,,,,,,,,,,,,,,,,-,-,,,,,,,,,,,,,,,,,,,,,,,,,
,04-22-2015,11:53:35, Lane 1 ,Fwd,FF,,322,3,56,,2,10.94,,,,,,,,,,,,,,,,,,,,,,,,10.94,-,,,,,,,,,,,,,,,,,,,,,,,,,-,-,,,,,,,,,,,,,,,,,,,,,,,,,
,04-22-2015,11:53:38, Lane 1 ,Fwd,FF,,323,2,57,,2,8.67,,,,,,,,,,,,,,,,,,,,,,,,8.67,-,,,,,,,,,,,,,,,,,,,,,,,,,-,-,,,,,,,,,,,,,,,,,,,,,,,,,
,04-22-2015,11:54:25, Lane 1 ,Fwd,FF,,324,2,57,,2,9.25,,,,,,,,,,,,,,,,,,,,,,,,9.25,-,,,,,,,,,,,,,,,,,,,,,,,,,-,-,,,,,,,,,,,,,,,,,,,,,,,,,
,04-22-2015,11:54:26, Lane 1 ,Fwd,FF,,325,2,56,,2,9.02,,,,,,,,,,,,,,,,,,,,,,,,9.02,-,,,,,,,,,,,,,,,,,,,,,,,,,-,-,,,,,,,,,,,,,,,,,,,,,,,,,
,04-22-2015,11:54:36, Lane 1 ,Fwd,FF,,326,3,56,,2,11.92,,,,,,,,,,,,,,,,,,,,,,,,11.92,-,,,,,,,,,,,,,,,,,,,,,,,,,-,-,,,,,,,,,,,,,,,,,,,,,,,,,
,04-22-2015,11:55:00, Lane 1 ,Fwd,FF,,327,3,58,,2,10.31,,,,,,,,,,,,,,,,,,,,,,,,10.31,-,,,,,,,,,,,,,,,,,,,,,,,,,-,-,,,,,,,,,,,,,,,,,,,,,,,,,
,04-22-2015,11:55:50, Lane 1 ,Fwd,FF,,328,2,59,,2,8.87,,,,,,,,,,,,,,,,,,,,,,,,8.87,-,,,,,,,,,,,,,,,,,,,,,,,,,-,-,,,,,,,,,,,,,,,,,,,,,,,,,
,04-22-2015,11:55:53, Lane 1 ,Fwd,FF,,329,2,58,,2,9.77,,,,,,,,,,,,,,,,,,,,,,,,9.77,-,,,,,,,,,,,,,,,,,,,,,,,,,-,-,,,,,,,,,,,,,,,,,,,,,,,,,
,04-22-2015,11:55:55, Lane 1 ,Fwd,FF,,330,2,59,,2,9.48,,,,,,,,,,,,,,,,,,,,,,,,9.48,-,,,,,,,,,,,,,,,,,,,,,,,,,-,-,,,,,,,,,,,,,,,,,,,,,,,,,
,04-22-2015,11:55:58, Lane 1 ,Fwd,FF,,331,2,61,,2,8.87,,,,,,,,,,,,,,,,,,,,,,,,8.87,-,,,,,,,,,,,,,,,,,,,,,,,,,-,-,,,,,,,,,,,,,,,,,,,,,,,,,
,04-22-2015,11:56:01, Lane 1 ,Fwd,FF,,332,2,67,,2,8.59,,,,,,,,,,,,,,,,,,,,,,,,8.59,-,,,,,,,,,,,,,,,,,,,,,,,,,-,-,,,,,,,,,,,,,,,,,,,,,,,,,
,04-22-2015,11:56:18, Lane 1 ,Fwd,FF,,333,2,57,,2,9.48,,,,,,,,,,,,,,,,,,,,,,,,9.48,-,,,,,,,,,,,,,,,,,,,,,,,,,-,-,,,,,,,,,,,,,,,,,,,,,,,,,
,04-22-2015,11:56:56, Lane 1 ,Fwd,FF,,334,5,60,,2,19.50,,,,,,,,,,,,,,,,,,,,,,,,19.50,-,,,,,,,,,,,,,,,,,,,,,,,,,-,-,,,,,,,,,,,,,,,,,,,,,,,,,
,04-22-2015,11:56:58, Lane 1 ,Fwd,FF,,335,2,58,,2,8.60,,,,,,,,,,,,,,,,,,,,,,,,8.60,-,,,,,,,,,,,,,,,,,,,,,,,,,-,-,,,,,,,,,,,,,,,,,,,,,,,,,
,04-22-2015,11:57:04, Lane 1 ,Fwd,FF,,336,2,56,,2,9.80,,,,,,,,,,,,,,,,,,,,,,,,9.80,-,,,,,,,,,,,,,,,,,,,,,,,,,-,-,,,,,,,,,,,,,,,,,,,,,,,,,
,04-22-2015,11:57:51, Lane 1 ,Fwd,FF,,337,3,56,,2,10.35,,,,,,,,,,,,,,,,,,,,,,,,10.35,-,,,,,,,,,,,,,,,,,,,,,,,,,-,-,,,,,,,,,,,,,,,,,,,,,,,,,
,04-22-2015,11:57:52, Lane 1 ,Fwd,FF,,338,2,55,,2,9.16,,,,,,,,,,,,,,,,,,,,,,,,9.16,-,,,,,,,,,,,,,,,,,,,,,,,,,-,-,,,,,,,,,,,,,,,,,,,,,,,,,
,04-22-2015,11:57:55, Lane 1 ,Fwd,FF,,339,2,53,,2,8.81,,,,,,,,,,,,,,,,,,,,,,,,8.81,-,,,,,,,,,,,,,,,,,,,,,,,,,-,-,,,,,,,,,,,,,,,,,,,,,,,,,
,04-22-2015,11:57:56, Lane 1 ,Fwd,FF,,340,3,55,,2,11.76,,,,,,,,,,,,,,,,,,,,,,,,11.76,-,,,,,,,,,,,,,,,,,,,,,,,,,-,-,,,,,,,,,,,,,,,,,,,,,,,,,
,04-22-2015,11:58:01, Lane 1 ,Fwd,FF,,341,2,56,,2,8.63,,,,,,,,,,,,,,,,,,,,,,,,8.63,-,,,,,,,,,,,,,,,,,,,,,,,,,-,-,,,,,,,,,,,,,,,,,,,,,,,,,
,04-22-2015,11:58:10, Lane 1 ,Fwd,FF,,342,2,59,,2,9.05,,,,,,,,,,,,,,,,,,,,,,,,9.05,-,,,,,,,,,,,,,,,,,,,,,,,,,-,-,,,,,,,,,,,,,,,,,,,,,,,,,
,04-22-2015,11:58:12, Lane 1 ,Fwd,FF,,343,3,56,,2,10.68,,,,,,,,,,,,,,,,,,,,,,,,10.68,-,,,,,,,,,,,,,,,,,,,,,,,,,-,-,,,,,,,,,,,,,,,,,,,,,,,,,
,04-22-2015,11:58:13, Lane 1 ,Fwd,FF,,344,2,56,,2,8.69,,,,,,,,,,,,,,,,,,,,,,,,8.69,-,,,,,,,,,,,,,,,,,,,,,,,,,-,-,,,,,,,,,,,,,,,,,,,,,,,,,
,04-22-2015,11:58:19, Lane 1 ,Fwd,FF,,345,2,62,,2,9.29,,,,,,,,,,,,,,,,,,,,,,,,9.29,-,,,,,,,,,,,,,,,,,,,,,,,,,-,-,,,,,,,,,,,,,,,,,,,,,,,,,
,04-22-2015,11:58:21, Lane 1 ,Fwd,FF,,346,2,59,,2,8.81,,,,,,,,,,,,,,,,,,,,,,,,8.81,-,,,,,,,,,,,,,,,,,,,,,,,,,-,-,,,,,,,,,,,,,,,,,,,,,,,,,
,04-22-2015,11:58:24, Lane 1 ,Fwd,FF,,347,2,62,,2,8.73,,,,,,,,,,,,,,,,,,,,,,,,8.73,-,,,,,,,,,,,,,,,,,,,,,,,,,-,-,,,,,,,,,,,,,,,,,,,,,,,,,
,04-22-2015,11:58:27, Lane 1 ,Fwd,FF,,348,3,58,,2,11.83,,,,,,,,,,,,,,,,,,,,,,,,11.83,-,,,,,,,,,,,,,,,,,,,,,,,,,-,-,,,,,,,,,,,,,,,,,,,,,,,,,
,04-22-2015,11:58:29, Lane 1 ,Fwd,FF,,349,2,57,,2,8.48,,,,,,,,,,,,,,,,,,,,,,,,8.48,-,,,,,,,,,,,,,,,,,,,,,,,,,-,-,,,,,,,,,,,,,,,,,,,,,,,,,
,04-22-2015,11:58:38, Lane 1 ,Fwd,FF,,350,2,57,,2,7.30,,,,,,,,,,,,,,,,,,,,,,,,7.30,-,,,,,,,,,,,,,,,,,,,,,,,,,-,-,,,,,,,,,,,,,,,,,,,,,,,,,
,04-22-2015,11:59:04, Lane 1 ,Fwd,FF,,351,2,63,,2,8.77,,,,,,,,,,,,,,,,,,,,,,,,8.77,-,,,,,,,,,,,,,,,,,,,,,,,,,-,-,,,,,,,,,,,,,,,,,,,,,,,,,
,04-22-2015,11:59:18, Lane 1 ,Fwd,FF,,352,2,63,,2,8.80,,,,,,,,,,,,,,,,,,,,,,,,8.80,-,,,,,,,,,,,,,,,,,,,,,,,,,-,-,,,,,,,,,,,,,,,,,,,,,,,,,
,04-22-2015,11:59:22, Lane 1 ,Fwd,FF,,353,3,64,,2,11.53,,,,,,,,,,,,,,,,,,,,,,,,11.53,-,,,,,,,,,,,,,,,,,,,,,,,,,-,-,,,,,,,,,,,,,,,,,,,,,,,,,
,04-22-2015,11:59:23, Lane 1 ,Fwd,FF,,354,3,63,,2,11.82,,,,,,,,,,,,,,,,,,,,,,,,11.82,-,,,,,,,,,,,,,,,,,,,,,,,,,-,-,,,,,,,,,,,,,,,,,,,,,,,,,
,04-22-2015,11:59:27, Lane 1 ,Fwd,FF,,355,2,59,,2,8.70,,,,,,,,,,,,,,,,,,,,,,,,8.70,-,,,,,,,,,,,,,,,,,,,,,,,,,-,-,,,,,,,,,,,,,,,,,,,,,,,,,
,04-22-2015,11:59:31, Lane 1 ,Fwd,FF,,356,2,62,,2,8.55,,,,,,,,,,,,,,,,,,,,,,,,8.55,-,,,,,,,,,,,,,,,,,,,,,,,,,-,-,,,,,,,,,,,,,,,,,,,,,,,,,
,04-22-2015,12:00:02, Lane 1 ,Fwd,FF,,1,6,55,,3,16.46,4.46,,,,,,,,,,,,,,,,,,,,,,,20.92,-,,,,,,,,,,,,,,,,,,,,,,,,,-,-,,,,,,,,,,,,,,,,,,,,,,,,,
,04-22-2015,12:00:04, Lane 1 ,Fwd,FF,,2,2,54,,2,9.71,,,,,,,,,,,,,,,,,,,,,,,,9.71,-,,,,,,,,,,,,,,,,,,,,,,,,,-,-,,,,,,,,,,,,,,,,,,,,,,,,,
,04-22-2015,12:00:10, Lane 1 ,Fwd,FF,,3,2,53,,2,8.81,,,,,,,,,,,,,,,,,,,,,,,,8.81,-,,,,,,,,,,,,,,,,,,,,,,,,,-,-,,,,,,,,,,,,,,,,,,,,,,,,,
,04-22-2015,12:00:11, Lane 1 ,Fwd,FF,,4,3,53,,2,10.60,,,,,,,,,,,,,,,,,,,,,,,,10.60,-,,,,,,,,,,,,,,,,,,,,,,,,,-,-,,,,,,,,,,,,,,,,,,,,,,,,,
,04-22-2015,12:00:32, Lane 1 ,Fwd,FF,,5,6,57,,3,17.59,4.33,,,,,,,,,,,,,,,,,,,,,,,21.92,-,,,,,,,,,,,,,,,,,,,,,,,,,-,-,,,,,,,,,,,,,,,,,,,,,,,,,
,04-22-2015,12:00:44, Lane 1 ,Fwd,FF,,6,2,63,,2,8.95,,,,,,,,,,,,,,,,,,,,,,,,8.95,-,,,,,,,,,,,,,,,,,,,,,,,,,-,-,,,,,,,,,,,,,,,,,,,,,,,,,
,04-22-2015,12:01:29, Lane 1 ,Fwd,FF,,7,2,58,,2,8.49,,,,,,,,,,,,,,,,,,,,,,,,8.49,-,,,,,,,,,,,,,,,,,,,,,,,,,-,-,,,,,,,,,,,,,,,,,,,,,,,,,
,04-22-2015,12:01:31, Lane 1 ,Fwd,FF,,8,3,55,,2,11.52,,,,,,,,,,,,,,,,,,,,,,,,11.52,-,,,,,,,,,,,,,,,,,,,,,,,,,-,-,,,,,,,,,,,,,,,,,,,,,,,,,
,04-22-2015,12:01:35, Lane 1 ,Fwd,FF,,9,2,57,,2,9.06,,,,,,,,,,,,,,,,,,,,,,,,9.06,-,,,,,,,,,,,,,,,,,,,,,,,,,-,-,,,,,,,,,,,,,,,,,,,,,,,,,
,04-22-2015,12:01:38, Lane 1 ,Fwd,FF,,10,2,56,,2,8.41,,,,,,,,,,,,,,,,,,,,,,,,8.41,-,,,,,,,,,,,,,,,,,,,,,,,,,-,-,,,,,,,,,,,,,,,,,,,,,,,,,
,04-22-2015,12:01:56, Lane 1 ,Fwd,FF,,11,2,68,,2,9.30,,,,,,,,,,,,,,,,,,,,,,,,9.30,-,,,,,,,,,,,,,,,,,,,,,,,,,-,-,,,,,,,,,,,,,,,,,,,,,,,,,
,04-22-2015,12:02:10, Lane 1 ,Fwd,FF,,12,2,60,,2,8.65,,,,,,,,,,,,,,,,,,,,,,,,8.65,-,,,,,,,,,,,,,,,,,,,,,,,,,-,-,,,,,,,,,,,,,,,,,,,,,,,,,
,04-22-2015,12:02:17, Lane 1 ,Fwd,FF,,13,3,63,,2,11.27,,,,,,,,,,,,,,,,,,,,,,,,11.27,-,,,,,,,,,,,,,,,,,,,,,,,,,-,-,,,,,,,,,,,,,,,,,,,,,,,,,
,04-22-2015,12:02:43, Lane 1 ,Fwd,FF,,14,3,57,,2,10.66,,,,,,,,,,,,,,,,,,,,,,,,10.66,-,,,,,,,,,,,,,,,,,,,,,,,,,-,-,,,,,,,,,,,,,,,,,,,,,,,,,
,04-22-2015,12:02:45, Lane 1 ,Fwd,FF,,15,5,61,,2,14.49,,,,,,,,,,,,,,,,,,,,,,,,14.49,-,,,,,,,,,,,,,,,,,,,,,,,,,-,-,,,,,,,,,,,,,,,,,,,,,,,,,
,04-22-2015,12:02:48, Lane 1 ,Fwd,FF,,16,2,55,,2,9.81,,,,,,,,,,,,,,,,,,,,,,,,9.81,-,,,,,,,,,,,,,,,,,,,,,,,,,-,-,,,,,,,,,,,,,,,,,,,,,,,,,
,04-22-2015,12:02:56, Lane 1 ,Fwd,FF,,17,3,56,,2,11.76,,,,,,,,,,,,,,,,,,,,,,,,11.76,-,,,,,,,,,,,,,,,,,,,,,,,,,-,-,,,,,,,,,,,,,,,,,,,,,,,,,
,04-22-2015,12:03:06, Lane 1 ,Fwd,FF,,18,3,56,,2,11.59,,,,,,,,,,,,,,,,,,,,,,,,11.59,-,,,,,,,,,,,,,,,,,,,,,,,,,-,-,,,,,,,,,,,,,,,,,,,,,,,,,
,04-22-2015,12:04:34, Lane 1 ,Fwd,FF,,19,2,55,,2,8.40,,,,,,,,,,,,,,,,,,,,,,,,8.40,-,,,,,,,,,,,,,,,,,,,,,,,,,-,-,,,,,,,,,,,,,,,,,,,,,,,,,
,04-22-2015,12:04:36, Lane 1 ,Fwd,FF,,20,2,58,,2,9.04,,,,,,,,,,,,,,,,,,,,,,,,9.04,-,,,,,,,,,,,,,,,,,,,,,,,,,-,-,,,,,,,,,,,,,,,,,,,,,,,,,
,04-22-2015,12:04:38, Lane 1 ,Fwd,FF,,21,2,58,,2,8.51,,,,,,,,,,,,,,,,,,,,,,,,8.51,-,,,,,,,,,,,,,,,,,,,,,,,,,-,-,,,,,,,,,,,,,,,,,,,,,,,,,
,04-22-2015,12:04:39, Lane 1 ,Fwd,FF,,22,2,58,,2,8.91,,,,,,,,,,,,,,,,,,,,,,,,8.91,-,,,,,,,,,,,,,,,,,,,,,,,,,-,-,,,,,,,,,,,,,,,,,,,,,,,,,
,04-22-2015,12:04:40, Lane 1 ,Fwd,FF,,23,2,58,,2,8.43,,,,,,,,,,,,,,,,,,,,,,,,8.43,-,,,,,,,,,,,,,,,,,,,,,,,,,-,-,,,,,,,,,,,,,,,,,,,,,,,,,
,04-22-2015,12:04:47, Lane 1 ,Fwd,FF,,24,1,59,,2,5.04,,,,,,,,,,,,,,,,,,,,,,,,5.04,-,,,,,,,,,,,,,,,,,,,,,,,,,-,-,,,,,,,,,,,,,,,,,,,,,,,,,
,04-22-2015,12:04:50, Lane 1 ,Fwd,FF,,25,2,56,,2,8.49,,,,,,,,,,,,,,,,,,,,,,,,8.49,-,,,,,,,,,,,,,,,,,,,,,,,,,-,-,,,,,,,,,,,,,,,,,,,,,,,,,
,04-22-2015,12:04:52, Lane 1 ,Fwd,FF,,26,3,56,,2,11.92,,,,,,,,,,,,,,,,,,,,,,,,11.92,-,,,,,,,,,,,,,,,,,,,,,,,,,-,-,,,,,,,,,,,,,,,,,,,,,,,,,
,04-22-2015,12:04:54, Lane 1 ,Fwd,FF,,27,2,59,,2,8.98,,,,,,,,,,,,,,,,,,,,,,,,8.98,-,,,,,,,,,,,,,,,,,,,,,,,,,-,-,,,,,,,,,,,,,,,,,,,,,,,,,
,04-22-2015,12:05:00, Lane 1 ,Fwd,FF,,28,2,69,,2,8.65,,,,,,,,,,,,,,,,,,,,,,,,8.65,-,,,,,,,,,,,,,,,,,,,,,,,,,-,-,,,,,,,,,,,,,,,,,,,,,,,,,
,04-22-2015,12:05:23, Lane 1 ,Rev,FF,,29,2,49,,2,8.75,,,,,,,,,,,,,,,,,,,,,,,,8.75,-,,,,,,,,,,,,,,,,,,,,,,,,,-,-,,,,,,,,,,,,,,,,,,,,,,,,,
,04-22-2015,12:05:28, Lane 1 ,Rev,FF,,30,2,49,,2,8.69,,,,,,,,,,,,,,,,,,,,,,,,8.69,-,,,,,,,,,,,,,,,,,,,,,,,,,-,-,,,,,,,,,,,,,,,,,,,,,,,,,
,04-22-2015,12:05:33, Lane 1 ,Fwd,FF,,31,2,57,,2,9.00,,,,,,,,,,,,,,,,,,,,,,,,9.00,-,,,,,,,,,,,,,,,,,,,,,,,,,-,-,,,,,,,,,,,,,,,,,,,,,,,,,
,04-22-2015,12:05:44, Lane 1 ,Fwd,FF,,32,3,53,,2,11.92,,,,,,,,,,,,,,,,,,,,,,,,11.92,-,,,,,,,,,,,,,,,,,,,,,,,,,-,-,,,,,,,,,,,,,,,,,,,,,,,,,
,04-22-2015,12:05:57, Lane 1 ,Fwd,FF,,33,2,56,,2,7.64,,,,,,,,,,,,,,,,,,,,,,,,7.64,-,,,,,,,,,,,,,,,,,,,,,,,,,-,-,,,,,,,,,,,,,,,,,,,,,,,,,
,04-22-2015,12:06:01, Lane 1 ,Fwd,FF,,34,2,62,,2,8.73,,,,,,,,,,,,,,,,,,,,,,,,8.73,-,,,,,,,,,,,,,,,,,,,,,,,,,-,-,,,,,,,,,,,,,,,,,,,,,,,,,
,04-22-2015,12:06:14, Lane 1 ,Fwd,FF,,35,2,63,,2,9.25,,,,,,,,,,,,,,,,,,,,,,,,9.25,-,,,,,,,,,,,,,,,,,,,,,,,,,-,-,,,,,,,,,,,,,,,,,,,,,,,,,
,04-22-2015,12:06:22, Lane 1 ,Fwd,FF,,36,2,63,,2,8.49,,,,,,,,,,,,,,,,,,,,,,,,8.49,-,,,,,,,,,,,,,,,,,,,,,,,,,-,-,,,,,,,,,,,,,,,,,,,,,,,,,
,04-22-2015,12:06:33, Lane 1 ,Fwd,FF,,37,2,59,,1,,,,,,,,,,,,,,,,,,,,,,,,,0.00,-,,,,,,,,,,,,,,,,,,,,,,,,,-,-,,,,,,,,,,,,,,,,,,,,,,,,,
,04-22-2015,12:06:41, Lane 1 ,Fwd,FF,,38,3,56,,2,10.44,,,,,,,,,,,,,,,,,,,,,,,,10.44,-,,,,,,,,,,,,,,,,,,,,,,,,,-,-,,,,,,,,,,,,,,,,,,,,,,,,,
,04-22-2015,12:06:48, Lane 1 ,Fwd,FF,,39,2,59,,2,8.59,,,,,,,,,,,,,,,,,,,,,,,,8.59,-,,,,,,,,,,,,,,,,,,,,,,,,,-,-,,,,,,,,,,,,,,,,,,,,,,,,,
,04-22-2015,12:06:55, Lane 1 ,Fwd,FF,,40,5,59,,2,19.31,,,,,,,,,,,,,,,,,,,,,,,,19.31,-,,,,,,,,,,,,,,,,,,,,,,,,,-,-,,,,,,,,,,,,,,,,,,,,,,,,,
,04-22-2015,12:06:58, Lane 1 ,Fwd,FF,,41,2,57,,2,8.50,,,,,,,,,,,,,,,,,,,,,,,,8.50,-,,,,,,,,,,,,,,,,,,,,,,,,,-,-,,,,,,,,,,,,,,,,,,,,,,,,,
,04-22-2015,12:07:00, Lane 1 ,Fwd,FF,,42,2,54,,2,9.86,,,,,,,,,,,,,,,,,,,,,,,,9.86,-,,,,,,,,,,,,,,,,,,,,,,,,,-,-,,,,,,,,,,,,,,,,,,,,,,,,,
,04-22-2015,12:07:02, Lane 1 ,Fwd,FF,,43,2,55,,2,8.86,,,,,,,,,,,,,,,,,,,,,,,,8.86,-,,,,,,,,,,,,,,,,,,,,,,,,,-,-,,,,,,,,,,,,,,,,,,,,,,,,,
,04-22-2015,12:07:05, Lane 1 ,Fwd,FF,,44,2,51,,2,8.35,,,,,,,,,,,,,,,,,,,,,,,,8.35,-,,,,,,,,,,,,,,,,,,,,,,,,,-,-,,,,,,,,,,,,,,,,,,,,,,,,,
,04-22-2015,12:07:09, Lane 1 ,Fwd,FF,,45,2,49,,2,8.82,,,,,,,,,,,,,,,,,,,,,,,,8.82,-,,,,,,,,,,,,,,,,,,,,,,,,,-,-,,,,,,,,,,,,,,,,,,,,,,,,,
,04-22-2015,12:07:46, Lane 1 ,Fwd,FF,,46,2,53,,2,9.45,,,,,,,,,,,,,,,,,,,,,,,,9.45,-,,,,,,,,,,,,,,,,,,,,,,,,,-,-,,,,,,,,,,,,,,,,,,,,,,,,,
,04-22-2015,12:08:37, Lane 1 ,Fwd,FF,,47,5,53,,2,19.28,,,,,,,,,,,,,,,,,,,,,,,,19.28,-,,,,,,,,,,,,,,,,,,,,,,,,,-,-,,,,,,,,,,,,,,,,,,,,,,,,,
,04-22-2015,12:08:39, Lane 1 ,Fwd,FF,,48,2,53,,2,8.73,,,,,,,,,,,,,,,,,,,,,,,,8.73,-,,,,,,,,,,,,,,,,,,,,,,,,,-,-,,,,,,,,,,,,,,,,,,,,,,,,,
,04-22-2015,12:08:42, Lane 1 ,Fwd,FF,,49,2,52,,2,8.64,,,,,,,,,,,,,,,,,,,,,,,,8.64,-,,,,,,,,,,,,,,,,,,,,,,,,,-,-,,,,,,,,,,,,,,,,,,,,,,,,,
,04-22-2015,12:09:02, Lane 1 ,Fwd,FF,,50,2,55,,2,9.26,,,,,,,,,,,,,,,,,,,,,,,,9.26,-,,,,,,,,,,,,,,,,,,,,,,,,,-,-,,,,,,,,,,,,,,,,,,,,,,,,,
,04-22-2015,12:09:04, Lane 1 ,Fwd,FF,,51,2,54,,2,7.84,,,,,,,,,,,,,,,,,,,,,,,,7.84,-,,,,,,,,,,,,,,,,,,,,,,,,,-,-,,,,,,,,,,,,,,,,,,,,,,,,,
,04-22-2015,12:09:42, Lane 1 ,Fwd,FF,,52,3,55,,2,11.28,,,,,,,,,,,,,,,,,,,,,,,,11.28,-,,,,,,,,,,,,,,,,,,,,,,,,,-,-,,,,,,,,,,,,,,,,,,,,,,,,,
,04-22-2015,12:09:44, Lane 1 ,Fwd,FF,,53,3,55,,2,11.19,,,,,,,,,,,,,,,,,,,,,,,,11.19,-,,,,,,,,,,,,,,,,,,,,,,,,,-,-,,,,,,,,,,,,,,,,,,,,,,,,,
,04-22-2015,12:09:45, Lane 1 ,Fwd,FF,,54,2,55,,2,9.76,,,,,,,,,,,,,,,,,,,,,,,,9.76,-,,,,,,,,,,,,,,,,,,,,,,,,,-,-,,,,,,,,,,,,,,,,,,,,,,,,,
,04-22-2015,12:09:46, Lane 1 ,Fwd,FF,,55,2,55,,2,9.75,,,,,,,,,,,,,,,,,,,,,,,,9.75,-,,,,,,,,,,,,,,,,,,,,,,,,,-,-,,,,,,,,,,,,,,,,,,,,,,,,,
,04-22-2015,12:09:49, Lane 1 ,Fwd,FF,,56,3,55,,2,10.56,,,,,,,,,,,,,,,,,,,,,,,,10.56,-,,,,,,,,,,,,,,,,,,,,,,,,,-,-,,,,,,,,,,,,,,,,,,,,,,,,,
,04-22-2015,12:09:51, Lane 1 ,Fwd,FF,,57,3,57,,2,11.83,,,,,,,,,,,,,,,,,,,,,,,,11.83,-,,,,,,,,,,,,,,,,,,,,,,,,,-,-,,,,,,,,,,,,,,,,,,,,,,,,,
,04-22-2015,12:09:53, Lane 1 ,Fwd,FF,,58,2,55,,2,9.75,,,,,,,,,,,,,,,,,,,,,,,,9.75,-,,,,,,,,,,,,,,,,,,,,,,,,,-,-,,,,,,,,,,,,,,,,,,,,,,,,,
,04-22-2015,12:09:54, Lane 1 ,Fwd,FF,,59,2,53,,2,9.90,,,,,,,,,,,,,,,,,,,,,,,,9.90,-,,,,,,,,,,,,,,,,,,,,,,,,,-,-,,,,,,,,,,,,,,,,,,,,,,,,,
,04-22-2015,12:10:22, Lane 1 ,Fwd,FF,,60,2,59,,2,9.41,,,,,,,,,,,,,,,,,,,,,,,,9.41,-,,,,,,,,,,,,,,,,,,,,,,,,,-,-,,,,,,,,,,,,,,,,,,,,,,,,,
,04-22-2015,12:11:45, Lane 1 ,Fwd,FF,,61,2,56,,2,9.70,,,,,,,,,,,,,,,,,,,,,,,,9.70,-,,,,,,,,,,,,,,,,,,,,,,,,,-,-,,,,,,,,,,,,,,,,,,,,,,,,,
,04-22-2015,12:11:49, Lane 1 ,Fwd,FF,,62,2,55,,2,9.73,,,,,,,,,,,,,,,,,,,,,,,,9.73,-,,,,,,,,,,,,,,,,,,,,,,,,,-,-,,,,,,,,,,,,,,,,,,,,,,,,,
,04-22-2015,12:12:50, Lane 1 ,Fwd,FF,,63,2,54,,2,9.81,,,,,,,,,,,,,,,,,,,,,,,,9.81,-,,,,,,,,,,,,,,,,,,,,,,,,,-,-,,,,,,,,,,,,,,,,,,,,,,,,,
,04-22-2015,12:12:52, Lane 1 ,Fwd,FF,,64,3,55,,2,10.64,,,,,,,,,,,,,,,,,,,,,,,,10.64,-,,,,,,,,,,,,,,,,,,,,,,,,,-,-,,,,,,,,,,,,,,,,,,,,,,,,,
,04-22-2015,12:12:54, Lane 1 ,Fwd,FF,,65,2,56,,2,7.92,,,,,,,,,,,,,,,,,,,,,,,,7.92,-,,,,,,,,,,,,,,,,,,,,,,,,,-,-,,,,,,,,,,,,,,,,,,,,,,,,,
,04-22-2015,12:12:57, Lane 1 ,Fwd,FF,,66,3,54,,2,11.69,,,,,,,,,,,,,,,,,,,,,,,,11.69,-,,,,,,,,,,,,,,,,,,,,,,,,,-,-,,,,,,,,,,,,,,,,,,,,,,,,,
,04-22-2015,12:13:16, Lane 1 ,Fwd,FF,,67,3,44,,4,10.71,14.00,2.71,,,,,,,,,,,,,,,,,,,,,,27.42,-,,,,,,,,,,,,,,,,,,,,,,,,,-,-,,,,,,,,,,,,,,,,,,,,,,,,,
,04-22-2015,12:13:18, Lane 1 ,Fwd,FF,,68,2,44,,2,9.45,,,,,,,,,,,,,,,,,,,,,,,,9.45,-,,,,,,,,,,,,,,,,,,,,,,,,,-,-,,,,,,,,,,,,,,,,,,,,,,,,,
,04-22-2015,12:13:19, Lane 1 ,Fwd,FF,,69,2,43,,2,9.19,,,,,,,,,,,,,,,,,,,,,,,,9.19,-,,,,,,,,,,,,,,,,,,,,,,,,,-,-,,,,,,,,,,,,,,,,,,,,,,,,,
,04-22-2015,12:13:20, Lane 1 ,Fwd,FF,,70,3,44,,2,12.65,,,,,,,,,,,,,,,,,,,,,,,,12.65,-,,,,,,,,,,,,,,,,,,,,,,,,,-,-,,,,,,,,,,,,,,,,,,,,,,,,,
,04-22-2015,12:13:24, Lane 1 ,Fwd,FF,,71,8,48,,4,14.81,4.49,12.70,,,,,,,,,,,,,,,,,,,,,,32.00,-,,,,,,,,,,,,,,,,,,,,,,,,,-,-,,,,,,,,,,,,,,,,,,,,,,,,,
,04-22-2015,12:13:59, Lane 1 ,Fwd,FF,,72,3,60,,2,11.74,,,,,,,,,,,,,,,,,,,,,,,,11.74,-,,,,,,,,,,,,,,,,,,,,,,,,,-,-,,,,,,,,,,,,,,,,,,,,,,,,,
,04-22-2015,12:14:00, Lane 1 ,Fwd,FF,,73,2,61,,2,8.98,,,,,,,,,,,,,,,,,,,,,,,,8.98,-,,,,,,,,,,,,,,,,,,,,,,,,,-,-,,,,,,,,,,,,,,,,,,,,,,,,,
,04-22-2015,12:14:22, Lane 1 ,Fwd,FF,,74,8,57,,3,11.83,20.09,,,,,,,,,,,,,,,,,,,,,,,31.92,-,,,,,,,,,,,,,,,,,,,,,,,,,-,-,,,,,,,,,,,,,,,,,,,,,,,,,
,04-22-2015,12:14:24, Lane 1 ,Fwd,FF,,75,3,57,,2,11.42,,,,,,,,,,,,,,,,,,,,,,,,11.42,-,,,,,,,,,,,,,,,,,,,,,,,,,-,-,,,,,,,,,,,,,,,,,,,,,,,,,
,04-22-2015,12:14:31, Lane 1 ,Fwd,FF,,76,2,53,,2,8.36,,,,,,,,,,,,,,,,,,,,,,,,8.36,-,,,,,,,,,,,,,,,,,,,,,,,,,-,-,,,,,,,,,,,,,,,,,,,,,,,,,
,04-22-2015,12:14:32, Lane 1 ,Fwd,FF,,77,2,54,,2,8.47,,,,,,,,,,,,,,,,,,,,,,,,8.47,-,,,,,,,,,,,,,,,,,,,,,,,,,-,-,,,,,,,,,,,,,,,,,,,,,,,,,
,04-22-2015,12:14:39, Lane 1 ,Fwd,FF,,78,3,62,,2,10.64,,,,,,,,,,,,,,,,,,,,,,,,10.64,-,,,,,,,,,,,,,,,,,,,,,,,,,-,-,,,,,,,,,,,,,,,,,,,,,,,,,
,04-22-2015,12:14:42, Lane 1 ,Fwd,FF,,79,2,63,,2,8.15,,,,,,,,,,,,,,,,,,,,,,,,8.15,-,,,,,,,,,,,,,,,,,,,,,,,,,-,-,,,,,,,,,,,,,,,,,,,,,,,,,
,04-22-2015,12:14:58, Lane 1 ,Fwd,FF,,80,2,58,,2,8.68,,,,,,,,,,,,,,,,,,,,,,,,8.68,-,,,,,,,,,,,,,,,,,,,,,,,,,-,-,,,,,,,,,,,,,,,,,,,,,,,,,
,04-22-2015,12:15:25, Lane 1 ,Fwd,FF,,81,2,43,,2,9.67,,,,,,,,,,,,,,,,,,,,,,,,9.67,-,,,,,,,,,,,,,,,,,,,,,,,,,-,-,,,,,,,,,,,,,,,,,,,,,,,,,
,04-22-2015,12:15:57, Lane 1 ,Fwd,FF,,82,2,64,,2,9.38,,,,,,,,,,,,,,,,,,,,,,,,9.38,-,,,,,,,,,,,,,,,,,,,,,,,,,-,-,,,,,,,,,,,,,,,,,,,,,,,,,
,04-22-2015,12:16:01, Lane 1 ,Fwd,FF,,83,2,63,,2,8.86,,,,,,,,,,,,,,,,,,,,,,,,8.86,-,,,,,,,,,,,,,,,,,,,,,,,,,-,-,,,,,,,,,,,,,,,,,,,,,,,,,
,04-22-2015,12:16:04, Lane 1 ,Fwd,FF,,84,3,60,,2,10.24,,,,,,,,,,,,,,,,,,,,,,,,10.24,-,,,,,,,,,,,,,,,,,,,,,,,,,-,-,,,,,,,,,,,,,,,,,,,,,,,,,
,04-22-2015,12:16:07, Lane 1 ,Fwd,FF,,85,1,59,,2,4.58,,,,,,,,,,,,,,,,,,,,,,,,4.58,-,,,,,,,,,,,,,,,,,,,,,,,,,-,-,,,,,,,,,,,,,,,,,,,,,,,,,
,04-22-2015,12:16:12, Lane 1 ,Fwd,FF,,86,2,62,,2,9.74,,,,,,,,,,,,,,,,,,,,,,,,9.74,-,,,,,,,,,,,,,,,,,,,,,,,,,-,-,,,,,,,,,,,,,,,,,,,,,,,,,
,04-22-2015,12:16:18, Lane 1 ,Fwd,FF,,87,2,58,,2,9.19,,,,,,,,,,,,,,,,,,,,,,,,9.19,-,,,,,,,,,,,,,,,,,,,,,,,,,-,-,,,,,,,,,,,,,,,,,,,,,,,,,
,04-22-2015,12:16:55, Lane 1 ,Fwd,FF,,88,3,54,,2,11.60,,,,,,,,,,,,,,,,,,,,,,,,11.60,-,,,,,,,,,,,,,,,,,,,,,,,,,-,-,,,,,,,,,,,,,,,,,,,,,,,,,
,04-22-2015,12:16:57, Lane 1 ,Fwd,FF,,89,3,59,,2,11.74,,,,,,,,,,,,,,,,,,,,,,,,11.74,-,,,,,,,,,,,,,,,,,,,,,,,,,-,-,,,,,,,,,,,,,,,,,,,,,,,,,
,04-22-2015,12:16:59, Lane 1 ,Fwd,FF,,90,2,58,,2,8.68,,,,,,,,,,,,,,,,,,,,,,,,8.68,-,,,,,,,,,,,,,,,,,,,,,,,,,-,-,,,,,,,,,,,,,,,,,,,,,,,,,
,04-22-2015,12:17:01, Lane 1 ,Fwd,FF,,91,3,57,,2,11.83,,,,,,,,,,,,,,,,,,,,,,,,11.83,-,,,,,,,,,,,,,,,,,,,,,,,,,-,-,,,,,,,,,,,,,,,,,,,,,,,,,
,04-22-2015,12:17:03, Lane 1 ,Fwd,FF,,92,2,60,,2,9.64,,,,,,,,,,,,,,,,,,,,,,,,9.64,-,,,,,,,,,,,,,,,,,,,,,,,,,-,-,,,,,,,,,,,,,,,,,,,,,,,,,
,04-22-2015,12:17:07, Lane 1 ,Fwd,FF,,93,2,60,,2,8.94,,,,,,,,,,,,,,,,,,,,,,,,8.94,-,,,,,,,,,,,,,,,,,,,,,,,,,-,-,,,,,,,,,,,,,,,,,,,,,,,,,
,04-22-2015,12:17:12, Lane 1 ,Fwd,FF,,94,3,66,,2,10.55,,,,,,,,,,,,,,,,,,,,,,,,10.55,-,,,,,,,,,,,,,,,,,,,,,,,,,-,-,,,,,,,,,,,,,,,,,,,,,,,,,
,04-22-2015,12:17:57, Lane 1 ,Fwd,FF,,95,2,68,,2,8.63,,,,,,,,,,,,,,,,,,,,,,,,8.63,-,,,,,,,,,,,,,,,,,,,,,,,,,-,-,,,,,,,,,,,,,,,,,,,,,,,,,
,04-22-2015,12:18:09, Lane 1 ,Fwd,FF,,96,2,62,,2,9.48,,,,,,,,,,,,,,,,,,,,,,,,9.48,-,,,,,,,,,,,,,,,,,,,,,,,,,-,-,,,,,,,,,,,,,,,,,,,,,,,,,
,04-22-2015,12:18:11, Lane 1 ,Fwd,FF,,97,2,62,,2,8.48,,,,,,,,,,,,,,,,,,,,,,,,8.48,-,,,,,,,,,,,,,,,,,,,,,,,,,-,-,,,,,,,,,,,,,,,,,,,,,,,,,
,04-22-2015,12:18:50, Lane 1 ,Fwd,FF,,98,2,74,,2,8.97,,,,,,,,,,,,,,,,,,,,,,,,8.97,-,,,,,,,,,,,,,,,,,,,,,,,,,-,-,,,,,,,,,,,,,,,,,,,,,,,,,
,04-22-2015,12:18:52, Lane 1 ,Rev,FF,,99,2,59,,3,9.17,15.57,,,,,,,,,,,,,,,,,,,,,,,24.74,-,,,,,,,,,,,,,,,,,,,,,,,,,-,-,,,,,,,,,,,,,,,,,,,,,,,,,
,04-22-2015,12:19:08, Lane 1 ,Fwd,FF,,100,3,58,,2,11.33,,,,,,,,,,,,,,,,,,,,,,,,11.33,-,,,,,,,,,,,,,,,,,,,,,,,,,-,-,,,,,,,,,,,,,,,,,,,,,,,,,
,04-22-2015,12:19:19, Lane 1 ,Fwd,FF,,101,2,56,,2,9.02,,,,,,,,,,,,,,,,,,,,,,,,9.02,-,,,,,,,,,,,,,,,,,,,,,,,,,-,-,,,,,,,,,,,,,,,,,,,,,,,,,
,04-22-2015,12:19:20, Lane 1 ,Fwd,FF,,102,2,57,,2,8.39,,,,,,,,,,,,,,,,,,,,,,,,8.39,-,,,,,,,,,,,,,,,,,,,,,,,,,-,-,,,,,,,,,,,,,,,,,,,,,,,,,
,04-22-2015,12:19:23, Lane 1 ,Fwd,FF,,103,2,60,,2,9.90,,,,,,,,,,,,,,,,,,,,,,,,9.90,-,,,,,,,,,,,,,,,,,,,,,,,,,-,-,,,,,,,,,,,,,,,,,,,,,,,,,
,04-22-2015,12:19:26, Lane 1 ,Fwd,FF,,104,2,59,,2,9.05,,,,,,,,,,,,,,,,,,,,,,,,9.05,-,,,,,,,,,,,,,,,,,,,,,,,,,-,-,,,,,,,,,,,,,,,,,,,,,,,,,
,04-22-2015,12:19:30, Lane 1 ,Fwd,FF,,105,3,60,,2,11.83,,,,,,,,,,,,,,,,,,,,,,,,11.83,-,,,,,,,,,,,,,,,,,,,,,,,,,-,-,,,,,,,,,,,,,,,,,,,,,,,,,
,04-22-2015,12:19:33, Lane 1 ,Fwd,FF,,106,2,61,,2,9.76,,,,,,,,,,,,,,,,,,,,,,,,9.76,-,,,,,,,,,,,,,,,,,,,,,,,,,-,-,,,,,,,,,,,,,,,,,,,,,,,,,
,04-22-2015,12:19:38, Lane 1 ,Fwd,FF,,107,2,58,,2,9.28,,,,,,,,,,,,,,,,,,,,,,,,9.28,-,,,,,,,,,,,,,,,,,,,,,,,,,-,-,,,,,,,,,,,,,,,,,,,,,,,,,
,04-22-2015,12:19:40, Lane 1 ,Fwd,FF,,108,2,58,,2,8.51,,,,,,,,,,,,,,,,,,,,,,,,8.51,-,,,,,,,,,,,,,,,,,,,,,,,,,-,-,,,,,,,,,,,,,,,,,,,,,,,,,
,04-22-2015,12:19:58, Lane 1 ,Fwd,FF,,109,2,61,,2,9.13,,,,,,,,,,,,,,,,,,,,,,,,9.13,-,,,,,,,,,,,,,,,,,,,,,,,,,-,-,,,,,,,,,,,,,,,,,,,,,,,,,
,04-22-2015,12:20:21, Lane 1 ,Fwd,FF,,110,2,68,,2,8.80,,,,,,,,,,,,,,,,,,,,,,,,8.80,-,,,,,,,,,,,,,,,,,,,,,,,,,-,-,,,,,,,,,,,,,,,,,,,,,,,,,
,04-22-2015,12:20:45, Lane 1 ,Fwd,FF,,111,5,60,,2,13.59,,,,,,,,,,,,,,,,,,,,,,,,13.59,-,,,,,,,,,,,,,,,,,,,,,,,,,-,-,,,,,,,,,,,,,,,,,,,,,,,,,
,04-22-2015,12:20:48, Lane 1 ,Fwd,FF,,112,2,56,,2,8.52,,,,,,,,,,,,,,,,,,,,,,,,8.52,-,,,,,,,,,,,,,,,,,,,,,,,,,-,-,,,,,,,,,,,,,,,,,,,,,,,,,
,04-22-2015,12:20:51, Lane 1 ,Fwd,FF,,113,3,56,,2,10.84,,,,,,,,,,,,,,,,,,,,,,,,10.84,-,,,,,,,,,,,,,,,,,,,,,,,,,-,-,,,,,,,,,,,,,,,,,,,,,,,,,
,04-22-2015,12:20:53, Lane 1 ,Fwd,FF,,114,3,53,,2,10.69,,,,,,,,,,,,,,,,,,,,,,,,10.69,-,,,,,,,,,,,,,,,,,,,,,,,,,-,-,,,,,,,,,,,,,,,,,,,,,,,,,
,04-22-2015,12:20:55, Lane 1 ,Fwd,FF,,115,3,53,,2,11.77,,,,,,,,,,,,,,,,,,,,,,,,11.77,-,,,,,,,,,,,,,,,,,,,,,,,,,-,-,,,,,,,,,,,,,,,,,,,,,,,,,
,04-22-2015,12:20:57, Lane 1 ,Fwd,FF,,116,3,57,,2,11.83,,,,,,,,,,,,,,,,,,,,,,,,11.83,-,,,,,,,,,,,,,,,,,,,,,,,,,-,-,,,,,,,,,,,,,,,,,,,,,,,,,
,04-22-2015,12:21:02, Lane 1 ,Fwd,FF,,117,3,55,,3,11.43,13.05,,,,,,,,,,,,,,,,,,,,,,,24.48,-,,,,,,,,,,,,,,,,,,,,,,,,,-,-,,,,,,,,,,,,,,,,,,,,,,,,,
,04-22-2015,12:21:09, Lane 1 ,Fwd,FF,,118,2,63,,2,8.68,,,,,,,,,,,,,,,,,,,,,,,,8.68,-,,,,,,,,,,,,,,,,,,,,,,,,,-,-,,,,,,,,,,,,,,,,,,,,,,,,,
,04-22-2015,12:21:56, Lane 1 ,Fwd,FF,,119,2,52,,2,9.21,,,,,,,,,,,,,,,,,,,,,,,,9.21,-,,,,,,,,,,,,,,,,,,,,,,,,,-,-,,,,,,,,,,,,,,,,,,,,,,,,,
,04-22-2015,12:21:59, Lane 1 ,Fwd,FF,,120,3,51,,2,12.68,,,,,,,,,,,,,,,,,,,,,,,,12.68,-,,,,,,,,,,,,,,,,,,,,,,,,,-,-,,,,,,,,,,,,,,,,,,,,,,,,,
,04-22-2015,12:22:28, Lane 1 ,Fwd,FF,,121,3,66,,3,10.94,14.98,,,,,,,,,,,,,,,,,,,,,,,25.92,-,,,,,,,,,,,,,,,,,,,,,,,,,-,-,,,,,,,,,,,,,,,,,,,,,,,,,
,04-22-2015,12:22:37, Lane 1 ,Fwd,FF,,122,3,55,,2,10.62,,,,,,,,,,,,,,,,,,,,,,,,10.62,-,,,,,,,,,,,,,,,,,,,,,,,,,-,-,,,,,,,,,,,,,,,,,,,,,,,,,
,04-22-2015,12:22:39, Lane 1 ,Fwd,FF,,123,2,56,,2,10.04,,,,,,,,,,,,,,,,,,,,,,,,10.04,-,,,,,,,,,,,,,,,,,,,,,,,,,-,-,,,,,,,,,,,,,,,,,,,,,,,,,
,04-22-2015,12:22:40, Lane 1 ,Fwd,FF,,124,3,56,,2,10.28,,,,,,,,,,,,,,,,,,,,,,,,10.28,-,,,,,,,,,,,,,,,,,,,,,,,,,-,-,,,,,,,,,,,,,,,,,,,,,,,,,
,04-22-2015,12:22:42, Lane 1 ,Fwd,FF,,125,2,59,,2,8.70,,,,,,,,,,,,,,,,,,,,,,,,8.70,-,,,,,,,,,,,,,,,,,,,,,,,,,-,-,,,,,,,,,,,,,,,,,,,,,,,,,
,04-22-2015,12:22:43, Lane 1 ,Fwd,FF,,126,3,59,,2,11.83,,,,,,,,,,,,,,,,,,,,,,,,11.83,-,,,,,,,,,,,,,,,,,,,,,,,,,-,-,,,,,,,,,,,,,,,,,,,,,,,,,
,04-22-2015,12:22:45, Lane 1 ,Fwd,FF,,127,2,60,,2,8.76,,,,,,,,,,,,,,,,,,,,,,,,8.76,-,,,,,,,,,,,,,,,,,,,,,,,,,-,-,,,,,,,,,,,,,,,,,,,,,,,,,
,04-22-2015,12:22:47, Lane 1 ,Fwd,FF,,128,2,59,,2,8.55,,,,,,,,,,,,,,,,,,,,,,,,8.55,-,,,,,,,,,,,,,,,,,,,,,,,,,-,-,,,,,,,,,,,,,,,,,,,,,,,,,
,04-22-2015,12:22:48, Lane 1 ,Fwd,FF,,129,2,58,,2,9.96,,,,,,,,,,,,,,,,,,,,,,,,9.96,-,,,,,,,,,,,,,,,,,,,,,,,,,-,-,,,,,,,,,,,,,,,,,,,,,,,,,
,04-22-2015,12:23:02, Lane 1 ,Fwd,FF,,130,3,52,,2,10.40,,,,,,,,,,,,,,,,,,,,,,,,10.40,-,,,,,,,,,,,,,,,,,,,,,,,,,-,-,,,,,,,,,,,,,,,,,,,,,,,,,
,04-22-2015,12:23:03, Lane 1 ,Fwd,FF,,131,3,53,,3,12.78,16.44,,,,,,,,,,,,,,,,,,,,,,,29.22,-,,,,,,,,,,,,,,,,,,,,,,,,,-,-,,,,,,,,,,,,,,,,,,,,,,,,,
,04-22-2015,12:23:04, Lane 1 ,Fwd,FF,,132,2,54,,2,8.86,,,,,,,,,,,,,,,,,,,,,,,,8.86,-,,,,,,,,,,,,,,,,,,,,,,,,,-,-,,,,,,,,,,,,,,,,,,,,,,,,,
,04-22-2015,12:23:05, Lane 1 ,Fwd,FF,,133,2,55,,2,9.41,,,,,,,,,,,,,,,,,,,,,,,,9.41,-,,,,,,,,,,,,,,,,,,,,,,,,,-,-,,,,,,,,,,,,,,,,,,,,,,,,,
,04-22-2015,12:23:43, Lane 1 ,Fwd,FF,,134,2,62,,2,8.30,,,,,,,,,,,,,,,,,,,,,,,,8.30,-,,,,,,,,,,,,,,,,,,,,,,,,,-,-,,,,,,,,,,,,,,,,,,,,,,,,,
,04-22-2015,12:23:59, Lane 1 ,Fwd,FF,,135,3,63,,2,12.83,,,,,,,,,,,,,,,,,,,,,,,,12.83,-,,,,,,,,,,,,,,,,,,,,,,,,,-,-,,,,,,,,,,,,,,,,,,,,,,,,,
,04-22-2015,12:24:02, Lane 1 ,Fwd,FF,,136,2,58,,2,8.40,,,,,,,,,,,,,,,,,,,,,,,,8.40,-,,,,,,,,,,,,,,,,,,,,,,,,,-,-,,,,,,,,,,,,,,,,,,,,,,,,,
,04-22-2015,12:24:15, Lane 1 ,Fwd,FF,,137,3,52,,2,10.24,,,,,,,,,,,,,,,,,,,,,,,,10.24,-,,,,,,,,,,,,,,,,,,,,,,,,,-,-,,,,,,,,,,,,,,,,,,,,,,,,,
,04-22-2015,12:24:17, Lane 1 ,Fwd,FF,,138,2,55,,2,8.64,,,,,,,,,,,,,,,,,,,,,,,,8.64,-,,,,,,,,,,,,,,,,,,,,,,,,,-,-,,,,,,,,,,,,,,,,,,,,,,,,,
,04-22-2015,12:24:19, Lane 1 ,Fwd,FF,,139,9,55,,5,16.48,4.32,29.36,4.08,,,,,,,,,,,,,,,,,,,,,54.24,-,,,,,,,,,,,,,,,,,,,,,,,,,-,-,,,,,,,,,,,,,,,,,,,,,,,,,
,04-22-2015,12:25:01, Lane 1 ,Fwd,FF,,140,2,56,,2,7.95,,,,,,,,,,,,,,,,,,,,,,,,7.95,-,,,,,,,,,,,,,,,,,,,,,,,,,-,-,,,,,,,,,,,,,,,,,,,,,,,,,
,04-22-2015,12:25:03, Lane 1 ,Fwd,FF,,141,2,58,,2,8.06,,,,,,,,,,,,,,,,,,,,,,,,8.06,-,,,,,,,,,,,,,,,,,,,,,,,,,-,-,,,,,,,,,,,,,,,,,,,,,,,,,
,04-22-2015,12:25:05, Lane 1 ,Fwd,FF,,142,2,62,,2,10.09,,,,,,,,,,,,,,,,,,,,,,,,10.09,-,,,,,,,,,,,,,,,,,,,,,,,,,-,-,,,,,,,,,,,,,,,,,,,,,,,,,
,04-22-2015,12:25:08, Lane 1 ,Fwd,FF,,143,2,59,,2,8.46,,,,,,,,,,,,,,,,,,,,,,,,8.46,-,,,,,,,,,,,,,,,,,,,,,,,,,-,-,,,,,,,,,,,,,,,,,,,,,,,,,
,04-22-2015,12:25:14, Lane 1 ,Fwd,FF,,144,2,59,,2,9.15,,,,,,,,,,,,,,,,,,,,,,,,9.15,-,,,,,,,,,,,,,,,,,,,,,,,,,-,-,,,,,,,,,,,,,,,,,,,,,,,,,
,04-22-2015,12:25:17, Lane 1 ,Fwd,FF,,145,3,57,,2,12.83,,,,,,,,,,,,,,,,,,,,,,,,12.83,-,,,,,,,,,,,,,,,,,,,,,,,,,-,-,,,,,,,,,,,,,,,,,,,,,,,,,
,04-22-2015,12:25:19, Lane 1 ,Fwd,FF,,146,2,57,,2,8.81,,,,,,,,,,,,,,,,,,,,,,,,8.81,-,,,,,,,,,,,,,,,,,,,,,,,,,-,-,,,,,,,,,,,,,,,,,,,,,,,,,
,04-22-2015,12:25:21, Lane 1 ,Fwd,FF,,147,3,59,,2,11.57,,,,,,,,,,,,,,,,,,,,,,,,11.57,-,,,,,,,,,,,,,,,,,,,,,,,,,-,-,,,,,,,,,,,,,,,,,,,,,,,,,
,04-22-2015,12:25:28, Lane 1 ,Fwd,FF,,148,2,56,,2,8.69,,,,,,,,,,,,,,,,,,,,,,,,8.69,-,,,,,,,,,,,,,,,,,,,,,,,,,-,-,,,,,,,,,,,,,,,,,,,,,,,,,
,04-22-2015,12:25:29, Lane 1 ,Fwd,FF,,149,2,56,,2,8.14,,,,,,,,,,,,,,,,,,,,,,,,8.14,-,,,,,,,,,,,,,,,,,,,,,,,,,-,-,,,,,,,,,,,,,,,,,,,,,,,,,
,04-22-2015,12:26:08, Lane 1 ,Fwd,FF,,150,2,63,,2,9.05,,,,,,,,,,,,,,,,,,,,,,,,9.05,-,,,,,,,,,,,,,,,,,,,,,,,,,-,-,,,,,,,,,,,,,,,,,,,,,,,,,
,04-22-2015,12:26:10, Lane 1 ,Fwd,FF,,151,2,65,,2,8.86,,,,,,,,,,,,,,,,,,,,,,,,8.86,-,,,,,,,,,,,,,,,,,,,,,,,,,-,-,,,,,,,,,,,,,,,,,,,,,,,,,
,04-22-2015,12:26:28, Lane 1 ,Fwd,FF,,152,2,64,,2,8.91,,,,,,,,,,,,,,,,,,,,,,,,8.91,-,,,,,,,,,,,,,,,,,,,,,,,,,-,-,,,,,,,,,,,,,,,,,,,,,,,,,
,04-22-2015,12:26:30, Lane 1 ,Fwd,FF,,153,3,52,,4,11.32,14.20,2.73,,,,,,,,,,,,,,,,,,,,,,28.25,-,,,,,,,,,,,,,,,,,,,,,,,,,-,-,,,,,,,,,,,,,,,,,,,,,,,,,
,04-22-2015,12:27:08, Lane 1 ,Fwd,FF,,154,2,62,,2,8.66,,,,,,,,,,,,,,,,,,,,,,,,8.66,-,,,,,,,,,,,,,,,,,,,,,,,,,-,-,,,,,,,,,,,,,,,,,,,,,,,,,
,04-22-2015,12:27:13, Lane 1 ,Fwd,FF,,155,2,55,,2,8.64,,,,,,,,,,,,,,,,,,,,,,,,8.64,-,,,,,,,,,,,,,,,,,,,,,,,,,-,-,,,,,,,,,,,,,,,,,,,,,,,,,
,04-22-2015,12:27:19, Lane 1 ,Fwd,FF,,156,2,55,,2,9.84,,,,,,,,,,,,,,,,,,,,,,,,9.84,-,,,,,,,,,,,,,,,,,,,,,,,,,-,-,,,,,,,,,,,,,,,,,,,,,,,,,
,04-22-2015,12:27:21, Lane 1 ,Fwd,FF,,157,8,54,,3,12.86,19.61,,,,,,,,,,,,,,,,,,,,,,,32.47,-,,,,,,,,,,,,,,,,,,,,,,,,,-,-,,,,,,,,,,,,,,,,,,,,,,,,,
,04-22-2015,12:27:23, Lane 1 ,Fwd,FF,,158,2,52,,2,8.89,,,,,,,,,,,,,,,,,,,,,,,,8.89,-,,,,,,,,,,,,,,,,,,,,,,,,,-,-,,,,,,,,,,,,,,,,,,,,,,,,,
,04-22-2015,12:27:26, Lane 1 ,Fwd,FF,,159,2,58,,2,8.57,,,,,,,,,,,,,,,,,,,,,,,,8.57,-,,,,,,,,,,,,,,,,,,,,,,,,,-,-,,,,,,,,,,,,,,,,,,,,,,,,,
,04-22-2015,12:27:28, Lane 1 ,Fwd,FF,,160,2,57,,2,9.75,,,,,,,,,,,,,,,,,,,,,,,,9.75,-,,,,,,,,,,,,,,,,,,,,,,,,,-,-,,,,,,,,,,,,,,,,,,,,,,,,,
,04-22-2015,12:27:30, Lane 1 ,Fwd,FF,,161,2,57,,2,8.84,,,,,,,,,,,,,,,,,,,,,,,,8.84,-,,,,,,,,,,,,,,,,,,,,,,,,,-,-,,,,,,,,,,,,,,,,,,,,,,,,,
,04-22-2015,12:27:31, Lane 1 ,Fwd,FF,,162,2,56,,2,9.04,,,,,,,,,,,,,,,,,,,,,,,,9.04,-,,,,,,,,,,,,,,,,,,,,,,,,,-,-,,,,,,,,,,,,,,,,,,,,,,,,,
,04-22-2015,12:27:53, Lane 1 ,Fwd,FF,,163,3,59,,2,11.83,,,,,,,,,,,,,,,,,,,,,,,,11.83,-,,,,,,,,,,,,,,,,,,,,,,,,,-,-,,,,,,,,,,,,,,,,,,,,,,,,,
,04-22-2015,12:28:11, Lane 1 ,Fwd,FF,,164,2,62,,2,7.40,,,,,,,,,,,,,,,,,,,,,,,,7.40,-,,,,,,,,,,,,,,,,,,,,,,,,,-,-,,,,,,,,,,,,,,,,,,,,,,,,,
,04-22-2015,12:28:13, Lane 1 ,Fwd,FF,,165,2,62,,2,8.84,,,,,,,,,,,,,,,,,,,,,,,,8.84,-,,,,,,,,,,,,,,,,,,,,,,,,,-,-,,,,,,,,,,,,,,,,,,,,,,,,,
,04-22-2015,12:28:20, Lane 1 ,Fwd,FF,,166,3,55,,2,10.64,,,,,,,,,,,,,,,,,,,,,,,,10.64,-,,,,,,,,,,,,,,,,,,,,,,,,,-,-,,,,,,,,,,,,,,,,,,,,,,,,,
,04-22-2015,12:28:22, Lane 1 ,Fwd,FF,,167,1,52,,2,5.39,,,,,,,,,,,,,,,,,,,,,,,,5.39,-,,,,,,,,,,,,,,,,,,,,,,,,,-,-,,,,,,,,,,,,,,,,,,,,,,,,,
,04-22-2015,12:28:26, Lane 1 ,Fwd,FF,,168,2,52,,2,8.73,,,,,,,,,,,,,,,,,,,,,,,,8.73,-,,,,,,,,,,,,,,,,,,,,,,,,,-,-,,,,,,,,,,,,,,,,,,,,,,,,,
,04-22-2015,12:28:27, Lane 1 ,Fwd,FF,,169,2,54,,2,9.10,,,,,,,,,,,,,,,,,,,,,,,,9.10,-,,,,,,,,,,,,,,,,,,,,,,,,,-,-,,,,,,,,,,,,,,,,,,,,,,,,,
,04-22-2015,12:28:28, Lane 1 ,Fwd,FF,,170,2,53,,2,8.34,,,,,,,,,,,,,,,,,,,,,,,,8.34,-,,,,,,,,,,,,,,,,,,,,,,,,,-,-,,,,,,,,,,,,,,,,,,,,,,,,,
,04-22-2015,12:28:31, Lane 1 ,Fwd,FF,,171,2,49,,2,8.71,,,,,,,,,,,,,,,,,,,,,,,,8.71,-,,,,,,,,,,,,,,,,,,,,,,,,,-,-,,,,,,,,,,,,,,,,,,,,,,,,,
,04-22-2015,12:28:33, Lane 1 ,Fwd,FF,,172,2,51,,2,8.93,,,,,,,,,,,,,,,,,,,,,,,,8.93,-,,,,,,,,,,,,,,,,,,,,,,,,,-,-,,,,,,,,,,,,,,,,,,,,,,,,,
,04-22-2015,12:29:44, Lane 1 ,Fwd,FF,,173,3,55,,3,11.19,16.27,,,,,,,,,,,,,,,,,,,,,,,27.46,-,,,,,,,,,,,,,,,,,,,,,,,,,-,-,,,,,,,,,,,,,,,,,,,,,,,,,
,04-22-2015,12:29:45, Lane 1 ,Fwd,FF,,174,2,54,,2,9.78,,,,,,,,,,,,,,,,,,,,,,,,9.78,-,,,,,,,,,,,,,,,,,,,,,,,,,-,-,,,,,,,,,,,,,,,,,,,,,,,,,
,04-22-2015,12:29:52, Lane 1 ,Fwd,FF,,175,2,62,,2,9.09,,,,,,,,,,,,,,,,,,,,,,,,9.09,-,,,,,,,,,,,,,,,,,,,,,,,,,-,-,,,,,,,,,,,,,,,,,,,,,,,,,
,04-22-2015,12:29:54, Lane 1 ,Fwd,FF,,176,4,63,,2,20.86,,,,,,,,,,,,,,,,,,,,,,,,20.86,-,,,,,,,,,,,,,,,,,,,,,,,,,-,-,,,,,,,,,,,,,,,,,,,,,,,,,
,04-22-2015,12:30:16, Lane 1 ,Fwd,FF,,177,2,58,,2,8.45,,,,,,,,,,,,,,,,,,,,,,,,8.45,-,,,,,,,,,,,,,,,,,,,,,,,,,-,-,,,,,,,,,,,,,,,,,,,,,,,,,
,04-22-2015,12:30:24, Lane 1 ,Fwd,FF,,178,2,62,,2,8.37,,,,,,,,,,,,,,,,,,,,,,,,8.37,-,,,,,,,,,,,,,,,,,,,,,,,,,-,-,,,,,,,,,,,,,,,,,,,,,,,,,
,04-22-2015,12:30:27, Lane 1 ,Fwd,FF,,179,2,61,,2,9.67,,,,,,,,,,,,,,,,,,,,,,,,9.67,-,,,,,,,,,,,,,,,,,,,,,,,,,-,-,,,,,,,,,,,,,,,,,,,,,,,,,
,04-22-2015,12:30:31, Lane 1 ,Fwd,FF,,180,2,59,,2,8.70,,,,,,,,,,,,,,,,,,,,,,,,8.70,-,,,,,,,,,,,,,,,,,,,,,,,,,-,-,,,,,,,,,,,,,,,,,,,,,,,,,
,04-22-2015,12:30:32, Lane 1 ,Fwd,FF,,181,5,59,,2,13.04,,,,,,,,,,,,,,,,,,,,,,,,13.04,-,,,,,,,,,,,,,,,,,,,,,,,,,-,-,,,,,,,,,,,,,,,,,,,,,,,,,
,04-22-2015,12:30:34, Lane 1 ,Fwd,FF,,182,2,59,,2,8.29,,,,,,,,,,,,,,,,,,,,,,,,8.29,-,,,,,,,,,,,,,,,,,,,,,,,,,-,-,,,,,,,,,,,,,,,,,,,,,,,,,
,04-22-2015,12:30:36, Lane 1 ,Fwd,FF,,183,2,60,,2,9.62,,,,,,,,,,,,,,,,,,,,,,,,9.62,-,,,,,,,,,,,,,,,,,,,,,,,,,-,-,,,,,,,,,,,,,,,,,,,,,,,,,
,04-22-2015,12:30:38, Lane 1 ,Fwd,FF,,184,2,59,,2,8.44,,,,,,,,,,,,,,,,,,,,,,,,8.44,-,,,,,,,,,,,,,,,,,,,,,,,,,-,-,,,,,,,,,,,,,,,,,,,,,,,,,
,04-22-2015,12:30:40, Lane 1 ,Fwd,FF,,185,2,59,,2,8.78,,,,,,,,,,,,,,,,,,,,,,,,8.78,-,,,,,,,,,,,,,,,,,,,,,,,,,-,-,,,,,,,,,,,,,,,,,,,,,,,,,
,04-22-2015,12:30:55, Lane 1 ,Fwd,FF,,186,8,61,,3,11.56,19.65,,,,,,,,,,,,,,,,,,,,,,,31.21,-,,,,,,,,,,,,,,,,,,,,,,,,,-,-,,,,,,,,,,,,,,,,,,,,,,,,,
,04-22-2015,12:31:05, Lane 1 ,Fwd,FF,,187,9,59,,5,16.06,4.23,32.20,3.97,,,,,,,,,,,,,,,,,,,,,56.46,-,,,,,,,,,,,,,,,,,,,,,,,,,-,-,,,,,,,,,,,,,,,,,,,,,,,,,
,04-22-2015,12:31:10, Lane 1 ,Fwd,FF,,188,3,55,,2,11.28,,,,,,,,,,,,,,,,,,,,,,,,11.28,-,,,,,,,,,,,,,,,,,,,,,,,,,-,-,,,,,,,,,,,,,,,,,,,,,,,,,
,04-22-2015,12:31:14, Lane 1 ,Fwd,FF,,189,5,57,,2,13.33,,,,,,,,,,,,,,,,,,,,,,,,13.33,-,,,,,,,,,,,,,,,,,,,,,,,,,-,-,,,,,,,,,,,,,,,,,,,,,,,,,
,04-22-2015,12:31:17, Lane 1 ,Fwd,FF,,190,2,62,,2,8.12,,,,,,,,,,,,,,,,,,,,,,,,8.12,-,,,,,,,,,,,,,,,,,,,,,,,,,-,-,,,,,,,,,,,,,,,,,,,,,,,,,
,04-22-2015,12:31:26, Lane 1 ,Fwd,FF,,191,2,58,,2,8.70,,,,,,,,,,,,,,,,,,,,,,,,8.70,-,,,,,,,,,,,,,,,,,,,,,,,,,-,-,,,,,,,,,,,,,,,,,,,,,,,,,
,04-22-2015,12:31:34, Lane 1 ,Fwd,FF,,192,2,62,,2,9.18,,,,,,,,,,,,,,,,,,,,,,,,9.18,-,,,,,,,,,,,,,,,,,,,,,,,,,-,-,,,,,,,,,,,,,,,,,,,,,,,,,
,04-22-2015,12:31:37, Lane 1 ,Fwd,FF,,193,2,58,,2,8.91,,,,,,,,,,,,,,,,,,,,,,,,8.91,-,,,,,,,,,,,,,,,,,,,,,,,,,-,-,,,,,,,,,,,,,,,,,,,,,,,,,
,04-22-2015,12:31:41, Lane 1 ,Fwd,FF,,194,2,56,,2,8.47,,,,,,,,,,,,,,,,,,,,,,,,8.47,-,,,,,,,,,,,,,,,,,,,,,,,,,-,-,,,,,,,,,,,,,,,,,,,,,,,,,
,04-22-2015,12:31:42, Lane 1 ,Fwd,FF,,195,2,54,,2,8.13,,,,,,,,,,,,,,,,,,,,,,,,8.13,-,,,,,,,,,,,,,,,,,,,,,,,,,-,-,,,,,,,,,,,,,,,,,,,,,,,,,
,04-22-2015,12:31:44, Lane 1 ,Fwd,FF,,196,3,59,,2,11.83,,,,,,,,,,,,,,,,,,,,,,,,11.83,-,,,,,,,,,,,,,,,,,,,,,,,,,-,-,,,,,,,,,,,,,,,,,,,,,,,,,
,04-22-2015,12:31:58, Lane 1 ,Fwd,FF,,197,2,58,,2,9.70,,,,,,,,,,,,,,,,,,,,,,,,9.70,-,,,,,,,,,,,,,,,,,,,,,,,,,-,-,,,,,,,,,,,,,,,,,,,,,,,,,
,04-22-2015,12:31:59, Lane 1 ,Fwd,FF,,198,2,61,,2,9.69,,,,,,,,,,,,,,,,,,,,,,,,9.69,-,,,,,,,,,,,,,,,,,,,,,,,,,-,-,,,,,,,,,,,,,,,,,,,,,,,,,
,04-22-2015,12:32:01, Lane 1 ,Fwd,FF,,199,2,62,,2,9.09,,,,,,,,,,,,,,,,,,,,,,,,9.09,-,,,,,,,,,,,,,,,,,,,,,,,,,-,-,,,,,,,,,,,,,,,,,,,,,,,,,
,04-22-2015,12:33:08, Lane 1 ,Fwd,FF,,200,3,59,,2,11.92,,,,,,,,,,,,,,,,,,,,,,,,11.92,-,,,,,,,,,,,,,,,,,,,,,,,,,-,-,,,,,,,,,,,,,,,,,,,,,,,,,
,04-22-2015,12:33:15, Lane 1 ,Fwd,FF,,201,2,59,,2,8.61,,,,,,,,,,,,,,,,,,,,,,,,8.61,-,,,,,,,,,,,,,,,,,,,,,,,,,-,-,,,,,,,,,,,,,,,,,,,,,,,,,
,04-22-2015,12:33:40, Lane 1 ,Fwd,FF,,202,2,57,,2,8.73,,,,,,,,,,,,,,,,,,,,,,,,8.73,-,,,,,,,,,,,,,,,,,,,,,,,,,-,-,,,,,,,,,,,,,,,,,,,,,,,,,
,04-22-2015,12:33:42, Lane 1 ,Fwd,FF,,203,2,60,,2,8.94,,,,,,,,,,,,,,,,,,,,,,,,8.94,-,,,,,,,,,,,,,,,,,,,,,,,,,-,-,,,,,,,,,,,,,,,,,,,,,,,,,
,04-22-2015,12:33:44, Lane 1 ,Fwd,FF,,204,9,61,,5,16.80,4.27,28.80,9.96,,,,,,,,,,,,,,,,,,,,,59.83,-,,,,,,,,,,,,,,,,,,,,,,,,,-,-,,,,,,,,,,,,,,,,,,,,,,,,,
,04-22-2015,12:34:00, Lane 1 ,Fwd,FF,,205,2,59,,2,9.57,,,,,,,,,,,,,,,,,,,,,,,,9.57,-,,,,,,,,,,,,,,,,,,,,,,,,,-,-,,,,,,,,,,,,,,,,,,,,,,,,,
,04-22-2015,12:34:04, Lane 1 ,Fwd,FF,,206,2,55,,2,8.62,,,,,,,,,,,,,,,,,,,,,,,,8.62,-,,,,,,,,,,,,,,,,,,,,,,,,,-,-,,,,,,,,,,,,,,,,,,,,,,,,,
,04-22-2015,12:34:06, Lane 1 ,Fwd,FF,,207,2,55,,2,9.02,,,,,,,,,,,,,,,,,,,,,,,,9.02,-,,,,,,,,,,,,,,,,,,,,,,,,,-,-,,,,,,,,,,,,,,,,,,,,,,,,,
,04-22-2015,12:34:08, Lane 1 ,Fwd,FF,,208,2,54,,2,10.01,,,,,,,,,,,,,,,,,,,,,,,,10.01,-,,,,,,,,,,,,,,,,,,,,,,,,,-,-,,,,,,,,,,,,,,,,,,,,,,,,,
,04-22-2015,12:34:29, Lane 1 ,Fwd,FF,,209,2,59,,2,9.24,,,,,,,,,,,,,,,,,,,,,,,,9.24,-,,,,,,,,,,,,,,,,,,,,,,,,,-,-,,,,,,,,,,,,,,,,,,,,,,,,,
,04-22-2015,12:34:33, Lane 1 ,Fwd,FF,,210,2,66,,2,8.71,,,,,,,,,,,,,,,,,,,,,,,,8.71,-,,,,,,,,,,,,,,,,,,,,,,,,,-,-,,,,,,,,,,,,,,,,,,,,,,,,,
,04-22-2015,12:34:53, Lane 1 ,Fwd,FF,,211,2,58,,2,9.13,,,,,,,,,,,,,,,,,,,,,,,,9.13,-,,,,,,,,,,,,,,,,,,,,,,,,,-,-,,,,,,,,,,,,,,,,,,,,,,,,,
,04-22-2015,12:34:55, Lane 1 ,Fwd,FF,,212,2,58,,2,8.43,,,,,,,,,,,,,,,,,,,,,,,,8.43,-,,,,,,,,,,,,,,,,,,,,,,,,,-,-,,,,,,,,,,,,,,,,,,,,,,,,,
,04-22-2015,12:34:56, Lane 1 ,Fwd,FF,,213,2,61,,2,8.44,,,,,,,,,,,,,,,,,,,,,,,,8.44,-,,,,,,,,,,,,,,,,,,,,,,,,,-,-,,,,,,,,,,,,,,,,,,,,,,,,,
,04-22-2015,12:35:00, Lane 1 ,Fwd,FF,,214,2,58,,2,8.87,,,,,,,,,,,,,,,,,,,,,,,,8.87,-,,,,,,,,,,,,,,,,,,,,,,,,,-,-,,,,,,,,,,,,,,,,,,,,,,,,,
,04-22-2015,12:35:01, Lane 1 ,Fwd,FF,,215,3,59,,2,10.70,,,,,,,,,,,,,,,,,,,,,,,,10.70,-,,,,,,,,,,,,,,,,,,,,,,,,,-,-,,,,,,,,,,,,,,,,,,,,,,,,,
,04-22-2015,12:35:02, Lane 1 ,Fwd,FF,,216,5,64,,2,14.16,,,,,,,,,,,,,,,,,,,,,,,,14.16,-,,,,,,,,,,,,,,,,,,,,,,,,,-,-,,,,,,,,,,,,,,,,,,,,,,,,,
,04-22-2015,12:35:06, Lane 1 ,Fwd,FF,,217,2,66,,2,8.62,,,,,,,,,,,,,,,,,,,,,,,,8.62,-,,,,,,,,,,,,,,,,,,,,,,,,,-,-,,,,,,,,,,,,,,,,,,,,,,,,,
,04-22-2015,12:35:27, Lane 1 ,Fwd,FF,,218,2,57,,2,8.67,,,,,,,,,,,,,,,,,,,,,,,,8.67,-,,,,,,,,,,,,,,,,,,,,,,,,,-,-,,,,,,,,,,,,,,,,,,,,,,,,,
,04-22-2015,12:35:34, Lane 1 ,Fwd,FF,,219,2,55,,2,9.20,,,,,,,,,,,,,,,,,,,,,,,,9.20,-,,,,,,,,,,,,,,,,,,,,,,,,,-,-,,,,,,,,,,,,,,,,,,,,,,,,,
,04-22-2015,12:35:36, Lane 1 ,Fwd,FF,,220,2,54,,2,9.33,,,,,,,,,,,,,,,,,,,,,,,,9.33,-,,,,,,,,,,,,,,,,,,,,,,,,,-,-,,,,,,,,,,,,,,,,,,,,,,,,,
,04-22-2015,12:35:43, Lane 1 ,Fwd,FF,,221,2,53,,2,9.35,,,,,,,,,,,,,,,,,,,,,,,,9.35,-,,,,,,,,,,,,,,,,,,,,,,,,,-,-,,,,,,,,,,,,,,,,,,,,,,,,,
,04-22-2015,12:35:45, Lane 1 ,Fwd,FF,,222,2,52,,2,9.88,,,,,,,,,,,,,,,,,,,,,,,,9.88,-,,,,,,,,,,,,,,,,,,,,,,,,,-,-,,,,,,,,,,,,,,,,,,,,,,,,,
,04-22-2015,12:35:46, Lane 1 ,Fwd,FF,,223,2,55,,2,8.56,,,,,,,,,,,,,,,,,,,,,,,,8.56,-,,,,,,,,,,,,,,,,,,,,,,,,,-,-,,,,,,,,,,,,,,,,,,,,,,,,,
,04-22-2015,12:35:54, Lane 1 ,Fwd,FF,,224,3,62,,2,11.46,,,,,,,,,,,,,,,,,,,,,,,,11.46,-,,,,,,,,,,,,,,,,,,,,,,,,,-,-,,,,,,,,,,,,,,,,,,,,,,,,,
,04-22-2015,12:36:18, Lane 1 ,Fwd,FF,,225,3,55,,2,10.95,,,,,,,,,,,,,,,,,,,,,,,,10.95,-,,,,,,,,,,,,,,,,,,,,,,,,,-,-,,,,,,,,,,,,,,,,,,,,,,,,,
,04-22-2015,12:36:22, Lane 1 ,Fwd,FF,,226,6,60,,3,15.68,4.29,,,,,,,,,,,,,,,,,,,,,,,19.97,-,,,,,,,,,,,,,,,,,,,,,,,,,-,-,,,,,,,,,,,,,,,,,,,,,,,,,
,04-22-2015,12:36:44, Lane 1 ,Fwd,FF,,227,3,50,,2,11.20,,,,,,,,,,,,,,,,,,,,,,,,11.20,-,,,,,,,,,,,,,,,,,,,,,,,,,-,-,,,,,,,,,,,,,,,,,,,,,,,,,
,04-22-2015,12:37:31, Lane 1 ,Fwd,FF,,228,2,59,,2,8.38,,,,,,,,,,,,,,,,,,,,,,,,8.38,-,,,,,,,,,,,,,,,,,,,,,,,,,-,-,,,,,,,,,,,,,,,,,,,,,,,,,
,04-22-2015,12:37:33, Lane 1 ,Fwd,FF,,229,3,58,,2,10.63,,,,,,,,,,,,,,,,,,,,,,,,10.63,-,,,,,,,,,,,,,,,,,,,,,,,,,-,-,,,,,,,,,,,,,,,,,,,,,,,,,
,04-22-2015,12:37:37, Lane 1 ,Fwd,FF,,230,2,57,,2,8.39,,,,,,,,,,,,,,,,,,,,,,,,8.39,-,,,,,,,,,,,,,,,,,,,,,,,,,-,-,,,,,,,,,,,,,,,,,,,,,,,,,
,04-22-2015,12:37:39, Lane 1 ,Fwd,FF,,231,2,60,,2,8.74,,,,,,,,,,,,,,,,,,,,,,,,8.74,-,,,,,,,,,,,,,,,,,,,,,,,,,-,-,,,,,,,,,,,,,,,,,,,,,,,,,
,04-22-2015,12:37:48, Lane 1 ,Fwd,FF,,232,5,56,,2,15.89,,,,,,,,,,,,,,,,,,,,,,,,15.89,-,,,,,,,,,,,,,,,,,,,,,,,,,-,-,,,,,,,,,,,,,,,,,,,,,,,,,
,04-22-2015,12:38:10, Lane 1 ,Fwd,FF,,233,2,63,,2,8.43,,,,,,,,,,,,,,,,,,,,,,,,8.43,-,,,,,,,,,,,,,,,,,,,,,,,,,-,-,,,,,,,,,,,,,,,,,,,,,,,,,
,04-22-2015,12:38:14, Lane 1 ,Fwd,FF,,234,5,61,,2,14.24,,,,,,,,,,,,,,,,,,,,,,,,14.24,-,,,,,,,,,,,,,,,,,,,,,,,,,-,-,,,,,,,,,,,,,,,,,,,,,,,,,
,04-22-2015,12:38:18, Lane 1 ,Fwd,FF,,235,2,61,,2,9.69,,,,,,,,,,,,,,,,,,,,,,,,9.69,-,,,,,,,,,,,,,,,,,,,,,,,,,-,-,,,,,,,,,,,,,,,,,,,,,,,,,
,04-22-2015,12:38:19, Lane 1 ,Fwd,FF,,236,2,58,,2,9.69,,,,,,,,,,,,,,,,,,,,,,,,9.69,-,,,,,,,,,,,,,,,,,,,,,,,,,-,-,,,,,,,,,,,,,,,,,,,,,,,,,
,04-22-2015,12:38:22, Lane 1 ,Fwd,FF,,237,3,59,,2,11.48,,,,,,,,,,,,,,,,,,,,,,,,11.48,-,,,,,,,,,,,,,,,,,,,,,,,,,-,-,,,,,,,,,,,,,,,,,,,,,,,,,
,04-22-2015,12:38:56, Lane 1 ,Fwd,FF,,238,2,64,,2,8.60,,,,,,,,,,,,,,,,,,,,,,,,8.60,-,,,,,,,,,,,,,,,,,,,,,,,,,-,-,,,,,,,,,,,,,,,,,,,,,,,,,
,04-22-2015,12:38:59, Lane 1 ,Fwd,FF,,239,2,60,,2,9.00,,,,,,,,,,,,,,,,,,,,,,,,9.00,-,,,,,,,,,,,,,,,,,,,,,,,,,-,-,,,,,,,,,,,,,,,,,,,,,,,,,
,04-22-2015,12:39:00, Lane 1 ,Fwd,FF,,240,2,61,,2,8.62,,,,,,,,,,,,,,,,,,,,,,,,8.62,-,,,,,,,,,,,,,,,,,,,,,,,,,-,-,,,,,,,,,,,,,,,,,,,,,,,,,
,04-22-2015,12:39:07, Lane 1 ,Fwd,FF,,241,3,55,,2,12.81,,,,,,,,,,,,,,,,,,,,,,,,12.81,-,,,,,,,,,,,,,,,,,,,,,,,,,-,-,,,,,,,,,,,,,,,,,,,,,,,,,
,04-22-2015,12:39:40, Lane 1 ,Fwd,FF,,242,4,57,,2,22.07,,,,,,,,,,,,,,,,,,,,,,,,22.07,-,,,,,,,,,,,,,,,,,,,,,,,,,-,-,,,,,,,,,,,,,,,,,,,,,,,,,
,04-22-2015,12:39:42, Lane 1 ,Fwd,FF,,243,2,57,,2,8.50,,,,,,,,,,,,,,,,,,,,,,,,8.50,-,,,,,,,,,,,,,,,,,,,,,,,,,-,-,,,,,,,,,,,,,,,,,,,,,,,,,
,04-22-2015,12:39:44, Lane 1 ,Fwd,FF,,244,2,55,,2,8.38,,,,,,,,,,,,,,,,,,,,,,,,8.38,-,,,,,,,,,,,,,,,,,,,,,,,,,-,-,,,,,,,,,,,,,,,,,,,,,,,,,
,04-22-2015,12:39:46, Lane 1 ,Fwd,FF,,245,2,57,,2,8.81,,,,,,,,,,,,,,,,,,,,,,,,8.81,-,,,,,,,,,,,,,,,,,,,,,,,,,-,-,,,,,,,,,,,,,,,,,,,,,,,,,
,04-22-2015,12:39:51, Lane 1 ,Fwd,FF,,246,2,56,,2,8.52,,,,,,,,,,,,,,,,,,,,,,,,8.52,-,,,,,,,,,,,,,,,,,,,,,,,,,-,-,,,,,,,,,,,,,,,,,,,,,,,,,
,04-22-2015,12:39:52, Lane 1 ,Fwd,FF,,247,2,54,,2,9.69,,,,,,,,,,,,,,,,,,,,,,,,9.69,-,,,,,,,,,,,,,,,,,,,,,,,,,-,-,,,,,,,,,,,,,,,,,,,,,,,,,
,04-22-2015,12:39:54, Lane 1 ,Fwd,FF,,248,2,54,,2,9.65,,,,,,,,,,,,,,,,,,,,,,,,9.65,-,,,,,,,,,,,,,,,,,,,,,,,,,-,-,,,,,,,,,,,,,,,,,,,,,,,,,
,04-22-2015,12:39:55, Lane 1 ,Fwd,FF,,249,2,54,,2,8.84,,,,,,,,,,,,,,,,,,,,,,,,8.84,-,,,,,,,,,,,,,,,,,,,,,,,,,-,-,,,,,,,,,,,,,,,,,,,,,,,,,
,04-22-2015,12:39:57, Lane 1 ,Fwd,FF,,250,2,56,,2,8.74,,,,,,,,,,,,,,,,,,,,,,,,8.74,-,,,,,,,,,,,,,,,,,,,,,,,,,-,-,,,,,,,,,,,,,,,,,,,,,,,,,
,04-22-2015,12:39:59, Lane 1 ,Fwd,FF,,251,2,56,,2,9.23,,,,,,,,,,,,,,,,,,,,,,,,9.23,-,,,,,,,,,,,,,,,,,,,,,,,,,-,-,,,,,,,,,,,,,,,,,,,,,,,,,
,04-22-2015,12:40:04, Lane 1 ,Fwd,FF,,252,2,58,,2,8.91,,,,,,,,,,,,,,,,,,,,,,,,8.91,-,,,,,,,,,,,,,,,,,,,,,,,,,-,-,,,,,,,,,,,,,,,,,,,,,,,,,
,04-22-2015,12:40:17, Lane 1 ,Fwd,FF,,253,2,64,,2,8.63,,,,,,,,,,,,,,,,,,,,,,,,8.63,-,,,,,,,,,,,,,,,,,,,,,,,,,-,-,,,,,,,,,,,,,,,,,,,,,,,,,
,04-22-2015,12:40:21, Lane 1 ,Fwd,FF,,254,2,58,,2,9.79,,,,,,,,,,,,,,,,,,,,,,,,9.79,-,,,,,,,,,,,,,,,,,,,,,,,,,-,-,,,,,,,,,,,,,,,,,,,,,,,,,
,04-22-2015,12:40:22, Lane 1 ,Fwd,FF,,255,2,57,,2,9.33,,,,,,,,,,,,,,,,,,,,,,,,9.33,-,,,,,,,,,,,,,,,,,,,,,,,,,-,-,,,,,,,,,,,,,,,,,,,,,,,,,
,04-22-2015,12:40:24, Lane 1 ,Fwd,FF,,256,2,59,,2,9.50,,,,,,,,,,,,,,,,,,,,,,,,9.50,-,,,,,,,,,,,,,,,,,,,,,,,,,-,-,,,,,,,,,,,,,,,,,,,,,,,,,
,04-22-2015,12:40:30, Lane 1 ,Fwd,FF,,257,2,57,,2,6.97,,,,,,,,,,,,,,,,,,,,,,,,6.97,-,,,,,,,,,,,,,,,,,,,,,,,,,-,-,,,,,,,,,,,,,,,,,,,,,,,,,
,04-22-2015,12:40:31, Lane 1 ,Fwd,FF,,258,2,56,,2,9.02,,,,,,,,,,,,,,,,,,,,,,,,9.02,-,,,,,,,,,,,,,,,,,,,,,,,,,-,-,,,,,,,,,,,,,,,,,,,,,,,,,
,04-22-2015,12:40:37, Lane 1 ,Fwd,FF,,259,2,61,,2,9.94,,,,,,,,,,,,,,,,,,,,,,,,9.94,-,,,,,,,,,,,,,,,,,,,,,,,,,-,-,,,,,,,,,,,,,,,,,,,,,,,,,
,04-22-2015,12:40:39, Lane 1 ,Fwd,FF,,260,5,59,,2,14.09,,,,,,,,,,,,,,,,,,,,,,,,14.09,-,,,,,,,,,,,,,,,,,,,,,,,,,-,-,,,,,,,,,,,,,,,,,,,,,,,,,
,04-22-2015,12:40:40, Lane 1 ,Fwd,FF,,261,2,62,,2,8.55,,,,,,,,,,,,,,,,,,,,,,,,8.55,-,,,,,,,,,,,,,,,,,,,,,,,,,-,-,,,,,,,,,,,,,,,,,,,,,,,,,
,04-22-2015,12:40:57, Lane 1 ,Fwd,FF,,262,3,65,,3,11.81,14.19,,,,,,,,,,,,,,,,,,,,,,,26.00,-,,,,,,,,,,,,,,,,,,,,,,,,,-,-,,,,,,,,,,,,,,,,,,,,,,,,,
,04-22-2015,12:41:16, Lane 1 ,Fwd,FF,,263,2,65,,2,8.95,,,,,,,,,,,,,,,,,,,,,,,,8.95,-,,,,,,,,,,,,,,,,,,,,,,,,,-,-,,,,,,,,,,,,,,,,,,,,,,,,,
,04-22-2015,12:41:21, Lane 1 ,Fwd,FF,,264,3,58,,2,11.83,,,,,,,,,,,,,,,,,,,,,,,,11.83,-,,,,,,,,,,,,,,,,,,,,,,,,,-,-,,,,,,,,,,,,,,,,,,,,,,,,,
,04-22-2015,12:41:24, Lane 1 ,Fwd,FF,,265,9,58,,5,17.16,4.31,34.82,3.97,,,,,,,,,,,,,,,,,,,,,60.26,-,,,,,,,,,,,,,,,,,,,,,,,,,-,-,,,,,,,,,,,,,,,,,,,,,,,,,
,04-22-2015,12:41:37, Lane 1 ,Fwd,FF,,266,2,64,,2,8.44,,,,,,,,,,,,,,,,,,,,,,,,8.44,-,,,,,,,,,,,,,,,,,,,,,,,,,-,-,,,,,,,,,,,,,,,,,,,,,,,,,
,04-22-2015,12:41:47, Lane 1 ,Fwd,FF,,267,5,56,,2,17.63,,,,,,,,,,,,,,,,,,,,,,,,17.63,-,,,,,,,,,,,,,,,,,,,,,,,,,-,-,,,,,,,,,,,,,,,,,,,,,,,,,
,04-22-2015,12:41:49, Lane 1 ,Fwd,FF,,268,2,57,,2,9.25,,,,,,,,,,,,,,,,,,,,,,,,9.25,-,,,,,,,,,,,,,,,,,,,,,,,,,-,-,,,,,,,,,,,,,,,,,,,,,,,,,
,04-22-2015,12:41:50, Lane 1 ,Fwd,FF,,269,2,55,,2,9.67,,,,,,,,,,,,,,,,,,,,,,,,9.67,-,,,,,,,,,,,,,,,,,,,,,,,,,-,-,,,,,,,,,,,,,,,,,,,,,,,,,
,04-22-2015,12:41:52, Lane 1 ,Fwd,FF,,270,2,62,,2,9.92,,,,,,,,,,,,,,,,,,,,,,,,9.92,-,,,,,,,,,,,,,,,,,,,,,,,,,-,-,,,,,,,,,,,,,,,,,,,,,,,,,
,04-22-2015,12:41:58, Lane 1 ,Fwd,FF,,271,2,55,,2,8.68,,,,,,,,,,,,,,,,,,,,,,,,8.68,-,,,,,,,,,,,,,,,,,,,,,,,,,-,-,,,,,,,,,,,,,,,,,,,,,,,,,
,04-22-2015,12:42:12, Lane 1 ,Fwd,FF,,272,2,52,,2,9.04,,,,,,,,,,,,,,,,,,,,,,,,9.04,-,,,,,,,,,,,,,,,,,,,,,,,,,-,-,,,,,,,,,,,,,,,,,,,,,,,,,
,04-22-2015,12:42:58, Lane 1 ,Fwd,FF,,273,5,51,,2,14.33,,,,,,,,,,,,,,,,,,,,,,,,14.33,-,,,,,,,,,,,,,,,,,,,,,,,,,-,-,,,,,,,,,,,,,,,,,,,,,,,,,
,04-22-2015,12:43:00, Lane 1 ,Fwd,FF,,274,3,50,,2,10.76,,,,,,,,,,,,,,,,,,,,,,,,10.76,-,,,,,,,,,,,,,,,,,,,,,,,,,-,-,,,,,,,,,,,,,,,,,,,,,,,,,
,04-22-2015,12:43:08, Lane 1 ,Fwd,FF,,275,2,55,,2,8.68,,,,,,,,,,,,,,,,,,,,,,,,8.68,-,,,,,,,,,,,,,,,,,,,,,,,,,-,-,,,,,,,,,,,,,,,,,,,,,,,,,
,04-22-2015,12:43:09, Lane 1 ,Fwd,FF,,276,6,55,,3,19.49,4.19,,,,,,,,,,,,,,,,,,,,,,,23.68,-,,,,,,,,,,,,,,,,,,,,,,,,,-,-,,,,,,,,,,,,,,,,,,,,,,,,,
,04-22-2015,12:43:55, Lane 1 ,Fwd,FF,,277,2,63,,2,10.08,,,,,,,,,,,,,,,,,,,,,,,,10.08,-,,,,,,,,,,,,,,,,,,,,,,,,,-,-,,,,,,,,,,,,,,,,,,,,,,,,,
,04-22-2015,12:43:58, Lane 1 ,Fwd,FF,,278,2,63,,2,8.49,,,,,,,,,,,,,,,,,,,,,,,,8.49,-,,,,,,,,,,,,,,,,,,,,,,,,,-,-,,,,,,,,,,,,,,,,,,,,,,,,,
,04-22-2015,12:44:00, Lane 1 ,Fwd,FF,,279,2,62,,2,8.45,,,,,,,,,,,,,,,,,,,,,,,,8.45,-,,,,,,,,,,,,,,,,,,,,,,,,,-,-,,,,,,,,,,,,,,,,,,,,,,,,,
,04-22-2015,12:44:03, Lane 1 ,Fwd,FF,,280,2,68,,2,8.40,,,,,,,,,,,,,,,,,,,,,,,,8.40,-,,,,,,,,,,,,,,,,,,,,,,,,,-,-,,,,,,,,,,,,,,,,,,,,,,,,,
,04-22-2015,12:44:07, Lane 1 ,Fwd,FF,,281,2,63,,2,8.52,,,,,,,,,,,,,,,,,,,,,,,,8.52,-,,,,,,,,,,,,,,,,,,,,,,,,,-,-,,,,,,,,,,,,,,,,,,,,,,,,,
,04-22-2015,12:44:08, Lane 1 ,Fwd,FF,,282,2,67,,2,8.95,,,,,,,,,,,,,,,,,,,,,,,,8.95,-,,,,,,,,,,,,,,,,,,,,,,,,,-,-,,,,,,,,,,,,,,,,,,,,,,,,,
,04-22-2015,12:44:21, Lane 1 ,Fwd,FF,,283,2,56,,2,8.24,,,,,,,,,,,,,,,,,,,,,,,,8.24,-,,,,,,,,,,,,,,,,,,,,,,,,,-,-,,,,,,,,,,,,,,,,,,,,,,,,,
,04-22-2015,12:44:22, Lane 1 ,Fwd,FF,,284,3,59,,2,11.40,,,,,,,,,,,,,,,,,,,,,,,,11.40,-,,,,,,,,,,,,,,,,,,,,,,,,,-,-,,,,,,,,,,,,,,,,,,,,,,,,,
,04-22-2015,12:44:25, Lane 1 ,Fwd,FF,,285,2,58,,2,8.68,,,,,,,,,,,,,,,,,,,,,,,,8.68,-,,,,,,,,,,,,,,,,,,,,,,,,,-,-,,,,,,,,,,,,,,,,,,,,,,,,,
,04-22-2015,12:44:35, Lane 1 ,Fwd,FF,,286,2,54,,2,8.74,,,,,,,,,,,,,,,,,,,,,,,,8.74,-,,,,,,,,,,,,,,,,,,,,,,,,,-,-,,,,,,,,,,,,,,,,,,,,,,,,,
,04-22-2015,12:45:17, Lane 1 ,Fwd,FF,,287,2,54,,2,8.79,,,,,,,,,,,,,,,,,,,,,,,,8.79,-,,,,,,,,,,,,,,,,,,,,,,,,,-,-,,,,,,,,,,,,,,,,,,,,,,,,,
,04-22-2015,12:45:18, Lane 1 ,Fwd,FF,,288,2,54,,2,8.68,,,,,,,,,,,,,,,,,,,,,,,,8.68,-,,,,,,,,,,,,,,,,,,,,,,,,,-,-,,,,,,,,,,,,,,,,,,,,,,,,,
,04-22-2015,12:45:21, Lane 1 ,Fwd,FF,,289,2,48,,2,8.68,,,,,,,,,,,,,,,,,,,,,,,,8.68,-,,,,,,,,,,,,,,,,,,,,,,,,,-,-,,,,,,,,,,,,,,,,,,,,,,,,,
,04-22-2015,12:45:22, Lane 1 ,Fwd,FF,,290,2,48,,2,8.63,,,,,,,,,,,,,,,,,,,,,,,,8.63,-,,,,,,,,,,,,,,,,,,,,,,,,,-,-,,,,,,,,,,,,,,,,,,,,,,,,,
,04-22-2015,12:45:23, Lane 1 ,Fwd,FF,,291,2,49,,2,9.18,,,,,,,,,,,,,,,,,,,,,,,,9.18,-,,,,,,,,,,,,,,,,,,,,,,,,,-,-,,,,,,,,,,,,,,,,,,,,,,,,,
,04-22-2015,12:45:26, Lane 1 ,Fwd,FF,,292,2,64,,2,8.88,,,,,,,,,,,,,,,,,,,,,,,,8.88,-,,,,,,,,,,,,,,,,,,,,,,,,,-,-,,,,,,,,,,,,,,,,,,,,,,,,,
,04-22-2015,12:45:31, Lane 1 ,Fwd,FF,,293,2,59,,2,8.98,,,,,,,,,,,,,,,,,,,,,,,,8.98,-,,,,,,,,,,,,,,,,,,,,,,,,,-,-,,,,,,,,,,,,,,,,,,,,,,,,,
,04-22-2015,12:45:41, Lane 1 ,Fwd,FF,,294,2,58,,2,8.96,,,,,,,,,,,,,,,,,,,,,,,,8.96,-,,,,,,,,,,,,,,,,,,,,,,,,,-,-,,,,,,,,,,,,,,,,,,,,,,,,,
,04-22-2015,12:45:44, Lane 1 ,Fwd,FF,,295,2,56,,2,8.69,,,,,,,,,,,,,,,,,,,,,,,,8.69,-,,,,,,,,,,,,,,,,,,,,,,,,,-,-,,,,,,,,,,,,,,,,,,,,,,,,,
,04-22-2015,12:46:42, Lane 1 ,Fwd,FF,,296,3,55,,2,11.52,,,,,,,,,,,,,,,,,,,,,,,,11.52,-,,,,,,,,,,,,,,,,,,,,,,,,,-,-,,,,,,,,,,,,,,,,,,,,,,,,,
,04-22-2015,12:47:02, Lane 1 ,Fwd,FF,,297,2,59,,2,8.89,,,,,,,,,,,,,,,,,,,,,,,,8.89,-,,,,,,,,,,,,,,,,,,,,,,,,,-,-,,,,,,,,,,,,,,,,,,,,,,,,,
,04-22-2015,12:47:56, Lane 1 ,Fwd,FF,,298,2,49,,2,9.40,,,,,,,,,,,,,,,,,,,,,,,,9.40,-,,,,,,,,,,,,,,,,,,,,,,,,,-,-,,,,,,,,,,,,,,,,,,,,,,,,,
,04-22-2015,12:47:57, Lane 1 ,Fwd,FF,,299,2,54,,2,9.24,,,,,,,,,,,,,,,,,,,,,,,,9.24,-,,,,,,,,,,,,,,,,,,,,,,,,,-,-,,,,,,,,,,,,,,,,,,,,,,,,,
,04-22-2015,12:47:59, Lane 1 ,Fwd,FF,,300,3,57,,2,10.50,,,,,,,,,,,,,,,,,,,,,,,,10.50,-,,,,,,,,,,,,,,,,,,,,,,,,,-,-,,,,,,,,,,,,,,,,,,,,,,,,,
,04-22-2015,12:48:04, Lane 1 ,Fwd,FF,,301,2,62,,2,8.30,,,,,,,,,,,,,,,,,,,,,,,,8.30,-,,,,,,,,,,,,,,,,,,,,,,,,,-,-,,,,,,,,,,,,,,,,,,,,,,,,,
,04-22-2015,12:48:19, Lane 1 ,Fwd,FF,,302,3,58,,2,11.75,,,,,,,,,,,,,,,,,,,,,,,,11.75,-,,,,,,,,,,,,,,,,,,,,,,,,,-,-,,,,,,,,,,,,,,,,,,,,,,,,,
,04-22-2015,12:48:21, Lane 1 ,Fwd,FF,,303,2,58,,2,9.21,,,,,,,,,,,,,,,,,,,,,,,,9.21,-,,,,,,,,,,,,,,,,,,,,,,,,,-,-,,,,,,,,,,,,,,,,,,,,,,,,,
,04-22-2015,12:48:32, Lane 1 ,Fwd,FF,,304,4,53,,3,23.08,4.31,,,,,,,,,,,,,,,,,,,,,,,27.39,-,,,,,,,,,,,,,,,,,,,,,,,,,-,-,,,,,,,,,,,,,,,,,,,,,,,,,
,04-22-2015,12:48:41, Lane 1 ,Fwd,FF,,305,2,61,,2,9.07,,,,,,,,,,,,,,,,,,,,,,,,9.07,-,,,,,,,,,,,,,,,,,,,,,,,,,-,-,,,,,,,,,,,,,,,,,,,,,,,,,
,04-22-2015,12:48:48, Lane 1 ,Fwd,FF,,306,3,58,,2,11.92,,,,,,,,,,,,,,,,,,,,,,,,11.92,-,,,,,,,,,,,,,,,,,,,,,,,,,-,-,,,,,,,,,,,,,,,,,,,,,,,,,
,04-22-2015,12:48:50, Lane 1 ,Fwd,FF,,307,2,58,,2,9.86,,,,,,,,,,,,,,,,,,,,,,,,9.86,-,,,,,,,,,,,,,,,,,,,,,,,,,-,-,,,,,,,,,,,,,,,,,,,,,,,,,
,04-22-2015,12:48:51, Lane 1 ,Fwd,FF,,308,2,59,,2,8.35,,,,,,,,,,,,,,,,,,,,,,,,8.35,-,,,,,,,,,,,,,,,,,,,,,,,,,-,-,,,,,,,,,,,,,,,,,,,,,,,,,
,04-22-2015,12:48:54, Lane 1 ,Fwd,FF,,309,2,56,,2,9.10,,,,,,,,,,,,,,,,,,,,,,,,9.10,-,,,,,,,,,,,,,,,,,,,,,,,,,-,-,,,,,,,,,,,,,,,,,,,,,,,,,
,04-22-2015,12:48:56, Lane 1 ,Fwd,FF,,310,2,60,,2,8.76,,,,,,,,,,,,,,,,,,,,,,,,8.76,-,,,,,,,,,,,,,,,,,,,,,,,,,-,-,,,,,,,,,,,,,,,,,,,,,,,,,
,04-22-2015,12:49:01, Lane 1 ,Fwd,FF,,311,2,61,,2,9.87,,,,,,,,,,,,,,,,,,,,,,,,9.87,-,,,,,,,,,,,,,,,,,,,,,,,,,-,-,,,,,,,,,,,,,,,,,,,,,,,,,
,04-22-2015,12:49:03, Lane 1 ,Fwd,FF,,312,2,60,,2,8.74,,,,,,,,,,,,,,,,,,,,,,,,8.74,-,,,,,,,,,,,,,,,,,,,,,,,,,-,-,,,,,,,,,,,,,,,,,,,,,,,,,
,04-22-2015,12:49:39, Lane 1 ,Fwd,FF,,313,2,55,,2,10.06,,,,,,,,,,,,,,,,,,,,,,,,10.06,-,,,,,,,,,,,,,,,,,,,,,,,,,-,-,,,,,,,,,,,,,,,,,,,,,,,,,
,04-22-2015,12:49:53, Lane 1 ,Fwd,FF,,314,2,60,,2,9.81,,,,,,,,,,,,,,,,,,,,,,,,9.81,-,,,,,,,,,,,,,,,,,,,,,,,,,-,-,,,,,,,,,,,,,,,,,,,,,,,,,
,04-22-2015,12:50:01, Lane 1 ,Fwd,FF,,315,2,60,,2,9.46,,,,,,,,,,,,,,,,,,,,,,,,9.46,-,,,,,,,,,,,,,,,,,,,,,,,,,-,-,,,,,,,,,,,,,,,,,,,,,,,,,
,04-22-2015,12:50:02, Lane 1 ,Fwd,FF,,316,3,61,,2,11.02,,,,,,,,,,,,,,,,,,,,,,,,11.02,-,,,,,,,,,,,,,,,,,,,,,,,,,-,-,,,,,,,,,,,,,,,,,,,,,,,,,
,04-22-2015,12:50:04, Lane 1 ,Fwd,FF,,317,2,61,,2,8.71,,,,,,,,,,,,,,,,,,,,,,,,8.71,-,,,,,,,,,,,,,,,,,,,,,,,,,-,-,,,,,,,,,,,,,,,,,,,,,,,,,
,04-22-2015,12:50:37, Lane 1 ,Fwd,FF,,318,2,60,,2,8.41,,,,,,,,,,,,,,,,,,,,,,,,8.41,-,,,,,,,,,,,,,,,,,,,,,,,,,-,-,,,,,,,,,,,,,,,,,,,,,,,,,
,04-22-2015,12:50:49, Lane 1 ,Fwd,FF,,319,4,58,,3,20.32,4.20,,,,,,,,,,,,,,,,,,,,,,,24.52,-,,,,,,,,,,,,,,,,,,,,,,,,,-,-,,,,,,,,,,,,,,,,,,,,,,,,,
,04-22-2015,12:50:58, Lane 1 ,Fwd,FF,,320,2,69,,2,8.85,,,,,,,,,,,,,,,,,,,,,,,,8.85,-,,,,,,,,,,,,,,,,,,,,,,,,,-,-,,,,,,,,,,,,,,,,,,,,,,,,,
,04-22-2015,12:51:25, Lane 1 ,Fwd,FF,,321,3,56,,2,12.90,,,,,,,,,,,,,,,,,,,,,,,,12.90,-,,,,,,,,,,,,,,,,,,,,,,,,,-,-,,,,,,,,,,,,,,,,,,,,,,,,,
,04-22-2015,12:51:33, Lane 1 ,Rev,FF,,322,5,57,,2,15.73,,,,,,,,,,,,,,,,,,,,,,,,15.73,-,,,,,,,,,,,,,,,,,,,,,,,,,-,-,,,,,,,,,,,,,,,,,,,,,,,,,
,04-22-2015,12:52:17, Lane 1 ,Fwd,FF,,323,2,63,,2,9.79,,,,,,,,,,,,,,,,,,,,,,,,9.79,-,,,,,,,,,,,,,,,,,,,,,,,,,-,-,,,,,,,,,,,,,,,,,,,,,,,,,
,04-22-2015,12:52:18, Lane 1 ,Fwd,FF,,324,2,67,,2,8.76,,,,,,,,,,,,,,,,,,,,,,,,8.76,-,,,,,,,,,,,,,,,,,,,,,,,,,-,-,,,,,,,,,,,,,,,,,,,,,,,,,
,04-22-2015,12:52:22, Lane 1 ,Fwd,FF,,325,5,59,,2,15.74,,,,,,,,,,,,,,,,,,,,,,,,15.74,-,,,,,,,,,,,,,,,,,,,,,,,,,-,-,,,,,,,,,,,,,,,,,,,,,,,,,
,04-22-2015,12:52:30, Lane 1 ,Fwd,FF,,326,2,63,,2,9.71,,,,,,,,,,,,,,,,,,,,,,,,9.71,-,,,,,,,,,,,,,,,,,,,,,,,,,-,-,,,,,,,,,,,,,,,,,,,,,,,,,
,04-22-2015,12:52:34, Lane 1 ,Fwd,FF,,327,2,63,,2,9.71,,,,,,,,,,,,,,,,,,,,,,,,9.71,-,,,,,,,,,,,,,,,,,,,,,,,,,-,-,,,,,,,,,,,,,,,,,,,,,,,,,
,04-22-2015,12:52:42, Lane 1 ,Fwd,FF,,328,2,59,,2,8.64,,,,,,,,,,,,,,,,,,,,,,,,8.64,-,,,,,,,,,,,,,,,,,,,,,,,,,-,-,,,,,,,,,,,,,,,,,,,,,,,,,
,04-22-2015,12:52:55, Lane 1 ,Fwd,FF,,329,2,56,,2,9.12,,,,,,,,,,,,,,,,,,,,,,,,9.12,-,,,,,,,,,,,,,,,,,,,,,,,,,-,-,,,,,,,,,,,,,,,,,,,,,,,,,
,04-22-2015,12:52:57, Lane 1 ,Fwd,FF,,330,2,56,,2,8.39,,,,,,,,,,,,,,,,,,,,,,,,8.39,-,,,,,,,,,,,,,,,,,,,,,,,,,-,-,,,,,,,,,,,,,,,,,,,,,,,,,
,04-22-2015,12:52:59, Lane 1 ,Fwd,FF,,331,3,59,,2,11.74,,,,,,,,,,,,,,,,,,,,,,,,11.74,-,,,,,,,,,,,,,,,,,,,,,,,,,-,-,,,,,,,,,,,,,,,,,,,,,,,,,
,04-22-2015,12:53:29, Lane 1 ,Fwd,FF,,332,8,55,,4,14.50,17.48,3.22,,,,,,,,,,,,,,,,,,,,,,35.20,-,,,,,,,,,,,,,,,,,,,,,,,,,-,-,,,,,,,,,,,,,,,,,,,,,,,,,
,04-22-2015,12:53:31, Lane 1 ,Fwd,FF,,333,2,57,,2,8.48,,,,,,,,,,,,,,,,,,,,,,,,8.48,-,,,,,,,,,,,,,,,,,,,,,,,,,-,-,,,,,,,,,,,,,,,,,,,,,,,,,
,04-22-2015,12:53:49, Lane 1 ,Fwd,FF,,334,2,61,,2,8.96,,,,,,,,,,,,,,,,,,,,,,,,8.96,-,,,,,,,,,,,,,,,,,,,,,,,,,-,-,,,,,,,,,,,,,,,,,,,,,,,,,
,04-22-2015,12:53:54, Lane 1 ,Fwd,FF,,335,3,63,,2,11.17,,,,,,,,,,,,,,,,,,,,,,,,11.17,-,,,,,,,,,,,,,,,,,,,,,,,,,-,-,,,,,,,,,,,,,,,,,,,,,,,,,
,04-22-2015,12:53:58, Lane 1 ,Fwd,FF,,336,3,60,,2,11.74,,,,,,,,,,,,,,,,,,,,,,,,11.74,-,,,,,,,,,,,,,,,,,,,,,,,,,-,-,,,,,,,,,,,,,,,,,,,,,,,,,
,04-22-2015,12:54:02, Lane 1 ,Fwd,FF,,337,2,59,,2,9.32,,,,,,,,,,,,,,,,,,,,,,,,9.32,-,,,,,,,,,,,,,,,,,,,,,,,,,-,-,,,,,,,,,,,,,,,,,,,,,,,,,
,04-22-2015,12:54:04, Lane 1 ,Fwd,FF,,338,2,56,,2,9.77,,,,,,,,,,,,,,,,,,,,,,,,9.77,-,,,,,,,,,,,,,,,,,,,,,,,,,-,-,,,,,,,,,,,,,,,,,,,,,,,,,
,04-22-2015,12:54:30, Lane 1 ,Fwd,FF,,339,3,61,,2,10.58,,,,,,,,,,,,,,,,,,,,,,,,10.58,-,,,,,,,,,,,,,,,,,,,,,,,,,-,-,,,,,,,,,,,,,,,,,,,,,,,,,
,04-22-2015,12:54:32, Lane 1 ,Fwd,FF,,340,3,61,,2,11.73,,,,,,,,,,,,,,,,,,,,,,,,11.73,-,,,,,,,,,,,,,,,,,,,,,,,,,-,-,,,,,,,,,,,,,,,,,,,,,,,,,
,04-22-2015,12:54:33, Lane 1 ,Fwd,FF,,341,2,63,,2,8.46,,,,,,,,,,,,,,,,,,,,,,,,8.46,-,,,,,,,,,,,,,,,,,,,,,,,,,-,-,,,,,,,,,,,,,,,,,,,,,,,,,
,04-22-2015,12:54:36, Lane 1 ,Fwd,FF,,342,2,63,,2,9.05,,,,,,,,,,,,,,,,,,,,,,,,9.05,-,,,,,,,,,,,,,,,,,,,,,,,,,-,-,,,,,,,,,,,,,,,,,,,,,,,,,
,04-22-2015,12:54:44, Lane 1 ,Fwd,FF,,343,3,63,,3,11.18,14.66,,,,,,,,,,,,,,,,,,,,,,,25.84,-,,,,,,,,,,,,,,,,,,,,,,,,,-,-,,,,,,,,,,,,,,,,,,,,,,,,,
,04-22-2015,12:55:02, Lane 1 ,Fwd,FF,,344,3,72,,2,10.21,,,,,,,,,,,,,,,,,,,,,,,,10.21,-,,,,,,,,,,,,,,,,,,,,,,,,,-,-,,,,,,,,,,,,,,,,,,,,,,,,,
,04-22-2015,12:55:17, Lane 1 ,Fwd,FF,,345,2,61,,2,8.71,,,,,,,,,,,,,,,,,,,,,,,,8.71,-,,,,,,,,,,,,,,,,,,,,,,,,,-,-,,,,,,,,,,,,,,,,,,,,,,,,,
,04-22-2015,12:55:18, Lane 1 ,Fwd,FF,,346,2,62,,2,8.84,,,,,,,,,,,,,,,,,,,,,,,,8.84,-,,,,,,,,,,,,,,,,,,,,,,,,,-,-,,,,,,,,,,,,,,,,,,,,,,,,,
,04-22-2015,12:55:20, Lane 1 ,Fwd,FF,,347,3,63,,2,10.81,,,,,,,,,,,,,,,,,,,,,,,,10.81,-,,,,,,,,,,,,,,,,,,,,,,,,,-,-,,,,,,,,,,,,,,,,,,,,,,,,,
,04-22-2015,12:55:44, Lane 1 ,Fwd,FF,,348,3,53,,3,11.31,13.55,,,,,,,,,,,,,,,,,,,,,,,24.86,-,,,,,,,,,,,,,,,,,,,,,,,,,-,-,,,,,,,,,,,,,,,,,,,,,,,,,
,04-22-2015,12:55:52, Lane 1 ,Fwd,FF,,349,10,58,,6,4.89,13.37,4.80,13.80,4.46,,,,,,,,,,,,,,,,,,,,41.32,-,,,,,,,,,,,,,,,,,,,,,,,,,-,-,,,,,,,,,,,,,,,,,,,,,,,,,
,04-22-2015,12:55:56, Lane 1 ,Fwd,FF,,350,2,56,,2,8.94,,,,,,,,,,,,,,,,,,,,,,,,8.94,-,,,,,,,,,,,,,,,,,,,,,,,,,-,-,,,,,,,,,,,,,,,,,,,,,,,,,
,04-22-2015,12:55:57, Lane 1 ,Fwd,FF,,351,3,58,,2,11.41,,,,,,,,,,,,,,,,,,,,,,,,11.41,-,,,,,,,,,,,,,,,,,,,,,,,,,-,-,,,,,,,,,,,,,,,,,,,,,,,,,
,04-22-2015,12:56:01, Lane 1 ,Fwd,FF,,352,2,60,,2,8.41,,,,,,,,,,,,,,,,,,,,,,,,8.41,-,,,,,,,,,,,,,,,,,,,,,,,,,-,-,,,,,,,,,,,,,,,,,,,,,,,,,
,04-22-2015,12:56:08, Lane 1 ,Fwd,FF,,353,2,63,,2,9.79,,,,,,,,,,,,,,,,,,,,,,,,9.79,-,,,,,,,,,,,,,,,,,,,,,,,,,-,-,,,,,,,,,,,,,,,,,,,,,,,,,
,04-22-2015,12:56:31, Lane 1 ,Fwd,FF,,354,8,61,,3,13.23,18.46,,,,,,,,,,,,,,,,,,,,,,,31.69,-,,,,,,,,,,,,,,,,,,,,,,,,,-,-,,,,,,,,,,,,,,,,,,,,,,,,,
,04-22-2015,12:56:34, Lane 1 ,Fwd,FF,,355,2,52,,2,8.51,,,,,,,,,,,,,,,,,,,,,,,,8.51,-,,,,,,,,,,,,,,,,,,,,,,,,,-,-,,,,,,,,,,,,,,,,,,,,,,,,,
,04-22-2015,12:56:40, Lane 1 ,Fwd,FF,,356,2,58,,2,9.47,,,,,,,,,,,,,,,,,,,,,,,,9.47,-,,,,,,,,,,,,,,,,,,,,,,,,,-,-,,,,,,,,,,,,,,,,,,,,,,,,,
,04-22-2015,12:57:16, Lane 1 ,Fwd,FF,,357,2,59,,2,9.05,,,,,,,,,,,,,,,,,,,,,,,,9.05,-,,,,,,,,,,,,,,,,,,,,,,,,,-,-,,,,,,,,,,,,,,,,,,,,,,,,,
,04-22-2015,12:57:17, Lane 1 ,Fwd,FF,,358,3,60,,2,11.83,,,,,,,,,,,,,,,,,,,,,,,,11.83,-,,,,,,,,,,,,,,,,,,,,,,,,,-,-,,,,,,,,,,,,,,,,,,,,,,,,,
,04-22-2015,12:57:20, Lane 1 ,Fwd,FF,,359,3,58,,2,10.31,,,,,,,,,,,,,,,,,,,,,,,,10.31,-,,,,,,,,,,,,,,,,,,,,,,,,,-,-,,,,,,,,,,,,,,,,,,,,,,,,,
,04-22-2015,12:57:22, Lane 1 ,Fwd,FF,,360,2,59,,2,8.89,,,,,,,,,,,,,,,,,,,,,,,,8.89,-,,,,,,,,,,,,,,,,,,,,,,,,,-,-,,,,,,,,,,,,,,,,,,,,,,,,,
,04-22-2015,12:57:42, Lane 1 ,Fwd,FF,,361,2,62,,2,9.74,,,,,,,,,,,,,,,,,,,,,,,,9.74,-,,,,,,,,,,,,,,,,,,,,,,,,,-,-,,,,,,,,,,,,,,,,,,,,,,,,,
,04-22-2015,12:57:43, Lane 1 ,Fwd,FF,,362,2,63,,2,8.77,,,,,,,,,,,,,,,,,,,,,,,,8.77,-,,,,,,,,,,,,,,,,,,,,,,,,,-,-,,,,,,,,,,,,,,,,,,,,,,,,,
,04-22-2015,12:57:51, Lane 1 ,Fwd,FF,,363,2,59,,2,8.70,,,,,,,,,,,,,,,,,,,,,,,,8.70,-,,,,,,,,,,,,,,,,,,,,,,,,,-,-,,,,,,,,,,,,,,,,,,,,,,,,,
,04-22-2015,12:58:00, Lane 1 ,Fwd,FF,,364,3,62,,2,10.74,,,,,,,,,,,,,,,,,,,,,,,,10.74,-,,,,,,,,,,,,,,,,,,,,,,,,,-,-,,,,,,,,,,,,,,,,,,,,,,,,,
,04-22-2015,12:58:25, Lane 1 ,Fwd,FF,,365,2,58,,2,8.85,,,,,,,,,,,,,,,,,,,,,,,,8.85,-,,,,,,,,,,,,,,,,,,,,,,,,,-,-,,,,,,,,,,,,,,,,,,,,,,,,,
,04-22-2015,12:58:30, Lane 1 ,Fwd,FF,,366,2,58,,2,8.96,,,,,,,,,,,,,,,,,,,,,,,,8.96,-,,,,,,,,,,,,,,,,,,,,,,,,,-,-,,,,,,,,,,,,,,,,,,,,,,,,,
,04-22-2015,12:58:32, Lane 1 ,Fwd,FF,,367,3,58,,2,11.15,,,,,,,,,,,,,,,,,,,,,,,,11.15,-,,,,,,,,,,,,,,,,,,,,,,,,,-,-,,,,,,,,,,,,,,,,,,,,,,,,,
,04-22-2015,12:58:35, Lane 1 ,Fwd,FF,,368,2,60,,2,8.94,,,,,,,,,,,,,,,,,,,,,,,,8.94,-,,,,,,,,,,,,,,,,,,,,,,,,,-,-,,,,,,,,,,,,,,,,,,,,,,,,,
,04-22-2015,12:58:40, Lane 1 ,Fwd,FF,,369,5,56,,2,14.12,,,,,,,,,,,,,,,,,,,,,,,,14.12,-,,,,,,,,,,,,,,,,,,,,,,,,,-,-,,,,,,,,,,,,,,,,,,,,,,,,,
,04-22-2015,12:58:55, Lane 1 ,Fwd,FF,,370,2,57,,2,8.73,,,,,,,,,,,,,,,,,,,,,,,,8.73,-,,,,,,,,,,,,,,,,,,,,,,,,,-,-,,,,,,,,,,,,,,,,,,,,,,,,,
,04-22-2015,12:59:05, Lane 1 ,Fwd,FF,,371,2,58,,2,8.51,,,,,,,,,,,,,,,,,,,,,,,,8.51,-,,,,,,,,,,,,,,,,,,,,,,,,,-,-,,,,,,,,,,,,,,,,,,,,,,,,,
,04-22-2015,12:59:11, Lane 1 ,Fwd,FF,,372,2,56,,2,9.69,,,,,,,,,,,,,,,,,,,,,,,,9.69,-,,,,,,,,,,,,,,,,,,,,,,,,,-,-,,,,,,,,,,,,,,,,,,,,,,,,,
,04-22-2015,12:59:18, Lane 1 ,Fwd,FF,,373,3,62,,2,10.64,,,,,,,,,,,,,,,,,,,,,,,,10.64,-,,,,,,,,,,,,,,,,,,,,,,,,,-,-,,,,,,,,,,,,,,,,,,,,,,,,,
,04-22-2015,12:59:22, Lane 1 ,Fwd,FF,,374,3,61,,2,10.66,,,,,,,,,,,,,,,,,,,,,,,,10.66,-,,,,,,,,,,,,,,,,,,,,,,,,,-,-,,,,,,,,,,,,,,,,,,,,,,,,,
,04-22-2015,12:59:25, Lane 1 ,Fwd,FF,,375,2,59,,2,8.46,,,,,,,,,,,,,,,,,,,,,,,,8.46,-,,,,,,,,,,,,,,,,,,,,,,,,,-,-,,,,,,,,,,,,,,,,,,,,,,,,,
,04-22-2015,13:00:00, Lane 1 ,Fwd,FF,,1,2,66,,2,8.81,,,,,,,,,,,,,,,,,,,,,,,,8.81,-,,,,,,,,,,,,,,,,,,,,,,,,,-,-,,,,,,,,,,,,,,,,,,,,,,,,,
,04-22-2015,13:00:05, Lane 1 ,Fwd,FF,,2,2,67,,2,7.87,,,,,,,,,,,,,,,,,,,,,,,,7.87,-,,,,,,,,,,,,,,,,,,,,,,,,,-,-,,,,,,,,,,,,,,,,,,,,,,,,,
,04-22-2015,13:00:06, Lane 1 ,Fwd,FF,,3,3,68,,3,11.70,15.37,,,,,,,,,,,,,,,,,,,,,,,27.07,-,,,,,,,,,,,,,,,,,,,,,,,,,-,-,,,,,,,,,,,,,,,,,,,,,,,,,
,04-22-2015,13:00:29, Lane 1 ,Fwd,FF,,4,2,59,,2,8.70,,,,,,,,,,,,,,,,,,,,,,,,8.70,-,,,,,,,,,,,,,,,,,,,,,,,,,-,-,,,,,,,,,,,,,,,,,,,,,,,,,
,04-22-2015,13:00:52, Lane 1 ,Fwd,FF,,5,2,46,,2,9.92,,,,,,,,,,,,,,,,,,,,,,,,9.92,-,,,,,,,,,,,,,,,,,,,,,,,,,-,-,,,,,,,,,,,,,,,,,,,,,,,,,
,04-22-2015,13:00:53, Lane 1 ,Fwd,FF,,6,2,48,,2,8.45,,,,,,,,,,,,,,,,,,,,,,,,8.45,-,,,,,,,,,,,,,,,,,,,,,,,,,-,-,,,,,,,,,,,,,,,,,,,,,,,,,
,04-22-2015,13:00:55, Lane 1 ,Fwd,FF,,7,2,54,,2,9.73,,,,,,,,,,,,,,,,,,,,,,,,9.73,-,,,,,,,,,,,,,,,,,,,,,,,,,-,-,,,,,,,,,,,,,,,,,,,,,,,,,
,04-22-2015,13:00:58, Lane 1 ,Fwd,FF,,8,2,54,,2,9.16,,,,,,,,,,,,,,,,,,,,,,,,9.16,-,,,,,,,,,,,,,,,,,,,,,,,,,-,-,,,,,,,,,,,,,,,,,,,,,,,,,
,04-22-2015,13:01:07, Lane 1 ,Fwd,FF,,9,3,56,,2,10.68,,,,,,,,,,,,,,,,,,,,,,,,10.68,-,,,,,,,,,,,,,,,,,,,,,,,,,-,-,,,,,,,,,,,,,,,,,,,,,,,,,
,04-22-2015,13:01:09, Lane 1 ,Fwd,FF,,10,2,56,,2,9.45,,,,,,,,,,,,,,,,,,,,,,,,9.45,-,,,,,,,,,,,,,,,,,,,,,,,,,-,-,,,,,,,,,,,,,,,,,,,,,,,,,
,04-22-2015,13:01:11, Lane 1 ,Fwd,FF,,11,2,55,,2,9.25,,,,,,,,,,,,,,,,,,,,,,,,9.25,-,,,,,,,,,,,,,,,,,,,,,,,,,-,-,,,,,,,,,,,,,,,,,,,,,,,,,
,04-22-2015,13:01:41, Lane 1 ,Fwd,FF,,12,6,66,,3,15.65,4.32,,,,,,,,,,,,,,,,,,,,,,,19.97,-,,,,,,,,,,,,,,,,,,,,,,,,,-,-,,,,,,,,,,,,,,,,,,,,,,,,,
,04-22-2015,13:01:46, Lane 1 ,Fwd,FF,,13,3,58,,2,11.07,,,,,,,,,,,,,,,,,,,,,,,,11.07,-,,,,,,,,,,,,,,,,,,,,,,,,,-,-,,,,,,,,,,,,,,,,,,,,,,,,,
,04-22-2015,13:01:51, Lane 1 ,Fwd,FF,,14,2,58,,2,8.49,,,,,,,,,,,,,,,,,,,,,,,,8.49,-,,,,,,,,,,,,,,,,,,,,,,,,,-,-,,,,,,,,,,,,,,,,,,,,,,,,,
,04-22-2015,13:01:54, Lane 1 ,Fwd,FF,,15,9,58,,5,14.30,4.34,30.05,4.00,,,,,,,,,,,,,,,,,,,,,52.69,-,,,,,,,,,,,,,,,,,,,,,,,,,-,-,,,,,,,,,,,,,,,,,,,,,,,,,
,04-22-2015,13:01:56, Lane 1 ,Fwd,FF,,16,2,60,,2,9.80,,,,,,,,,,,,,,,,,,,,,,,,9.80,-,,,,,,,,,,,,,,,,,,,,,,,,,-,-,,,,,,,,,,,,,,,,,,,,,,,,,
,04-22-2015,13:02:07, Lane 1 ,Fwd,FF,,17,3,57,,2,10.41,,,,,,,,,,,,,,,,,,,,,,,,10.41,-,,,,,,,,,,,,,,,,,,,,,,,,,-,-,,,,,,,,,,,,,,,,,,,,,,,,,
,04-22-2015,13:02:25, Lane 1 ,Fwd,FF,,18,2,52,,2,8.58,,,,,,,,,,,,,,,,,,,,,,,,8.58,-,,,,,,,,,,,,,,,,,,,,,,,,,-,-,,,,,,,,,,,,,,,,,,,,,,,,,
,04-22-2015,13:02:28, Lane 1 ,Fwd,FF,,19,2,51,,2,8.78,,,,,,,,,,,,,,,,,,,,,,,,8.78,-,,,,,,,,,,,,,,,,,,,,,,,,,-,-,,,,,,,,,,,,,,,,,,,,,,,,,
,04-22-2015,13:03:13, Lane 1 ,Fwd,FF,,20,2,57,,2,8.73,,,,,,,,,,,,,,,,,,,,,,,,8.73,-,,,,,,,,,,,,,,,,,,,,,,,,,-,-,,,,,,,,,,,,,,,,,,,,,,,,,
,04-22-2015,13:03:15, Lane 1 ,Fwd,FF,,21,2,56,,2,8.63,,,,,,,,,,,,,,,,,,,,,,,,8.63,-,,,,,,,,,,,,,,,,,,,,,,,,,-,-,,,,,,,,,,,,,,,,,,,,,,,,,
,04-22-2015,13:03:16, Lane 1 ,Fwd,FF,,22,3,55,,2,11.76,,,,,,,,,,,,,,,,,,,,,,,,11.76,-,,,,,,,,,,,,,,,,,,,,,,,,,-,-,,,,,,,,,,,,,,,,,,,,,,,,,
,04-22-2015,13:03:18, Lane 1 ,Fwd,FF,,23,3,54,,2,12.72,,,,,,,,,,,,,,,,,,,,,,,,12.72,-,,,,,,,,,,,,,,,,,,,,,,,,,-,-,,,,,,,,,,,,,,,,,,,,,,,,,
,04-22-2015,13:03:21, Lane 1 ,Fwd,FF,,24,2,66,,2,8.93,,,,,,,,,,,,,,,,,,,,,,,,8.93,-,,,,,,,,,,,,,,,,,,,,,,,,,-,-,,,,,,,,,,,,,,,,,,,,,,,,,
,04-22-2015,13:03:28, Lane 1 ,Fwd,FF,,25,2,60,,2,8.67,,,,,,,,,,,,,,,,,,,,,,,,8.67,-,,,,,,,,,,,,,,,,,,,,,,,,,-,-,,,,,,,,,,,,,,,,,,,,,,,,,
,04-22-2015,13:03:37, Lane 1 ,Fwd,FF,,26,2,56,,2,8.80,,,,,,,,,,,,,,,,,,,,,,,,8.80,-,,,,,,,,,,,,,,,,,,,,,,,,,-,-,,,,,,,,,,,,,,,,,,,,,,,,,
,04-22-2015,13:03:39, Lane 1 ,Fwd,FF,,27,3,57,,2,10.67,,,,,,,,,,,,,,,,,,,,,,,,10.67,-,,,,,,,,,,,,,,,,,,,,,,,,,-,-,,,,,,,,,,,,,,,,,,,,,,,,,
,04-22-2015,13:03:47, Lane 1 ,Fwd,FF,,28,5,60,,2,17.56,,,,,,,,,,,,,,,,,,,,,,,,17.56,-,,,,,,,,,,,,,,,,,,,,,,,,,-,-,,,,,,,,,,,,,,,,,,,,,,,,,
,04-22-2015,13:03:48, Lane 1 ,Fwd,FF,,29,2,60,,2,8.50,,,,,,,,,,,,,,,,,,,,,,,,8.50,-,,,,,,,,,,,,,,,,,,,,,,,,,-,-,,,,,,,,,,,,,,,,,,,,,,,,,
,04-22-2015,13:03:53, Lane 1 ,Fwd,FF,,30,2,61,,2,9.67,,,,,,,,,,,,,,,,,,,,,,,,9.67,-,,,,,,,,,,,,,,,,,,,,,,,,,-,-,,,,,,,,,,,,,,,,,,,,,,,,,
,04-22-2015,13:04:02, Lane 1 ,Fwd,FF,,31,3,52,,2,11.01,,,,,,,,,,,,,,,,,,,,,,,,11.01,-,,,,,,,,,,,,,,,,,,,,,,,,,-,-,,,,,,,,,,,,,,,,,,,,,,,,,
,04-22-2015,13:04:44, Lane 1 ,Fwd,FF,,32,8,54,,3,12.87,18.16,,,,,,,,,,,,,,,,,,,,,,,31.03,-,,,,,,,,,,,,,,,,,,,,,,,,,-,-,,,,,,,,,,,,,,,,,,,,,,,,,
,04-22-2015,13:04:46, Lane 1 ,Fwd,FF,,33,2,54,,3,9.00,12.79,,,,,,,,,,,,,,,,,,,,,,,21.79,-,,,,,,,,,,,,,,,,,,,,,,,,,-,-,,,,,,,,,,,,,,,,,,,,,,,,,
,04-22-2015,13:04:54, Lane 1 ,Fwd,FF,,34,5,53,,2,15.31,,,,,,,,,,,,,,,,,,,,,,,,15.31,-,,,,,,,,,,,,,,,,,,,,,,,,,-,-,,,,,,,,,,,,,,,,,,,,,,,,,
,04-22-2015,13:05:13, Lane 1 ,Fwd,FF,,35,2,55,,2,8.84,,,,,,,,,,,,,,,,,,,,,,,,8.84,-,,,,,,,,,,,,,,,,,,,,,,,,,-,-,,,,,,,,,,,,,,,,,,,,,,,,,
,04-22-2015,13:05:14, Lane 1 ,Fwd,FF,,36,2,56,,2,9.47,,,,,,,,,,,,,,,,,,,,,,,,9.47,-,,,,,,,,,,,,,,,,,,,,,,,,,-,-,,,,,,,,,,,,,,,,,,,,,,,,,
,04-22-2015,13:05:15, Lane 1 ,Fwd,FF,,37,2,56,,2,8.63,,,,,,,,,,,,,,,,,,,,,,,,8.63,-,,,,,,,,,,,,,,,,,,,,,,,,,-,-,,,,,,,,,,,,,,,,,,,,,,,,,
,04-22-2015,13:05:16, Lane 1 ,Fwd,FF,,38,3,55,,2,10.64,,,,,,,,,,,,,,,,,,,,,,,,10.64,-,,,,,,,,,,,,,,,,,,,,,,,,,-,-,,,,,,,,,,,,,,,,,,,,,,,,,
,04-22-2015,13:05:18, Lane 1 ,Fwd,FF,,39,2,57,,2,8.42,,,,,,,,,,,,,,,,,,,,,,,,8.42,-,,,,,,,,,,,,,,,,,,,,,,,,,-,-,,,,,,,,,,,,,,,,,,,,,,,,,
,04-22-2015,13:05:22, Lane 1 ,Fwd,FF,,40,2,55,,2,8.60,,,,,,,,,,,,,,,,,,,,,,,,8.60,-,,,,,,,,,,,,,,,,,,,,,,,,,-,-,,,,,,,,,,,,,,,,,,,,,,,,,
,04-22-2015,13:05:30, Lane 1 ,Fwd,FF,,41,4,57,,2,21.42,,,,,,,,,,,,,,,,,,,,,,,,21.42,-,,,,,,,,,,,,,,,,,,,,,,,,,-,-,,,,,,,,,,,,,,,,,,,,,,,,,
,04-22-2015,13:05:44, Lane 1 ,Fwd,FF,,42,2,56,,2,9.60,,,,,,,,,,,,,,,,,,,,,,,,9.60,-,,,,,,,,,,,,,,,,,,,,,,,,,-,-,,,,,,,,,,,,,,,,,,,,,,,,,
,04-22-2015,13:06:09, Lane 1 ,Fwd,FF,,43,2,57,,3,9.67,12.67,,,,,,,,,,,,,,,,,,,,,,,22.34,-,,,,,,,,,,,,,,,,,,,,,,,,,-,-,,,,,,,,,,,,,,,,,,,,,,,,,
,04-22-2015,13:06:11, Lane 1 ,Fwd,FF,,44,2,56,,2,8.36,,,,,,,,,,,,,,,,,,,,,,,,8.36,-,,,,,,,,,,,,,,,,,,,,,,,,,-,-,,,,,,,,,,,,,,,,,,,,,,,,,
,04-22-2015,13:06:12, Lane 1 ,Fwd,FF,,45,3,60,,2,11.74,,,,,,,,,,,,,,,,,,,,,,,,11.74,-,,,,,,,,,,,,,,,,,,,,,,,,,-,-,,,,,,,,,,,,,,,,,,,,,,,,,
,04-22-2015,13:06:14, Lane 1 ,Fwd,FF,,46,3,59,,2,10.96,,,,,,,,,,,,,,,,,,,,,,,,10.96,-,,,,,,,,,,,,,,,,,,,,,,,,,-,-,,,,,,,,,,,,,,,,,,,,,,,,,
,04-22-2015,13:06:15, Lane 1 ,Fwd,FF,,47,2,61,,2,8.71,,,,,,,,,,,,,,,,,,,,,,,,8.71,-,,,,,,,,,,,,,,,,,,,,,,,,,-,-,,,,,,,,,,,,,,,,,,,,,,,,,
,04-22-2015,13:06:16, Lane 1 ,Fwd,FF,,48,3,60,,2,11.03,,,,,,,,,,,,,,,,,,,,,,,,11.03,-,,,,,,,,,,,,,,,,,,,,,,,,,-,-,,,,,,,,,,,,,,,,,,,,,,,,,
,04-22-2015,13:06:20, Lane 1 ,Fwd,FF,,49,2,63,,2,9.14,,,,,,,,,,,,,,,,,,,,,,,,9.14,-,,,,,,,,,,,,,,,,,,,,,,,,,-,-,,,,,,,,,,,,,,,,,,,,,,,,,
,04-22-2015,13:06:33, Lane 1 ,Fwd,FF,,50,3,59,,2,11.39,,,,,,,,,,,,,,,,,,,,,,,,11.39,-,,,,,,,,,,,,,,,,,,,,,,,,,-,-,,,,,,,,,,,,,,,,,,,,,,,,,
,04-22-2015,13:06:57, Lane 1 ,Fwd,FF,,51,3,66,,2,11.91,,,,,,,,,,,,,,,,,,,,,,,,11.91,-,,,,,,,,,,,,,,,,,,,,,,,,,-,-,,,,,,,,,,,,,,,,,,,,,,,,,
,04-22-2015,13:07:07, Lane 1 ,Fwd,FF,,52,2,59,,2,8.72,,,,,,,,,,,,,,,,,,,,,,,,8.72,-,,,,,,,,,,,,,,,,,,,,,,,,,-,-,,,,,,,,,,,,,,,,,,,,,,,,,
,04-22-2015,13:07:31, Lane 1 ,Fwd,FF,,53,2,62,,2,8.48,,,,,,,,,,,,,,,,,,,,,,,,8.48,-,,,,,,,,,,,,,,,,,,,,,,,,,-,-,,,,,,,,,,,,,,,,,,,,,,,,,
,04-22-2015,13:07:46, Lane 1 ,Fwd,FF,,54,2,55,,2,8.78,,,,,,,,,,,,,,,,,,,,,,,,8.78,-,,,,,,,,,,,,,,,,,,,,,,,,,-,-,,,,,,,,,,,,,,,,,,,,,,,,,
,04-22-2015,13:07:48, Lane 1 ,Fwd,FF,,55,2,54,,2,8.47,,,,,,,,,,,,,,,,,,,,,,,,8.47,-,,,,,,,,,,,,,,,,,,,,,,,,,-,-,,,,,,,,,,,,,,,,,,,,,,,,,
,04-22-2015,13:07:58, Lane 1 ,Fwd,FF,,56,8,60,,3,13.32,15.68,,,,,,,,,,,,,,,,,,,,,,,29.00,-,,,,,,,,,,,,,,,,,,,,,,,,,-,-,,,,,,,,,,,,,,,,,,,,,,,,,
,04-22-2015,13:08:09, Lane 1 ,Fwd,FF,,57,2,61,,2,8.71,,,,,,,,,,,,,,,,,,,,,,,,8.71,-,,,,,,,,,,,,,,,,,,,,,,,,,-,-,,,,,,,,,,,,,,,,,,,,,,,,,
,04-22-2015,13:08:15, Lane 1 ,Fwd,FF,,58,2,65,,2,8.48,,,,,,,,,,,,,,,,,,,,,,,,8.48,-,,,,,,,,,,,,,,,,,,,,,,,,,-,-,,,,,,,,,,,,,,,,,,,,,,,,,
,04-22-2015,13:08:26, Lane 1 ,Fwd,FF,,59,3,64,,2,10.31,,,,,,,,,,,,,,,,,,,,,,,,10.31,-,,,,,,,,,,,,,,,,,,,,,,,,,-,-,,,,,,,,,,,,,,,,,,,,,,,,,
,04-22-2015,13:08:52, Lane 1 ,Fwd,FF,,60,2,60,,2,9.72,,,,,,,,,,,,,,,,,,,,,,,,9.72,-,,,,,,,,,,,,,,,,,,,,,,,,,-,-,,,,,,,,,,,,,,,,,,,,,,,,,
,04-22-2015,13:08:55, Lane 1 ,Fwd,FF,,61,2,63,,2,9.79,,,,,,,,,,,,,,,,,,,,,,,,9.79,-,,,,,,,,,,,,,,,,,,,,,,,,,-,-,,,,,,,,,,,,,,,,,,,,,,,,,
,04-22-2015,13:09:02, Lane 1 ,Fwd,FF,,62,2,66,,2,8.81,,,,,,,,,,,,,,,,,,,,,,,,8.81,-,,,,,,,,,,,,,,,,,,,,,,,,,-,-,,,,,,,,,,,,,,,,,,,,,,,,,
,04-22-2015,13:09:04, Lane 1 ,Fwd,FF,,63,2,65,,2,9.14,,,,,,,,,,,,,,,,,,,,,,,,9.14,-,,,,,,,,,,,,,,,,,,,,,,,,,-,-,,,,,,,,,,,,,,,,,,,,,,,,,
,04-22-2015,13:09:22, Lane 1 ,Fwd,FF,,64,3,55,,2,10.62,,,,,,,,,,,,,,,,,,,,,,,,10.62,-,,,,,,,,,,,,,,,,,,,,,,,,,-,-,,,,,,,,,,,,,,,,,,,,,,,,,
,04-22-2015,13:09:23, Lane 1 ,Fwd,FF,,65,3,56,,2,11.01,,,,,,,,,,,,,,,,,,,,,,,,11.01,-,,,,,,,,,,,,,,,,,,,,,,,,,-,-,,,,,,,,,,,,,,,,,,,,,,,,,
,04-22-2015,13:09:26, Lane 1 ,Fwd,FF,,66,2,55,,2,9.52,,,,,,,,,,,,,,,,,,,,,,,,9.52,-,,,,,,,,,,,,,,,,,,,,,,,,,-,-,,,,,,,,,,,,,,,,,,,,,,,,,
,04-22-2015,13:10:13, Lane 1 ,Fwd,FF,,67,2,61,,2,8.42,,,,,,,,,,,,,,,,,,,,,,,,8.42,-,,,,,,,,,,,,,,,,,,,,,,,,,-,-,,,,,,,,,,,,,,,,,,,,,,,,,
,04-22-2015,13:10:21, Lane 1 ,Fwd,FF,,68,2,57,,2,8.65,,,,,,,,,,,,,,,,,,,,,,,,8.65,-,,,,,,,,,,,,,,,,,,,,,,,,,-,-,,,,,,,,,,,,,,,,,,,,,,,,,
,04-22-2015,13:10:22, Lane 1 ,Fwd,FF,,69,2,58,,2,8.66,,,,,,,,,,,,,,,,,,,,,,,,8.66,-,,,,,,,,,,,,,,,,,,,,,,,,,-,-,,,,,,,,,,,,,,,,,,,,,,,,,
,04-22-2015,13:10:24, Lane 1 ,Fwd,FF,,70,5,60,,2,14.12,,,,,,,,,,,,,,,,,,,,,,,,14.12,-,,,,,,,,,,,,,,,,,,,,,,,,,-,-,,,,,,,,,,,,,,,,,,,,,,,,,
,04-22-2015,13:10:32, Lane 1 ,Fwd,FF,,71,2,61,,2,8.06,,,,,,,,,,,,,,,,,,,,,,,,8.06,-,,,,,,,,,,,,,,,,,,,,,,,,,-,-,,,,,,,,,,,,,,,,,,,,,,,,,
,04-22-2015,13:10:33, Lane 1 ,Fwd,FF,,72,2,62,,2,9.92,,,,,,,,,,,,,,,,,,,,,,,,9.92,-,,,,,,,,,,,,,,,,,,,,,,,,,-,-,,,,,,,,,,,,,,,,,,,,,,,,,
,04-22-2015,13:10:59, Lane 1 ,Fwd,FF,,73,3,63,,2,11.82,,,,,,,,,,,,,,,,,,,,,,,,11.82,-,,,,,,,,,,,,,,,,,,,,,,,,,-,-,,,,,,,,,,,,,,,,,,,,,,,,,
,04-22-2015,13:11:03, Lane 1 ,Fwd,FF,,74,2,63,,2,9.07,,,,,,,,,,,,,,,,,,,,,,,,9.07,-,,,,,,,,,,,,,,,,,,,,,,,,,-,-,,,,,,,,,,,,,,,,,,,,,,,,,
,04-22-2015,13:11:11, Lane 1 ,Fwd,FF,,75,2,61,,2,8.62,,,,,,,,,,,,,,,,,,,,,,,,8.62,-,,,,,,,,,,,,,,,,,,,,,,,,,-,-,,,,,,,,,,,,,,,,,,,,,,,,,
,04-22-2015,13:11:13, Lane 1 ,Fwd,FF,,76,4,59,,2,22.00,,,,,,,,,,,,,,,,,,,,,,,,22.00,-,,,,,,,,,,,,,,,,,,,,,,,,,-,-,,,,,,,,,,,,,,,,,,,,,,,,,
,04-22-2015,13:11:14, Lane 1 ,Fwd,FF,,77,2,60,,2,9.18,,,,,,,,,,,,,,,,,,,,,,,,9.18,-,,,,,,,,,,,,,,,,,,,,,,,,,-,-,,,,,,,,,,,,,,,,,,,,,,,,,
,04-22-2015,13:11:48, Lane 1 ,Fwd,FF,,78,2,59,,2,9.58,,,,,,,,,,,,,,,,,,,,,,,,9.58,-,,,,,,,,,,,,,,,,,,,,,,,,,-,-,,,,,,,,,,,,,,,,,,,,,,,,,
,04-22-2015,13:11:51, Lane 1 ,Fwd,FF,,79,3,54,,2,11.53,,,,,,,,,,,,,,,,,,,,,,,,11.53,-,,,,,,,,,,,,,,,,,,,,,,,,,-,-,,,,,,,,,,,,,,,,,,,,,,,,,
,04-22-2015,13:11:52, Lane 1 ,Fwd,FF,,80,3,58,,2,12.77,,,,,,,,,,,,,,,,,,,,,,,,12.77,-,,,,,,,,,,,,,,,,,,,,,,,,,-,-,,,,,,,,,,,,,,,,,,,,,,,,,
,04-22-2015,13:12:09, Lane 1 ,Fwd,FF,,81,2,59,,2,8.64,,,,,,,,,,,,,,,,,,,,,,,,8.64,-,,,,,,,,,,,,,,,,,,,,,,,,,-,-,,,,,,,,,,,,,,,,,,,,,,,,,
,04-22-2015,13:12:10, Lane 1 ,Fwd,FF,,82,2,60,,2,8.47,,,,,,,,,,,,,,,,,,,,,,,,8.47,-,,,,,,,,,,,,,,,,,,,,,,,,,-,-,,,,,,,,,,,,,,,,,,,,,,,,,
,04-22-2015,13:12:12, Lane 1 ,Fwd,FF,,83,2,58,,2,9.13,,,,,,,,,,,,,,,,,,,,,,,,9.13,-,,,,,,,,,,,,,,,,,,,,,,,,,-,-,,,,,,,,,,,,,,,,,,,,,,,,,
,04-22-2015,13:12:18, Lane 1 ,Fwd,FF,,84,2,58,,2,8.83,,,,,,,,,,,,,,,,,,,,,,,,8.83,-,,,,,,,,,,,,,,,,,,,,,,,,,-,-,,,,,,,,,,,,,,,,,,,,,,,,,
,04-22-2015,13:12:27, Lane 1 ,Fwd,FF,,85,2,64,,2,9.17,,,,,,,,,,,,,,,,,,,,,,,,9.17,-,,,,,,,,,,,,,,,,,,,,,,,,,-,-,,,,,,,,,,,,,,,,,,,,,,,,,
,04-22-2015,13:12:42, Lane 1 ,Fwd,FF,,86,2,56,,2,8.80,,,,,,,,,,,,,,,,,,,,,,,,8.80,-,,,,,,,,,,,,,,,,,,,,,,,,,-,-,,,,,,,,,,,,,,,,,,,,,,,,,
,04-22-2015,13:12:44, Lane 1 ,Fwd,FF,,87,1,56,,2,5.14,,,,,,,,,,,,,,,,,,,,,,,,5.14,-,,,,,,,,,,,,,,,,,,,,,,,,,-,-,,,,,,,,,,,,,,,,,,,,,,,,,
,04-22-2015,13:13:01, Lane 1 ,Fwd,FF,,88,2,60,,2,8.94,,,,,,,,,,,,,,,,,,,,,,,,8.94,-,,,,,,,,,,,,,,,,,,,,,,,,,-,-,,,,,,,,,,,,,,,,,,,,,,,,,
,04-22-2015,13:13:03, Lane 1 ,Fwd,FF,,89,5,60,,2,14.02,,,,,,,,,,,,,,,,,,,,,,,,14.02,-,,,,,,,,,,,,,,,,,,,,,,,,,-,-,,,,,,,,,,,,,,,,,,,,,,,,,
,04-22-2015,13:13:04, Lane 1 ,Fwd,FF,,90,3,60,,2,11.91,,,,,,,,,,,,,,,,,,,,,,,,11.91,-,,,,,,,,,,,,,,,,,,,,,,,,,-,-,,,,,,,,,,,,,,,,,,,,,,,,,
,04-22-2015,13:13:07, Lane 1 ,Fwd,FF,,91,2,62,,2,9.91,,,,,,,,,,,,,,,,,,,,,,,,9.91,-,,,,,,,,,,,,,,,,,,,,,,,,,-,-,,,,,,,,,,,,,,,,,,,,,,,,,
,04-22-2015,13:13:11, Lane 1 ,Fwd,FF,,92,2,59,,2,9.48,,,,,,,,,,,,,,,,,,,,,,,,9.48,-,,,,,,,,,,,,,,,,,,,,,,,,,-,-,,,,,,,,,,,,,,,,,,,,,,,,,
,04-22-2015,13:13:24, Lane 1 ,Fwd,FF,,93,3,58,,2,11.75,,,,,,,,,,,,,,,,,,,,,,,,11.75,-,,,,,,,,,,,,,,,,,,,,,,,,,-,-,,,,,,,,,,,,,,,,,,,,,,,,,
,04-22-2015,13:14:01, Lane 1 ,Fwd,FF,,94,2,61,,2,8.44,,,,,,,,,,,,,,,,,,,,,,,,8.44,-,,,,,,,,,,,,,,,,,,,,,,,,,-,-,,,,,,,,,,,,,,,,,,,,,,,,,
,04-22-2015,13:14:22, Lane 1 ,Fwd,FF,,95,5,54,,2,14.39,,,,,,,,,,,,,,,,,,,,,,,,14.39,-,,,,,,,,,,,,,,,,,,,,,,,,,-,-,,,,,,,,,,,,,,,,,,,,,,,,,
,04-22-2015,13:14:23, Lane 1 ,Fwd,FF,,96,2,55,,2,8.64,,,,,,,,,,,,,,,,,,,,,,,,8.64,-,,,,,,,,,,,,,,,,,,,,,,,,,-,-,,,,,,,,,,,,,,,,,,,,,,,,,
,04-22-2015,13:14:24, Lane 1 ,Fwd,FF,,97,2,56,,2,9.45,,,,,,,,,,,,,,,,,,,,,,,,9.45,-,,,,,,,,,,,,,,,,,,,,,,,,,-,-,,,,,,,,,,,,,,,,,,,,,,,,,
,04-22-2015,13:14:28, Lane 1 ,Fwd,FF,,98,2,54,,2,8.68,,,,,,,,,,,,,,,,,,,,,,,,8.68,-,,,,,,,,,,,,,,,,,,,,,,,,,-,-,,,,,,,,,,,,,,,,,,,,,,,,,
,04-22-2015,13:14:29, Lane 1 ,Fwd,FF,,99,2,52,,2,9.13,,,,,,,,,,,,,,,,,,,,,,,,9.13,-,,,,,,,,,,,,,,,,,,,,,,,,,-,-,,,,,,,,,,,,,,,,,,,,,,,,,
,04-22-2015,13:14:30, Lane 1 ,Fwd,FF,,100,2,50,,2,8.76,,,,,,,,,,,,,,,,,,,,,,,,8.76,-,,,,,,,,,,,,,,,,,,,,,,,,,-,-,,,,,,,,,,,,,,,,,,,,,,,,,
,04-22-2015,13:14:54, Lane 1 ,Fwd,FF,,101,3,56,,2,11.26,,,,,,,,,,,,,,,,,,,,,,,,11.26,-,,,,,,,,,,,,,,,,,,,,,,,,,-,-,,,,,,,,,,,,,,,,,,,,,,,,,
,04-22-2015,13:15:01, Lane 1 ,Fwd,FF,,102,3,56,,2,11.51,,,,,,,,,,,,,,,,,,,,,,,,11.51,-,,,,,,,,,,,,,,,,,,,,,,,,,-,-,,,,,,,,,,,,,,,,,,,,,,,,,
,04-22-2015,13:15:02, Lane 1 ,Fwd,FF,,103,3,57,,2,12.84,,,,,,,,,,,,,,,,,,,,,,,,12.84,-,,,,,,,,,,,,,,,,,,,,,,,,,-,-,,,,,,,,,,,,,,,,,,,,,,,,,
,04-22-2015,13:15:47, Lane 1 ,Fwd,FF,,104,2,52,,2,8.79,,,,,,,,,,,,,,,,,,,,,,,,8.79,-,,,,,,,,,,,,,,,,,,,,,,,,,-,-,,,,,,,,,,,,,,,,,,,,,,,,,
,04-22-2015,13:15:49, Lane 1 ,Fwd,FF,,105,3,55,,2,10.47,,,,,,,,,,,,,,,,,,,,,,,,10.47,-,,,,,,,,,,,,,,,,,,,,,,,,,-,-,,,,,,,,,,,,,,,,,,,,,,,,,
,04-22-2015,13:15:50, Lane 1 ,Fwd,FF,,106,2,55,,2,8.70,,,,,,,,,,,,,,,,,,,,,,,,8.70,-,,,,,,,,,,,,,,,,,,,,,,,,,-,-,,,,,,,,,,,,,,,,,,,,,,,,,
,04-22-2015,13:16:02, Lane 1 ,Fwd,FF,,107,2,64,,2,8.72,,,,,,,,,,,,,,,,,,,,,,,,8.72,-,,,,,,,,,,,,,,,,,,,,,,,,,-,-,,,,,,,,,,,,,,,,,,,,,,,,,
,04-22-2015,13:16:31, Lane 1 ,Fwd,FF,,108,3,56,,2,11.84,,,,,,,,,,,,,,,,,,,,,,,,11.84,-,,,,,,,,,,,,,,,,,,,,,,,,,-,-,,,,,,,,,,,,,,,,,,,,,,,,,
,04-22-2015,13:16:51, Lane 1 ,Fwd,FF,,109,2,59,,2,8.89,,,,,,,,,,,,,,,,,,,,,,,,8.89,-,,,,,,,,,,,,,,,,,,,,,,,,,-,-,,,,,,,,,,,,,,,,,,,,,,,,,
,04-22-2015,13:17:00, Lane 1 ,Fwd,FF,,110,3,60,,2,12.79,,,,,,,,,,,,,,,,,,,,,,,,12.79,-,,,,,,,,,,,,,,,,,,,,,,,,,-,-,,,,,,,,,,,,,,,,,,,,,,,,,
,04-22-2015,13:17:08, Lane 1 ,Fwd,FF,,111,2,59,,2,8.72,,,,,,,,,,,,,,,,,,,,,,,,8.72,-,,,,,,,,,,,,,,,,,,,,,,,,,-,-,,,,,,,,,,,,,,,,,,,,,,,,,
,04-22-2015,13:17:13, Lane 1 ,Fwd,FF,,112,2,58,,2,8.40,,,,,,,,,,,,,,,,,,,,,,,,8.40,-,,,,,,,,,,,,,,,,,,,,,,,,,-,-,,,,,,,,,,,,,,,,,,,,,,,,,
,04-22-2015,13:17:14, Lane 1 ,Fwd,FF,,113,3,59,,2,10.88,,,,,,,,,,,,,,,,,,,,,,,,10.88,-,,,,,,,,,,,,,,,,,,,,,,,,,-,-,,,,,,,,,,,,,,,,,,,,,,,,,
,04-22-2015,13:17:16, Lane 1 ,Fwd,FF,,114,8,58,,3,12.76,21.13,,,,,,,,,,,,,,,,,,,,,,,33.89,-,,,,,,,,,,,,,,,,,,,,,,,,,-,-,,,,,,,,,,,,,,,,,,,,,,,,,
,04-22-2015,13:17:19, Lane 1 ,Fwd,FF,,115,2,59,,2,8.89,,,,,,,,,,,,,,,,,,,,,,,,8.89,-,,,,,,,,,,,,,,,,,,,,,,,,,-,-,,,,,,,,,,,,,,,,,,,,,,,,,
,04-22-2015,13:17:21, Lane 1 ,Fwd,FF,,116,2,56,,2,8.33,,,,,,,,,,,,,,,,,,,,,,,,8.33,-,,,,,,,,,,,,,,,,,,,,,,,,,-,-,,,,,,,,,,,,,,,,,,,,,,,,,
,04-22-2015,13:17:27, Lane 1 ,Fwd,FF,,117,5,66,,2,14.40,,,,,,,,,,,,,,,,,,,,,,,,14.40,-,,,,,,,,,,,,,,,,,,,,,,,,,-,-,,,,,,,,,,,,,,,,,,,,,,,,,
,04-22-2015,13:17:31, Lane 1 ,Fwd,FF,,118,3,56,,2,11.75,,,,,,,,,,,,,,,,,,,,,,,,11.75,-,,,,,,,,,,,,,,,,,,,,,,,,,-,-,,,,,,,,,,,,,,,,,,,,,,,,,
,04-22-2015,13:17:42, Lane 1 ,Fwd,FF,,119,2,59,,2,8.38,,,,,,,,,,,,,,,,,,,,,,,,8.38,-,,,,,,,,,,,,,,,,,,,,,,,,,-,-,,,,,,,,,,,,,,,,,,,,,,,,,
,04-22-2015,13:17:45, Lane 1 ,Fwd,FF,,120,2,61,,2,8.87,,,,,,,,,,,,,,,,,,,,,,,,8.87,-,,,,,,,,,,,,,,,,,,,,,,,,,-,-,,,,,,,,,,,,,,,,,,,,,,,,,
,04-22-2015,13:17:48, Lane 1 ,Fwd,FF,,121,2,62,,2,8.66,,,,,,,,,,,,,,,,,,,,,,,,8.66,-,,,,,,,,,,,,,,,,,,,,,,,,,-,-,,,,,,,,,,,,,,,,,,,,,,,,,
,04-22-2015,13:18:05, Lane 1 ,Fwd,FF,,122,3,64,,2,10.68,,,,,,,,,,,,,,,,,,,,,,,,10.68,-,,,,,,,,,,,,,,,,,,,,,,,,,-,-,,,,,,,,,,,,,,,,,,,,,,,,,
,04-22-2015,13:18:08, Lane 1 ,Fwd,FF,,123,2,58,,2,8.83,,,,,,,,,,,,,,,,,,,,,,,,8.83,-,,,,,,,,,,,,,,,,,,,,,,,,,-,-,,,,,,,,,,,,,,,,,,,,,,,,,
,04-22-2015,13:18:12, Lane 1 ,Fwd,FF,,124,2,63,,2,8.43,,,,,,,,,,,,,,,,,,,,,,,,8.43,-,,,,,,,,,,,,,,,,,,,,,,,,,-,-,,,,,,,,,,,,,,,,,,,,,,,,,
,04-22-2015,13:18:16, Lane 1 ,Fwd,FF,,125,2,62,,2,9.48,,,,,,,,,,,,,,,,,,,,,,,,9.48,-,,,,,,,,,,,,,,,,,,,,,,,,,-,-,,,,,,,,,,,,,,,,,,,,,,,,,
,04-22-2015,13:18:20, Lane 1 ,Fwd,FF,,126,2,66,,2,8.71,,,,,,,,,,,,,,,,,,,,,,,,8.71,-,,,,,,,,,,,,,,,,,,,,,,,,,-,-,,,,,,,,,,,,,,,,,,,,,,,,,
,04-22-2015,13:18:21, Lane 1 ,Fwd,FF,,127,2,66,,2,8.71,,,,,,,,,,,,,,,,,,,,,,,,8.71,-,,,,,,,,,,,,,,,,,,,,,,,,,-,-,,,,,,,,,,,,,,,,,,,,,,,,,
,04-22-2015,13:18:27, Lane 1 ,Fwd,FF,,128,2,64,,2,9.19,,,,,,,,,,,,,,,,,,,,,,,,9.19,-,,,,,,,,,,,,,,,,,,,,,,,,,-,-,,,,,,,,,,,,,,,,,,,,,,,,,
,04-22-2015,13:18:29, Lane 1 ,Fwd,FF,,129,2,60,,2,9.88,,,,,,,,,,,,,,,,,,,,,,,,9.88,-,,,,,,,,,,,,,,,,,,,,,,,,,-,-,,,,,,,,,,,,,,,,,,,,,,,,,
,04-22-2015,13:18:31, Lane 1 ,Fwd,FF,,130,3,61,,2,12.18,,,,,,,,,,,,,,,,,,,,,,,,12.18,-,,,,,,,,,,,,,,,,,,,,,,,,,-,-,,,,,,,,,,,,,,,,,,,,,,,,,
,04-22-2015,13:18:37, Lane 1 ,Fwd,FF,,131,3,66,,2,12.77,,,,,,,,,,,,,,,,,,,,,,,,12.77,-,,,,,,,,,,,,,,,,,,,,,,,,,-,-,,,,,,,,,,,,,,,,,,,,,,,,,
,04-22-2015,13:19:16, Lane 1 ,Fwd,FF,,132,3,56,,2,11.76,,,,,,,,,,,,,,,,,,,,,,,,11.76,-,,,,,,,,,,,,,,,,,,,,,,,,,-,-,,,,,,,,,,,,,,,,,,,,,,,,,
,04-22-2015,13:19:27, Lane 1 ,Fwd,FF,,133,2,58,,2,8.45,,,,,,,,,,,,,,,,,,,,,,,,8.45,-,,,,,,,,,,,,,,,,,,,,,,,,,-,-,,,,,,,,,,,,,,,,,,,,,,,,,
,04-22-2015,13:19:49, Lane 1 ,Fwd,FF,,134,2,63,,2,8.89,,,,,,,,,,,,,,,,,,,,,,,,8.89,-,,,,,,,,,,,,,,,,,,,,,,,,,-,-,,,,,,,,,,,,,,,,,,,,,,,,,
,04-22-2015,13:20:05, Lane 1 ,Fwd,FF,,135,2,56,,2,8.98,,,,,,,,,,,,,,,,,,,,,,,,8.98,-,,,,,,,,,,,,,,,,,,,,,,,,,-,-,,,,,,,,,,,,,,,,,,,,,,,,,
,04-22-2015,13:20:14, Lane 1 ,Fwd,FF,,136,2,56,,2,9.10,,,,,,,,,,,,,,,,,,,,,,,,9.10,-,,,,,,,,,,,,,,,,,,,,,,,,,-,-,,,,,,,,,,,,,,,,,,,,,,,,,
,04-22-2015,13:20:27, Lane 1 ,Fwd,FF,,137,2,58,,2,9.94,,,,,,,,,,,,,,,,,,,,,,,,9.94,-,,,,,,,,,,,,,,,,,,,,,,,,,-,-,,,,,,,,,,,,,,,,,,,,,,,,,
,04-22-2015,13:20:42, Lane 1 ,Fwd,FF,,138,3,54,,2,11.76,,,,,,,,,,,,,,,,,,,,,,,,11.76,-,,,,,,,,,,,,,,,,,,,,,,,,,-,-,,,,,,,,,,,,,,,,,,,,,,,,,
,04-22-2015,13:20:43, Lane 1 ,Fwd,FF,,139,2,55,,2,8.94,,,,,,,,,,,,,,,,,,,,,,,,8.94,-,,,,,,,,,,,,,,,,,,,,,,,,,-,-,,,,,,,,,,,,,,,,,,,,,,,,,
,04-22-2015,13:20:45, Lane 1 ,Fwd,FF,,140,3,52,,2,11.85,,,,,,,,,,,,,,,,,,,,,,,,11.85,-,,,,,,,,,,,,,,,,,,,,,,,,,-,-,,,,,,,,,,,,,,,,,,,,,,,,,
,04-22-2015,13:20:46, Lane 1 ,Fwd,FF,,141,5,54,,2,13.19,,,,,,,,,,,,,,,,,,,,,,,,13.19,-,,,,,,,,,,,,,,,,,,,,,,,,,-,-,,,,,,,,,,,,,,,,,,,,,,,,,
,04-22-2015,13:20:51, Lane 1 ,Fwd,FF,,142,2,53,,2,8.49,,,,,,,,,,,,,,,,,,,,,,,,8.49,-,,,,,,,,,,,,,,,,,,,,,,,,,-,-,,,,,,,,,,,,,,,,,,,,,,,,,
,04-22-2015,13:20:53, Lane 1 ,Fwd,FF,,143,2,54,,2,8.53,,,,,,,,,,,,,,,,,,,,,,,,8.53,-,,,,,,,,,,,,,,,,,,,,,,,,,-,-,,,,,,,,,,,,,,,,,,,,,,,,,
,04-22-2015,13:20:54, Lane 1 ,Fwd,FF,,144,3,56,,2,10.93,,,,,,,,,,,,,,,,,,,,,,,,10.93,-,,,,,,,,,,,,,,,,,,,,,,,,,-,-,,,,,,,,,,,,,,,,,,,,,,,,,
,04-22-2015,13:21:00, Lane 1 ,Fwd,FF,,145,2,60,,2,9.09,,,,,,,,,,,,,,,,,,,,,,,,9.09,-,,,,,,,,,,,,,,,,,,,,,,,,,-,-,,,,,,,,,,,,,,,,,,,,,,,,,
,04-22-2015,13:21:01, Lane 1 ,Fwd,FF,,146,2,57,,2,8.42,,,,,,,,,,,,,,,,,,,,,,,,8.42,-,,,,,,,,,,,,,,,,,,,,,,,,,-,-,,,,,,,,,,,,,,,,,,,,,,,,,
,04-22-2015,13:21:02, Lane 1 ,Fwd,FF,,147,3,58,,2,10.48,,,,,,,,,,,,,,,,,,,,,,,,10.48,-,,,,,,,,,,,,,,,,,,,,,,,,,-,-,,,,,,,,,,,,,,,,,,,,,,,,,
,04-22-2015,13:21:05, Lane 1 ,Fwd,FF,,148,2,58,,2,8.23,,,,,,,,,,,,,,,,,,,,,,,,8.23,-,,,,,,,,,,,,,,,,,,,,,,,,,-,-,,,,,,,,,,,,,,,,,,,,,,,,,
,04-22-2015,13:21:07, Lane 1 ,Fwd,FF,,149,2,58,,2,8.43,,,,,,,,,,,,,,,,,,,,,,,,8.43,-,,,,,,,,,,,,,,,,,,,,,,,,,-,-,,,,,,,,,,,,,,,,,,,,,,,,,
,04-22-2015,13:21:26, Lane 1 ,Fwd,FF,,150,3,60,,3,12.44,13.93,,,,,,,,,,,,,,,,,,,,,,,26.37,-,,,,,,,,,,,,,,,,,,,,,,,,,-,-,,,,,,,,,,,,,,,,,,,,,,,,,
,04-22-2015,13:21:42, Lane 1 ,Fwd,FF,,151,3,45,,2,10.62,,,,,,,,,,,,,,,,,,,,,,,,10.62,-,,,,,,,,,,,,,,,,,,,,,,,,,-,-,,,,,,,,,,,,,,,,,,,,,,,,,
,04-22-2015,13:21:47, Lane 1 ,Fwd,FF,,152,3,53,,2,10.68,,,,,,,,,,,,,,,,,,,,,,,,10.68,-,,,,,,,,,,,,,,,,,,,,,,,,,-,-,,,,,,,,,,,,,,,,,,,,,,,,,
,04-22-2015,13:21:48, Lane 1 ,Fwd,FF,,153,3,51,,2,11.77,,,,,,,,,,,,,,,,,,,,,,,,11.77,-,,,,,,,,,,,,,,,,,,,,,,,,,-,-,,,,,,,,,,,,,,,,,,,,,,,,,
,04-22-2015,13:21:49, Lane 1 ,Fwd,FF,,154,3,52,,2,10.26,,,,,,,,,,,,,,,,,,,,,,,,10.26,-,,,,,,,,,,,,,,,,,,,,,,,,,-,-,,,,,,,,,,,,,,,,,,,,,,,,,
,04-22-2015,13:21:53, Lane 1 ,Fwd,FF,,155,2,60,,2,9.90,,,,,,,,,,,,,,,,,,,,,,,,9.90,-,,,,,,,,,,,,,,,,,,,,,,,,,-,-,,,,,,,,,,,,,,,,,,,,,,,,,
,04-22-2015,13:21:59, Lane 1 ,Fwd,FF,,156,2,58,,2,8.94,,,,,,,,,,,,,,,,,,,,,,,,8.94,-,,,,,,,,,,,,,,,,,,,,,,,,,-,-,,,,,,,,,,,,,,,,,,,,,,,,,
,04-22-2015,13:22:00, Lane 1 ,Fwd,FF,,157,3,58,,2,11.33,,,,,,,,,,,,,,,,,,,,,,,,11.33,-,,,,,,,,,,,,,,,,,,,,,,,,,-,-,,,,,,,,,,,,,,,,,,,,,,,,,
,04-22-2015,13:22:02, Lane 1 ,Fwd,FF,,158,2,59,,2,9.84,,,,,,,,,,,,,,,,,,,,,,,,9.84,-,,,,,,,,,,,,,,,,,,,,,,,,,-,-,,,,,,,,,,,,,,,,,,,,,,,,,
,04-22-2015,13:22:06, Lane 1 ,Fwd,FF,,159,2,55,,2,8.43,,,,,,,,,,,,,,,,,,,,,,,,8.43,-,,,,,,,,,,,,,,,,,,,,,,,,,-,-,,,,,,,,,,,,,,,,,,,,,,,,,
,04-22-2015,13:22:08, Lane 1 ,Fwd,FF,,160,2,58,,2,9.77,,,,,,,,,,,,,,,,,,,,,,,,9.77,-,,,,,,,,,,,,,,,,,,,,,,,,,-,-,,,,,,,,,,,,,,,,,,,,,,,,,
,04-22-2015,13:22:09, Lane 1 ,Fwd,FF,,161,2,55,,2,8.56,,,,,,,,,,,,,,,,,,,,,,,,8.56,-,,,,,,,,,,,,,,,,,,,,,,,,,-,-,,,,,,,,,,,,,,,,,,,,,,,,,
,04-22-2015,13:22:14, Lane 1 ,Fwd,FF,,162,2,55,,2,8.48,,,,,,,,,,,,,,,,,,,,,,,,8.48,-,,,,,,,,,,,,,,,,,,,,,,,,,-,-,,,,,,,,,,,,,,,,,,,,,,,,,
,04-22-2015,13:22:31, Lane 1 ,Fwd,FF,,163,1,23,,2,3.09,,,,,,,,,,,,,,,,,,,,,,,,3.09,-,,,,,,,,,,,,,,,,,,,,,,,,,-,-,,,,,,,,,,,,,,,,,,,,,,,,,
,04-22-2015,13:22:33, Lane 1 ,Fwd,FF,,164,7,66,,4,17.57,4.23,4.03,,,,,,,,,,,,,,,,,,,,,,25.83,-,,,,,,,,,,,,,,,,,,,,,,,,,-,-,,,,,,,,,,,,,,,,,,,,,,,,,
,04-22-2015,13:22:46, Lane 1 ,Fwd,FF,,165,6,62,,3,15.61,4.24,,,,,,,,,,,,,,,,,,,,,,,19.85,-,,,,,,,,,,,,,,,,,,,,,,,,,-,-,,,,,,,,,,,,,,,,,,,,,,,,,
,04-22-2015,13:22:49, Lane 1 ,Fwd,FF,,166,2,58,,2,8.66,,,,,,,,,,,,,,,,,,,,,,,,8.66,-,,,,,,,,,,,,,,,,,,,,,,,,,-,-,,,,,,,,,,,,,,,,,,,,,,,,,
,04-22-2015,13:22:53, Lane 1 ,Fwd,FF,,167,2,56,,2,8.88,,,,,,,,,,,,,,,,,,,,,,,,8.88,-,,,,,,,,,,,,,,,,,,,,,,,,,-,-,,,,,,,,,,,,,,,,,,,,,,,,,
,04-22-2015,13:23:00, Lane 1 ,Fwd,FF,,168,2,55,,2,8.35,,,,,,,,,,,,,,,,,,,,,,,,8.35,-,,,,,,,,,,,,,,,,,,,,,,,,,-,-,,,,,,,,,,,,,,,,,,,,,,,,,
,04-22-2015,13:23:01, Lane 1 ,Fwd,FF,,169,3,56,,3,10.26,12.17,,,,,,,,,,,,,,,,,,,,,,,22.43,-,,,,,,,,,,,,,,,,,,,,,,,,,-,-,,,,,,,,,,,,,,,,,,,,,,,,,
,04-22-2015,13:23:03, Lane 1 ,Fwd,FF,,170,2,57,,2,8.42,,,,,,,,,,,,,,,,,,,,,,,,8.42,-,,,,,,,,,,,,,,,,,,,,,,,,,-,-,,,,,,,,,,,,,,,,,,,,,,,,,
,04-22-2015,13:23:04, Lane 1 ,Fwd,FF,,171,3,54,,2,10.97,,,,,,,,,,,,,,,,,,,,,,,,10.97,-,,,,,,,,,,,,,,,,,,,,,,,,,-,-,,,,,,,,,,,,,,,,,,,,,,,,,
,04-22-2015,13:23:06, Lane 1 ,Fwd,FF,,172,2,55,,2,8.56,,,,,,,,,,,,,,,,,,,,,,,,8.56,-,,,,,,,,,,,,,,,,,,,,,,,,,-,-,,,,,,,,,,,,,,,,,,,,,,,,,
,04-22-2015,13:23:08, Lane 1 ,Fwd,FF,,173,3,53,,2,11.46,,,,,,,,,,,,,,,,,,,,,,,,11.46,-,,,,,,,,,,,,,,,,,,,,,,,,,-,-,,,,,,,,,,,,,,,,,,,,,,,,,
,04-22-2015,13:23:10, Lane 1 ,Fwd,FF,,174,2,53,,2,8.10,,,,,,,,,,,,,,,,,,,,,,,,8.10,-,,,,,,,,,,,,,,,,,,,,,,,,,-,-,,,,,,,,,,,,,,,,,,,,,,,,,
,04-22-2015,13:23:22, Lane 1 ,Fwd,FF,,175,2,58,,2,9.53,,,,,,,,,,,,,,,,,,,,,,,,9.53,-,,,,,,,,,,,,,,,,,,,,,,,,,-,-,,,,,,,,,,,,,,,,,,,,,,,,,
,04-22-2015,13:23:25, Lane 1 ,Fwd,FF,,176,2,57,,2,9.15,,,,,,,,,,,,,,,,,,,,,,,,9.15,-,,,,,,,,,,,,,,,,,,,,,,,,,-,-,,,,,,,,,,,,,,,,,,,,,,,,,
,04-22-2015,13:23:26, Lane 1 ,Fwd,FF,,177,3,55,,2,11.92,,,,,,,,,,,,,,,,,,,,,,,,11.92,-,,,,,,,,,,,,,,,,,,,,,,,,,-,-,,,,,,,,,,,,,,,,,,,,,,,,,
,04-22-2015,13:23:46, Lane 1 ,Fwd,FF,,178,3,56,,2,11.09,,,,,,,,,,,,,,,,,,,,,,,,11.09,-,,,,,,,,,,,,,,,,,,,,,,,,,-,-,,,,,,,,,,,,,,,,,,,,,,,,,
,04-22-2015,13:23:48, Lane 1 ,Fwd,FF,,179,2,56,,2,9.10,,,,,,,,,,,,,,,,,,,,,,,,9.10,-,,,,,,,,,,,,,,,,,,,,,,,,,-,-,,,,,,,,,,,,,,,,,,,,,,,,,
,04-22-2015,13:23:50, Lane 1 ,Fwd,FF,,180,2,61,,2,9.78,,,,,,,,,,,,,,,,,,,,,,,,9.78,-,,,,,,,,,,,,,,,,,,,,,,,,,-,-,,,,,,,,,,,,,,,,,,,,,,,,,
,04-22-2015,13:24:02, Lane 1 ,Fwd,FF,,181,2,63,,2,8.46,,,,,,,,,,,,,,,,,,,,,,,,8.46,-,,,,,,,,,,,,,,,,,,,,,,,,,-,-,,,,,,,,,,,,,,,,,,,,,,,,,
,04-22-2015,13:24:25, Lane 1 ,Fwd,FF,,182,6,63,,3,17.58,4.28,,,,,,,,,,,,,,,,,,,,,,,21.86,-,,,,,,,,,,,,,,,,,,,,,,,,,-,-,,,,,,,,,,,,,,,,,,,,,,,,,
,04-22-2015,13:24:42, Lane 1 ,Fwd,FF,,183,5,53,,2,14.17,,,,,,,,,,,,,,,,,,,,,,,,14.17,-,,,,,,,,,,,,,,,,,,,,,,,,,-,-,,,,,,,,,,,,,,,,,,,,,,,,,
,04-22-2015,13:24:45, Lane 1 ,Fwd,FF,,184,2,54,,2,8.45,,,,,,,,,,,,,,,,,,,,,,,,8.45,-,,,,,,,,,,,,,,,,,,,,,,,,,-,-,,,,,,,,,,,,,,,,,,,,,,,,,
,04-22-2015,13:24:47, Lane 1 ,Fwd,FF,,185,2,58,,2,8.37,,,,,,,,,,,,,,,,,,,,,,,,8.37,-,,,,,,,,,,,,,,,,,,,,,,,,,-,-,,,,,,,,,,,,,,,,,,,,,,,,,
,04-22-2015,13:25:15, Lane 1 ,Fwd,FF,,186,2,61,,2,8.69,,,,,,,,,,,,,,,,,,,,,,,,8.69,-,,,,,,,,,,,,,,,,,,,,,,,,,-,-,,,,,,,,,,,,,,,,,,,,,,,,,
,04-22-2015,13:25:28, Lane 1 ,Fwd,FF,,187,2,64,,2,9.19,,,,,,,,,,,,,,,,,,,,,,,,9.19,-,,,,,,,,,,,,,,,,,,,,,,,,,-,-,,,,,,,,,,,,,,,,,,,,,,,,,
,04-22-2015,13:25:29, Lane 1 ,Fwd,FF,,188,2,63,,2,9.03,,,,,,,,,,,,,,,,,,,,,,,,9.03,-,,,,,,,,,,,,,,,,,,,,,,,,,-,-,,,,,,,,,,,,,,,,,,,,,,,,,
,04-22-2015,13:25:31, Lane 1 ,Fwd,FF,,189,2,67,,2,8.78,,,,,,,,,,,,,,,,,,,,,,,,8.78,-,,,,,,,,,,,,,,,,,,,,,,,,,-,-,,,,,,,,,,,,,,,,,,,,,,,,,
,04-22-2015,13:25:34, Lane 1 ,Fwd,FF,,190,2,64,,2,8.81,,,,,,,,,,,,,,,,,,,,,,,,8.81,-,,,,,,,,,,,,,,,,,,,,,,,,,-,-,,,,,,,,,,,,,,,,,,,,,,,,,
,04-22-2015,13:26:04, Lane 1 ,Fwd,FF,,191,2,63,,2,8.93,,,,,,,,,,,,,,,,,,,,,,,,8.93,-,,,,,,,,,,,,,,,,,,,,,,,,,-,-,,,,,,,,,,,,,,,,,,,,,,,,,
,04-22-2015,13:26:15, Lane 1 ,Fwd,FF,,192,3,57,,2,10.33,,,,,,,,,,,,,,,,,,,,,,,,10.33,-,,,,,,,,,,,,,,,,,,,,,,,,,-,-,,,,,,,,,,,,,,,,,,,,,,,,,
,04-22-2015,13:26:20, Lane 1 ,Fwd,FF,,193,2,57,,2,9.25,,,,,,,,,,,,,,,,,,,,,,,,9.25,-,,,,,,,,,,,,,,,,,,,,,,,,,-,-,,,,,,,,,,,,,,,,,,,,,,,,,
,04-22-2015,13:26:21, Lane 1 ,Fwd,FF,,194,2,57,,2,9.25,,,,,,,,,,,,,,,,,,,,,,,,9.25,-,,,,,,,,,,,,,,,,,,,,,,,,,-,-,,,,,,,,,,,,,,,,,,,,,,,,,
,04-22-2015,13:26:30, Lane 1 ,Fwd,FF,,195,2,63,,2,8.65,,,,,,,,,,,,,,,,,,,,,,,,8.65,-,,,,,,,,,,,,,,,,,,,,,,,,,-,-,,,,,,,,,,,,,,,,,,,,,,,,,
,04-22-2015,13:27:30, Lane 1 ,Fwd,FF,,196,2,57,,2,8.48,,,,,,,,,,,,,,,,,,,,,,,,8.48,-,,,,,,,,,,,,,,,,,,,,,,,,,-,-,,,,,,,,,,,,,,,,,,,,,,,,,
,04-22-2015,13:27:32, Lane 1 ,Fwd,FF,,197,3,60,,2,11.30,,,,,,,,,,,,,,,,,,,,,,,,11.30,-,,,,,,,,,,,,,,,,,,,,,,,,,-,-,,,,,,,,,,,,,,,,,,,,,,,,,
,04-22-2015,13:27:51, Lane 1 ,Fwd,FF,,198,2,57,,2,9.31,,,,,,,,,,,,,,,,,,,,,,,,9.31,-,,,,,,,,,,,,,,,,,,,,,,,,,-,-,,,,,,,,,,,,,,,,,,,,,,,,,
,04-22-2015,13:27:55, Lane 1 ,Fwd,FF,,199,4,57,,2,20.73,,,,,,,,,,,,,,,,,,,,,,,,20.73,-,,,,,,,,,,,,,,,,,,,,,,,,,-,-,,,,,,,,,,,,,,,,,,,,,,,,,
,04-22-2015,13:27:57, Lane 1 ,Fwd,FF,,200,2,58,,2,8.62,,,,,,,,,,,,,,,,,,,,,,,,8.62,-,,,,,,,,,,,,,,,,,,,,,,,,,-,-,,,,,,,,,,,,,,,,,,,,,,,,,
,04-22-2015,13:28:00, Lane 1 ,Fwd,FF,,201,3,58,,2,10.29,,,,,,,,,,,,,,,,,,,,,,,,10.29,-,,,,,,,,,,,,,,,,,,,,,,,,,-,-,,,,,,,,,,,,,,,,,,,,,,,,,
,04-22-2015,13:28:03, Lane 1 ,Fwd,FF,,202,9,61,,5,11.91,4.27,34.67,3.91,,,,,,,,,,,,,,,,,,,,,54.76,-,,,,,,,,,,,,,,,,,,,,,,,,,-,-,,,,,,,,,,,,,,,,,,,,,,,,,
,04-22-2015,13:28:32, Lane 1 ,Fwd,FF,,203,3,60,,2,10.24,,,,,,,,,,,,,,,,,,,,,,,,10.24,-,,,,,,,,,,,,,,,,,,,,,,,,,-,-,,,,,,,,,,,,,,,,,,,,,,,,,
,04-22-2015,13:28:33, Lane 1 ,Fwd,FF,,204,2,62,,2,9.64,,,,,,,,,,,,,,,,,,,,,,,,9.64,-,,,,,,,,,,,,,,,,,,,,,,,,,-,-,,,,,,,,,,,,,,,,,,,,,,,,,
,04-22-2015,13:28:34, Lane 1 ,Fwd,FF,,205,2,61,,2,8.96,,,,,,,,,,,,,,,,,,,,,,,,8.96,-,,,,,,,,,,,,,,,,,,,,,,,,,-,-,,,,,,,,,,,,,,,,,,,,,,,,,
,04-22-2015,13:28:37, Lane 1 ,Fwd,FF,,206,2,60,,2,8.47,,,,,,,,,,,,,,,,,,,,,,,,8.47,-,,,,,,,,,,,,,,,,,,,,,,,,,-,-,,,,,,,,,,,,,,,,,,,,,,,,,
,04-22-2015,13:28:40, Lane 1 ,Fwd,FF,,207,2,61,,2,8.80,,,,,,,,,,,,,,,,,,,,,,,,8.80,-,,,,,,,,,,,,,,,,,,,,,,,,,-,-,,,,,,,,,,,,,,,,,,,,,,,,,
,04-22-2015,13:28:41, Lane 1 ,Fwd,FF,,208,2,58,,2,8.66,,,,,,,,,,,,,,,,,,,,,,,,8.66,-,,,,,,,,,,,,,,,,,,,,,,,,,-,-,,,,,,,,,,,,,,,,,,,,,,,,,
,04-22-2015,13:28:42, Lane 1 ,Fwd,FF,,209,3,58,,2,11.58,,,,,,,,,,,,,,,,,,,,,,,,11.58,-,,,,,,,,,,,,,,,,,,,,,,,,,-,-,,,,,,,,,,,,,,,,,,,,,,,,,
,04-22-2015,13:29:15, Lane 1 ,Fwd,FF,,210,2,56,,2,9.69,,,,,,,,,,,,,,,,,,,,,,,,9.69,-,,,,,,,,,,,,,,,,,,,,,,,,,-,-,,,,,,,,,,,,,,,,,,,,,,,,,
,04-22-2015,13:29:36, Lane 1 ,Rev,FF,,211,3,59,,2,12.70,,,,,,,,,,,,,,,,,,,,,,,,12.70,-,,,,,,,,,,,,,,,,,,,,,,,,,-,-,,,,,,,,,,,,,,,,,,,,,,,,,
,04-22-2015,13:29:46, Lane 1 ,Fwd,FF,,212,2,64,,2,9.26,,,,,,,,,,,,,,,,,,,,,,,,9.26,-,,,,,,,,,,,,,,,,,,,,,,,,,-,-,,,,,,,,,,,,,,,,,,,,,,,,,
,04-22-2015,13:30:19, Lane 1 ,Fwd,FF,,213,2,54,,2,8.37,,,,,,,,,,,,,,,,,,,,,,,,8.37,-,,,,,,,,,,,,,,,,,,,,,,,,,-,-,,,,,,,,,,,,,,,,,,,,,,,,,
,04-22-2015,13:30:21, Lane 1 ,Fwd,FF,,214,2,56,,2,9.70,,,,,,,,,,,,,,,,,,,,,,,,9.70,-,,,,,,,,,,,,,,,,,,,,,,,,,-,-,,,,,,,,,,,,,,,,,,,,,,,,,
,04-22-2015,13:30:25, Lane 1 ,Fwd,FF,,215,2,50,,2,8.73,,,,,,,,,,,,,,,,,,,,,,,,8.73,-,,,,,,,,,,,,,,,,,,,,,,,,,-,-,,,,,,,,,,,,,,,,,,,,,,,,,
,04-22-2015,13:30:30, Lane 1 ,Fwd,FF,,216,9,56,,5,16.65,4.33,31.27,4.08,,,,,,,,,,,,,,,,,,,,,56.33,-,,,,,,,,,,,,,,,,,,,,,,,,,-,-,,,,,,,,,,,,,,,,,,,,,,,,,
,04-22-2015,13:30:36, Lane 1 ,Fwd,FF,,217,5,51,,2,15.65,,,,,,,,,,,,,,,,,,,,,,,,15.65,-,,,,,,,,,,,,,,,,,,,,,,,,,-,-,,,,,,,,,,,,,,,,,,,,,,,,,
,04-22-2015,13:30:38, Lane 1 ,Fwd,FF,,218,2,56,,2,8.44,,,,,,,,,,,,,,,,,,,,,,,,8.44,-,,,,,,,,,,,,,,,,,,,,,,,,,-,-,,,,,,,,,,,,,,,,,,,,,,,,,
,04-22-2015,13:30:40, Lane 1 ,Fwd,FF,,219,2,56,,2,8.82,,,,,,,,,,,,,,,,,,,,,,,,8.82,-,,,,,,,,,,,,,,,,,,,,,,,,,-,-,,,,,,,,,,,,,,,,,,,,,,,,,
,04-22-2015,13:30:42, Lane 1 ,Fwd,FF,,220,2,51,,2,9.02,,,,,,,,,,,,,,,,,,,,,,,,9.02,-,,,,,,,,,,,,,,,,,,,,,,,,,-,-,,,,,,,,,,,,,,,,,,,,,,,,,
,04-22-2015,13:30:43, Lane 1 ,Fwd,FF,,221,2,49,,2,8.98,,,,,,,,,,,,,,,,,,,,,,,,8.98,-,,,,,,,,,,,,,,,,,,,,,,,,,-,-,,,,,,,,,,,,,,,,,,,,,,,,,
,04-22-2015,13:30:46, Lane 1 ,Fwd,FF,,222,2,50,,2,8.39,,,,,,,,,,,,,,,,,,,,,,,,8.39,-,,,,,,,,,,,,,,,,,,,,,,,,,-,-,,,,,,,,,,,,,,,,,,,,,,,,,
,04-22-2015,13:30:55, Lane 1 ,Fwd,FF,,223,2,54,,2,8.94,,,,,,,,,,,,,,,,,,,,,,,,8.94,-,,,,,,,,,,,,,,,,,,,,,,,,,-,-,,,,,,,,,,,,,,,,,,,,,,,,,
,04-22-2015,13:31:17, Lane 1 ,Fwd,FF,,224,2,57,,2,9.15,,,,,,,,,,,,,,,,,,,,,,,,9.15,-,,,,,,,,,,,,,,,,,,,,,,,,,-,-,,,,,,,,,,,,,,,,,,,,,,,,,
,04-22-2015,13:31:34, Lane 1 ,Fwd,FF,,225,3,56,,2,10.70,,,,,,,,,,,,,,,,,,,,,,,,10.70,-,,,,,,,,,,,,,,,,,,,,,,,,,-,-,,,,,,,,,,,,,,,,,,,,,,,,,
,04-22-2015,13:31:53, Lane 1 ,Fwd,FF,,226,2,58,,2,8.40,,,,,,,,,,,,,,,,,,,,,,,,8.40,-,,,,,,,,,,,,,,,,,,,,,,,,,-,-,,,,,,,,,,,,,,,,,,,,,,,,,
,04-22-2015,13:31:58, Lane 1 ,Fwd,FF,,227,3,58,,2,10.72,,,,,,,,,,,,,,,,,,,,,,,,10.72,-,,,,,,,,,,,,,,,,,,,,,,,,,-,-,,,,,,,,,,,,,,,,,,,,,,,,,
,04-22-2015,13:31:59, Lane 1 ,Fwd,FF,,228,2,59,,2,9.50,,,,,,,,,,,,,,,,,,,,,,,,9.50,-,,,,,,,,,,,,,,,,,,,,,,,,,-,-,,,,,,,,,,,,,,,,,,,,,,,,,
,04-22-2015,13:32:01, Lane 1 ,Fwd,FF,,229,2,54,,2,10.03,,,,,,,,,,,,,,,,,,,,,,,,10.03,-,,,,,,,,,,,,,,,,,,,,,,,,,-,-,,,,,,,,,,,,,,,,,,,,,,,,,
,04-22-2015,13:32:07, Lane 1 ,Fwd,FF,,230,2,63,,2,8.52,,,,,,,,,,,,,,,,,,,,,,,,8.52,-,,,,,,,,,,,,,,,,,,,,,,,,,-,-,,,,,,,,,,,,,,,,,,,,,,,,,
,04-22-2015,13:32:16, Lane 1 ,Fwd,FF,,231,3,60,,2,10.42,,,,,,,,,,,,,,,,,,,,,,,,10.42,-,,,,,,,,,,,,,,,,,,,,,,,,,-,-,,,,,,,,,,,,,,,,,,,,,,,,,
,04-22-2015,13:32:18, Lane 1 ,Fwd,FF,,232,3,63,,2,11.27,,,,,,,,,,,,,,,,,,,,,,,,11.27,-,,,,,,,,,,,,,,,,,,,,,,,,,-,-,,,,,,,,,,,,,,,,,,,,,,,,,
,04-22-2015,13:32:40, Lane 1 ,Fwd,FF,,233,3,60,,2,10.86,,,,,,,,,,,,,,,,,,,,,,,,10.86,-,,,,,,,,,,,,,,,,,,,,,,,,,-,-,,,,,,,,,,,,,,,,,,,,,,,,,
,04-22-2015,13:32:41, Lane 1 ,Fwd,FF,,234,2,62,,2,9.27,,,,,,,,,,,,,,,,,,,,,,,,9.27,-,,,,,,,,,,,,,,,,,,,,,,,,,-,-,,,,,,,,,,,,,,,,,,,,,,,,,
,04-22-2015,13:32:54, Lane 1 ,Fwd,FF,,235,3,57,,2,10.50,,,,,,,,,,,,,,,,,,,,,,,,10.50,-,,,,,,,,,,,,,,,,,,,,,,,,,-,-,,,,,,,,,,,,,,,,,,,,,,,,,
,04-22-2015,13:33:29, Lane 1 ,Fwd,FF,,236,5,61,,2,14.58,,,,,,,,,,,,,,,,,,,,,,,,14.58,-,,,,,,,,,,,,,,,,,,,,,,,,,-,-,,,,,,,,,,,,,,,,,,,,,,,,,
,04-22-2015,13:33:31, Lane 1 ,Fwd,FF,,237,5,61,,2,14.13,,,,,,,,,,,,,,,,,,,,,,,,14.13,-,,,,,,,,,,,,,,,,,,,,,,,,,-,-,,,,,,,,,,,,,,,,,,,,,,,,,
,04-22-2015,13:33:37, Lane 1 ,Fwd,FF,,238,3,56,,2,10.53,,,,,,,,,,,,,,,,,,,,,,,,10.53,-,,,,,,,,,,,,,,,,,,,,,,,,,-,-,,,,,,,,,,,,,,,,,,,,,,,,,
,04-22-2015,13:34:38, Lane 1 ,Fwd,FF,,239,2,67,,2,9.44,,,,,,,,,,,,,,,,,,,,,,,,9.44,-,,,,,,,,,,,,,,,,,,,,,,,,,-,-,,,,,,,,,,,,,,,,,,,,,,,,,
,04-22-2015,13:34:58, Lane 1 ,Fwd,FF,,240,5,54,,2,16.42,,,,,,,,,,,,,,,,,,,,,,,,16.42,-,,,,,,,,,,,,,,,,,,,,,,,,,-,-,,,,,,,,,,,,,,,,,,,,,,,,,
,04-22-2015,13:35:05, Lane 1 ,Fwd,FF,,241,3,59,,2,11.74,,,,,,,,,,,,,,,,,,,,,,,,11.74,-,,,,,,,,,,,,,,,,,,,,,,,,,-,-,,,,,,,,,,,,,,,,,,,,,,,,,
,04-22-2015,13:35:06, Lane 1 ,Fwd,FF,,242,3,60,,2,11.91,,,,,,,,,,,,,,,,,,,,,,,,11.91,-,,,,,,,,,,,,,,,,,,,,,,,,,-,-,,,,,,,,,,,,,,,,,,,,,,,,,
,04-22-2015,13:35:07, Lane 1 ,Fwd,FF,,243,2,58,,2,8.74,,,,,,,,,,,,,,,,,,,,,,,,8.74,-,,,,,,,,,,,,,,,,,,,,,,,,,-,-,,,,,,,,,,,,,,,,,,,,,,,,,
,04-22-2015,13:35:17, Lane 1 ,Fwd,FF,,244,6,58,,3,19.83,3.91,,,,,,,,,,,,,,,,,,,,,,,23.74,-,,,,,,,,,,,,,,,,,,,,,,,,,-,-,,,,,,,,,,,,,,,,,,,,,,,,,
,04-22-2015,13:35:25, Lane 1 ,Fwd,FF,,245,2,59,,2,8.72,,,,,,,,,,,,,,,,,,,,,,,,8.72,-,,,,,,,,,,,,,,,,,,,,,,,,,-,-,,,,,,,,,,,,,,,,,,,,,,,,,
,04-22-2015,13:35:31, Lane 1 ,Fwd,FF,,246,2,64,,2,8.91,,,,,,,,,,,,,,,,,,,,,,,,8.91,-,,,,,,,,,,,,,,,,,,,,,,,,,-,-,,,,,,,,,,,,,,,,,,,,,,,,,
,04-22-2015,13:36:06, Lane 1 ,Fwd,FF,,247,5,60,,2,17.12,,,,,,,,,,,,,,,,,,,,,,,,17.12,-,,,,,,,,,,,,,,,,,,,,,,,,,-,-,,,,,,,,,,,,,,,,,,,,,,,,,
,04-22-2015,13:36:11, Lane 1 ,Fwd,FF,,248,2,61,,2,8.78,,,,,,,,,,,,,,,,,,,,,,,,8.78,-,,,,,,,,,,,,,,,,,,,,,,,,,-,-,,,,,,,,,,,,,,,,,,,,,,,,,
,04-22-2015,13:36:14, Lane 1 ,Fwd,FF,,249,2,60,,2,8.74,,,,,,,,,,,,,,,,,,,,,,,,8.74,-,,,,,,,,,,,,,,,,,,,,,,,,,-,-,,,,,,,,,,,,,,,,,,,,,,,,,
,04-22-2015,13:36:15, Lane 1 ,Fwd,FF,,250,2,61,,2,8.44,,,,,,,,,,,,,,,,,,,,,,,,8.44,-,,,,,,,,,,,,,,,,,,,,,,,,,-,-,,,,,,,,,,,,,,,,,,,,,,,,,
,04-22-2015,13:36:34, Lane 1 ,Fwd,FF,,251,2,53,,2,7.59,,,,,,,,,,,,,,,,,,,,,,,,7.59,-,,,,,,,,,,,,,,,,,,,,,,,,,-,-,,,,,,,,,,,,,,,,,,,,,,,,,
,04-22-2015,13:36:43, Lane 1 ,Fwd,FF,,252,3,55,,2,12.89,,,,,,,,,,,,,,,,,,,,,,,,12.89,-,,,,,,,,,,,,,,,,,,,,,,,,,-,-,,,,,,,,,,,,,,,,,,,,,,,,,
,04-22-2015,13:36:56, Lane 1 ,Fwd,FF,,253,5,62,,2,13.73,,,,,,,,,,,,,,,,,,,,,,,,13.73,-,,,,,,,,,,,,,,,,,,,,,,,,,-,-,,,,,,,,,,,,,,,,,,,,,,,,,
,04-22-2015,13:37:17, Lane 1 ,Fwd,FF,,254,3,56,,2,11.76,,,,,,,,,,,,,,,,,,,,,,,,11.76,-,,,,,,,,,,,,,,,,,,,,,,,,,-,-,,,,,,,,,,,,,,,,,,,,,,,,,
,04-22-2015,13:37:19, Lane 1 ,Fwd,FF,,255,3,60,,2,11.56,,,,,,,,,,,,,,,,,,,,,,,,11.56,-,,,,,,,,,,,,,,,,,,,,,,,,,-,-,,,,,,,,,,,,,,,,,,,,,,,,,
,04-22-2015,13:38:52, Lane 1 ,Fwd,FF,,256,10,47,,6,6.87,3.68,3.95,4.44,7.42,,,,,,,,,,,,,,,,,,,,26.36,-,,,,,,,,,,,,,,,,,,,,,,,,,-,-,,,,,,,,,,,,,,,,,,,,,,,,,
,04-22-2015,13:38:54, Lane 1 ,Fwd,FF,,257,3,48,,2,11.79,,,,,,,,,,,,,,,,,,,,,,,,11.79,-,,,,,,,,,,,,,,,,,,,,,,,,,-,-,,,,,,,,,,,,,,,,,,,,,,,,,
,04-22-2015,13:38:56, Lane 1 ,Fwd,FF,,258,2,48,,2,8.14,,,,,,,,,,,,,,,,,,,,,,,,8.14,-,,,,,,,,,,,,,,,,,,,,,,,,,-,-,,,,,,,,,,,,,,,,,,,,,,,,,
,04-22-2015,13:38:57, Lane 1 ,Fwd,FF,,259,2,51,,2,8.78,,,,,,,,,,,,,,,,,,,,,,,,8.78,-,,,,,,,,,,,,,,,,,,,,,,,,,-,-,,,,,,,,,,,,,,,,,,,,,,,,,
,04-22-2015,13:39:00, Lane 1 ,Fwd,FF,,260,2,45,,2,8.44,,,,,,,,,,,,,,,,,,,,,,,,8.44,-,,,,,,,,,,,,,,,,,,,,,,,,,-,-,,,,,,,,,,,,,,,,,,,,,,,,,
,04-22-2015,13:39:02, Lane 1 ,Fwd,FF,,261,2,44,,2,8.49,,,,,,,,,,,,,,,,,,,,,,,,8.49,-,,,,,,,,,,,,,,,,,,,,,,,,,-,-,,,,,,,,,,,,,,,,,,,,,,,,,
,04-22-2015,13:39:03, Lane 1 ,Fwd,FF,,262,2,44,,2,9.28,,,,,,,,,,,,,,,,,,,,,,,,9.28,-,,,,,,,,,,,,,,,,,,,,,,,,,-,-,,,,,,,,,,,,,,,,,,,,,,,,,
,04-22-2015,13:39:04, Lane 1 ,Fwd,FF,,263,3,45,,2,10.62,,,,,,,,,,,,,,,,,,,,,,,,10.62,-,,,,,,,,,,,,,,,,,,,,,,,,,-,-,,,,,,,,,,,,,,,,,,,,,,,,,
,04-22-2015,13:40:01, Lane 1 ,Fwd,FF,,264,2,60,,2,9.02,,,,,,,,,,,,,,,,,,,,,,,,9.02,-,,,,,,,,,,,,,,,,,,,,,,,,,-,-,,,,,,,,,,,,,,,,,,,,,,,,,
,04-22-2015,13:40:04, Lane 1 ,Fwd,FF,,265,3,63,,2,11.26,,,,,,,,,,,,,,,,,,,,,,,,11.26,-,,,,,,,,,,,,,,,,,,,,,,,,,-,-,,,,,,,,,,,,,,,,,,,,,,,,,
,04-22-2015,13:40:08, Lane 1 ,Fwd,FF,,266,2,61,,2,8.78,,,,,,,,,,,,,,,,,,,,,,,,8.78,-,,,,,,,,,,,,,,,,,,,,,,,,,-,-,,,,,,,,,,,,,,,,,,,,,,,,,
,04-22-2015,13:40:11, Lane 1 ,Fwd,FF,,267,9,60,,5,13.59,4.24,31.59,3.97,,,,,,,,,,,,,,,,,,,,,53.39,-,,,,,,,,,,,,,,,,,,,,,,,,,-,-,,,,,,,,,,,,,,,,,,,,,,,,,
,04-22-2015,13:40:15, Lane 1 ,Fwd,FF,,268,2,60,,2,8.12,,,,,,,,,,,,,,,,,,,,,,,,8.12,-,,,,,,,,,,,,,,,,,,,,,,,,,-,-,,,,,,,,,,,,,,,,,,,,,,,,,
,04-22-2015,13:40:17, Lane 1 ,Fwd,FF,,269,3,59,,2,10.70,,,,,,,,,,,,,,,,,,,,,,,,10.70,-,,,,,,,,,,,,,,,,,,,,,,,,,-,-,,,,,,,,,,,,,,,,,,,,,,,,,
,04-22-2015,13:40:33, Lane 1 ,Fwd,FF,,270,2,57,,2,9.65,,,,,,,,,,,,,,,,,,,,,,,,9.65,-,,,,,,,,,,,,,,,,,,,,,,,,,-,-,,,,,,,,,,,,,,,,,,,,,,,,,
,04-22-2015,13:41:12, Lane 1 ,Fwd,FF,,271,2,59,,2,9.67,,,,,,,,,,,,,,,,,,,,,,,,9.67,-,,,,,,,,,,,,,,,,,,,,,,,,,-,-,,,,,,,,,,,,,,,,,,,,,,,,,
,04-22-2015,13:41:18, Lane 1 ,Fwd,FF,,272,3,56,,2,10.86,,,,,,,,,,,,,,,,,,,,,,,,10.86,-,,,,,,,,,,,,,,,,,,,,,,,,,-,-,,,,,,,,,,,,,,,,,,,,,,,,,
,04-22-2015,13:41:42, Lane 1 ,Fwd,FF,,273,2,61,,2,8.69,,,,,,,,,,,,,,,,,,,,,,,,8.69,-,,,,,,,,,,,,,,,,,,,,,,,,,-,-,,,,,,,,,,,,,,,,,,,,,,,,,
,04-22-2015,13:42:10, Lane 1 ,Fwd,FF,,274,2,68,,2,8.93,,,,,,,,,,,,,,,,,,,,,,,,8.93,-,,,,,,,,,,,,,,,,,,,,,,,,,-,-,,,,,,,,,,,,,,,,,,,,,,,,,
,04-22-2015,13:42:11, Lane 1 ,Fwd,FF,,275,2,65,,2,8.86,,,,,,,,,,,,,,,,,,,,,,,,8.86,-,,,,,,,,,,,,,,,,,,,,,,,,,-,-,,,,,,,,,,,,,,,,,,,,,,,,,
,04-22-2015,13:42:13, Lane 1 ,Fwd,FF,,276,2,64,,2,8.69,,,,,,,,,,,,,,,,,,,,,,,,8.69,-,,,,,,,,,,,,,,,,,,,,,,,,,-,-,,,,,,,,,,,,,,,,,,,,,,,,,
,04-22-2015,13:42:18, Lane 1 ,Fwd,FF,,277,2,66,,2,9.41,,,,,,,,,,,,,,,,,,,,,,,,9.41,-,,,,,,,,,,,,,,,,,,,,,,,,,-,-,,,,,,,,,,,,,,,,,,,,,,,,,
,04-22-2015,13:42:25, Lane 1 ,Fwd,FF,,278,2,59,,2,9.24,,,,,,,,,,,,,,,,,,,,,,,,9.24,-,,,,,,,,,,,,,,,,,,,,,,,,,-,-,,,,,,,,,,,,,,,,,,,,,,,,,
,04-22-2015,13:42:33, Lane 1 ,Fwd,FF,,279,2,71,,2,9.31,,,,,,,,,,,,,,,,,,,,,,,,9.31,-,,,,,,,,,,,,,,,,,,,,,,,,,-,-,,,,,,,,,,,,,,,,,,,,,,,,,
,04-22-2015,13:42:43, Lane 1 ,Fwd,FF,,280,2,64,,2,9.19,,,,,,,,,,,,,,,,,,,,,,,,9.19,-,,,,,,,,,,,,,,,,,,,,,,,,,-,-,,,,,,,,,,,,,,,,,,,,,,,,,
,04-22-2015,13:43:29, Lane 1 ,Fwd,FF,,281,2,63,,2,9.12,,,,,,,,,,,,,,,,,,,,,,,,9.12,-,,,,,,,,,,,,,,,,,,,,,,,,,-,-,,,,,,,,,,,,,,,,,,,,,,,,,
,04-22-2015,13:44:01, Lane 1 ,Fwd,FF,,282,2,63,,2,9.97,,,,,,,,,,,,,,,,,,,,,,,,9.97,-,,,,,,,,,,,,,,,,,,,,,,,,,-,-,,,,,,,,,,,,,,,,,,,,,,,,,
,04-22-2015,13:44:03, Lane 1 ,Fwd,FF,,283,2,58,,2,8.43,,,,,,,,,,,,,,,,,,,,,,,,8.43,-,,,,,,,,,,,,,,,,,,,,,,,,,-,-,,,,,,,,,,,,,,,,,,,,,,,,,
,04-22-2015,13:44:07, Lane 1 ,Fwd,FF,,284,2,61,,2,8.98,,,,,,,,,,,,,,,,,,,,,,,,8.98,-,,,,,,,,,,,,,,,,,,,,,,,,,-,-,,,,,,,,,,,,,,,,,,,,,,,,,
,04-22-2015,13:44:08, Lane 1 ,Fwd,FF,,285,2,61,,2,8.87,,,,,,,,,,,,,,,,,,,,,,,,8.87,-,,,,,,,,,,,,,,,,,,,,,,,,,-,-,,,,,,,,,,,,,,,,,,,,,,,,,
,04-22-2015,13:44:10, Lane 1 ,Fwd,FF,,286,2,64,,2,9.73,,,,,,,,,,,,,,,,,,,,,,,,9.73,-,,,,,,,,,,,,,,,,,,,,,,,,,-,-,,,,,,,,,,,,,,,,,,,,,,,,,
,04-22-2015,13:44:13, Lane 1 ,Fwd,FF,,287,2,63,,2,10.14,,,,,,,,,,,,,,,,,,,,,,,,10.14,-,,,,,,,,,,,,,,,,,,,,,,,,,-,-,,,,,,,,,,,,,,,,,,,,,,,,,
,04-22-2015,13:44:14, Lane 1 ,Fwd,FF,,288,2,63,,2,9.05,,,,,,,,,,,,,,,,,,,,,,,,9.05,-,,,,,,,,,,,,,,,,,,,,,,,,,-,-,,,,,,,,,,,,,,,,,,,,,,,,,
,04-22-2015,13:44:17, Lane 1 ,Fwd,FF,,289,2,63,,2,9.12,,,,,,,,,,,,,,,,,,,,,,,,9.12,-,,,,,,,,,,,,,,,,,,,,,,,,,-,-,,,,,,,,,,,,,,,,,,,,,,,,,
,04-22-2015,13:44:23, Lane 1 ,Fwd,FF,,290,2,63,,2,9.05,,,,,,,,,,,,,,,,,,,,,,,,9.05,-,,,,,,,,,,,,,,,,,,,,,,,,,-,-,,,,,,,,,,,,,,,,,,,,,,,,,
,04-22-2015,13:44:37, Lane 1 ,Fwd,FF,,291,2,52,,2,8.71,,,,,,,,,,,,,,,,,,,,,,,,8.71,-,,,,,,,,,,,,,,,,,,,,,,,,,-,-,,,,,,,,,,,,,,,,,,,,,,,,,
,04-22-2015,13:44:39, Lane 1 ,Fwd,FF,,292,3,59,,2,10.87,,,,,,,,,,,,,,,,,,,,,,,,10.87,-,,,,,,,,,,,,,,,,,,,,,,,,,-,-,,,,,,,,,,,,,,,,,,,,,,,,,
,04-22-2015,13:44:43, Lane 1 ,Fwd,FF,,293,2,60,,2,8.83,,,,,,,,,,,,,,,,,,,,,,,,8.83,-,,,,,,,,,,,,,,,,,,,,,,,,,-,-,,,,,,,,,,,,,,,,,,,,,,,,,
,04-22-2015,13:45:23, Lane 1 ,Fwd,FF,,294,5,55,,2,14.51,,,,,,,,,,,,,,,,,,,,,,,,14.51,-,,,,,,,,,,,,,,,,,,,,,,,,,-,-,,,,,,,,,,,,,,,,,,,,,,,,,
,04-22-2015,13:45:24, Lane 1 ,Fwd,FF,,295,2,55,,2,9.25,,,,,,,,,,,,,,,,,,,,,,,,9.25,-,,,,,,,,,,,,,,,,,,,,,,,,,-,-,,,,,,,,,,,,,,,,,,,,,,,,,
,04-22-2015,13:45:25, Lane 1 ,Fwd,FF,,296,3,56,,2,11.34,,,,,,,,,,,,,,,,,,,,,,,,11.34,-,,,,,,,,,,,,,,,,,,,,,,,,,-,-,,,,,,,,,,,,,,,,,,,,,,,,,
,04-22-2015,13:45:29, Lane 1 ,Fwd,FF,,297,2,63,,2,9.80,,,,,,,,,,,,,,,,,,,,,,,,9.80,-,,,,,,,,,,,,,,,,,,,,,,,,,-,-,,,,,,,,,,,,,,,,,,,,,,,,,
,04-22-2015,13:45:32, Lane 1 ,Fwd,FF,,298,2,63,,2,8.80,,,,,,,,,,,,,,,,,,,,,,,,8.80,-,,,,,,,,,,,,,,,,,,,,,,,,,-,-,,,,,,,,,,,,,,,,,,,,,,,,,
,04-22-2015,13:45:35, Lane 1 ,Fwd,FF,,299,3,61,,2,11.91,,,,,,,,,,,,,,,,,,,,,,,,11.91,-,,,,,,,,,,,,,,,,,,,,,,,,,-,-,,,,,,,,,,,,,,,,,,,,,,,,,
,04-22-2015,13:45:53, Lane 1 ,Fwd,FF,,300,3,61,,2,12.80,,,,,,,,,,,,,,,,,,,,,,,,12.80,-,,,,,,,,,,,,,,,,,,,,,,,,,-,-,,,,,,,,,,,,,,,,,,,,,,,,,
,04-22-2015,13:45:55, Lane 1 ,Fwd,FF,,301,3,62,,2,10.29,,,,,,,,,,,,,,,,,,,,,,,,10.29,-,,,,,,,,,,,,,,,,,,,,,,,,,-,-,,,,,,,,,,,,,,,,,,,,,,,,,
,04-22-2015,13:46:00, Lane 1 ,Fwd,FF,,302,3,62,,2,11.82,,,,,,,,,,,,,,,,,,,,,,,,11.82,-,,,,,,,,,,,,,,,,,,,,,,,,,-,-,,,,,,,,,,,,,,,,,,,,,,,,,
,04-22-2015,13:46:31, Lane 1 ,Fwd,FF,,303,5,50,,2,15.20,,,,,,,,,,,,,,,,,,,,,,,,15.20,-,,,,,,,,,,,,,,,,,,,,,,,,,-,-,,,,,,,,,,,,,,,,,,,,,,,,,
,04-22-2015,13:46:36, Lane 1 ,Fwd,FF,,304,2,48,,2,10.04,,,,,,,,,,,,,,,,,,,,,,,,10.04,-,,,,,,,,,,,,,,,,,,,,,,,,,-,-,,,,,,,,,,,,,,,,,,,,,,,,,
,04-22-2015,13:46:38, Lane 1 ,Fwd,FF,,305,2,49,,2,8.98,,,,,,,,,,,,,,,,,,,,,,,,8.98,-,,,,,,,,,,,,,,,,,,,,,,,,,-,-,,,,,,,,,,,,,,,,,,,,,,,,,
,04-22-2015,13:46:40, Lane 1 ,Fwd,FF,,306,3,48,,2,11.23,,,,,,,,,,,,,,,,,,,,,,,,11.23,-,,,,,,,,,,,,,,,,,,,,,,,,,-,-,,,,,,,,,,,,,,,,,,,,,,,,,
,04-22-2015,13:46:41, Lane 1 ,Fwd,FF,,307,2,48,,2,9.74,,,,,,,,,,,,,,,,,,,,,,,,9.74,-,,,,,,,,,,,,,,,,,,,,,,,,,-,-,,,,,,,,,,,,,,,,,,,,,,,,,
,04-22-2015,13:46:42, Lane 1 ,Fwd,FF,,308,9,47,,5,17.18,4.27,28.83,4.07,,,,,,,,,,,,,,,,,,,,,54.35,-,,,,,,,,,,,,,,,,,,,,,,,,,-,-,,,,,,,,,,,,,,,,,,,,,,,,,
,04-22-2015,13:46:44, Lane 1 ,Fwd,FF,,309,2,46,,2,8.98,,,,,,,,,,,,,,,,,,,,,,,,8.98,-,,,,,,,,,,,,,,,,,,,,,,,,,-,-,,,,,,,,,,,,,,,,,,,,,,,,,
,04-22-2015,13:46:46, Lane 1 ,Fwd,FF,,310,2,47,,2,9.04,,,,,,,,,,,,,,,,,,,,,,,,9.04,-,,,,,,,,,,,,,,,,,,,,,,,,,-,-,,,,,,,,,,,,,,,,,,,,,,,,,
,04-22-2015,13:46:56, Lane 1 ,Fwd,FF,,311,2,41,,2,8.79,,,,,,,,,,,,,,,,,,,,,,,,8.79,-,,,,,,,,,,,,,,,,,,,,,,,,,-,-,,,,,,,,,,,,,,,,,,,,,,,,,
,04-22-2015,13:47:00, Lane 1 ,Fwd,FF,,312,2,53,,4,14.16,13.08,2.85,,,,,,,,,,,,,,,,,,,,,,30.09,-,,,,,,,,,,,,,,,,,,,,,,,,,-,-,,,,,,,,,,,,,,,,,,,,,,,,,
,04-22-2015,13:47:08, Lane 1 ,Fwd,FF,,313,3,60,,2,11.47,,,,,,,,,,,,,,,,,,,,,,,,11.47,-,,,,,,,,,,,,,,,,,,,,,,,,,-,-,,,,,,,,,,,,,,,,,,,,,,,,,
,04-22-2015,13:47:18, Lane 1 ,Fwd,FF,,314,2,56,,2,9.10,,,,,,,,,,,,,,,,,,,,,,,,9.10,-,,,,,,,,,,,,,,,,,,,,,,,,,-,-,,,,,,,,,,,,,,,,,,,,,,,,,
,04-22-2015,13:47:21, Lane 1 ,Fwd,FF,,315,2,60,,2,9.72,,,,,,,,,,,,,,,,,,,,,,,,9.72,-,,,,,,,,,,,,,,,,,,,,,,,,,-,-,,,,,,,,,,,,,,,,,,,,,,,,,
,04-22-2015,13:47:23, Lane 1 ,Fwd,FF,,316,2,60,,2,8.67,,,,,,,,,,,,,,,,,,,,,,,,8.67,-,,,,,,,,,,,,,,,,,,,,,,,,,-,-,,,,,,,,,,,,,,,,,,,,,,,,,
,04-22-2015,13:47:25, Lane 1 ,Fwd,FF,,317,2,63,,2,8.49,,,,,,,,,,,,,,,,,,,,,,,,8.49,-,,,,,,,,,,,,,,,,,,,,,,,,,-,-,,,,,,,,,,,,,,,,,,,,,,,,,
,04-22-2015,13:47:28, Lane 1 ,Fwd,FF,,318,2,60,,2,9.00,,,,,,,,,,,,,,,,,,,,,,,,9.00,-,,,,,,,,,,,,,,,,,,,,,,,,,-,-,,,,,,,,,,,,,,,,,,,,,,,,,
,04-22-2015,13:47:33, Lane 1 ,Fwd,FF,,319,3,63,,2,12.65,,,,,,,,,,,,,,,,,,,,,,,,12.65,-,,,,,,,,,,,,,,,,,,,,,,,,,-,-,,,,,,,,,,,,,,,,,,,,,,,,,
,04-22-2015,13:47:41, Lane 1 ,Fwd,FF,,320,2,64,,2,9.38,,,,,,,,,,,,,,,,,,,,,,,,9.38,-,,,,,,,,,,,,,,,,,,,,,,,,,-,-,,,,,,,,,,,,,,,,,,,,,,,,,
,04-22-2015,13:48:02, Lane 1 ,Fwd,FF,,321,3,63,,2,11.63,,,,,,,,,,,,,,,,,,,,,,,,11.63,-,,,,,,,,,,,,,,,,,,,,,,,,,-,-,,,,,,,,,,,,,,,,,,,,,,,,,
,04-22-2015,13:48:12, Lane 1 ,Fwd,FF,,322,2,63,,2,8.89,,,,,,,,,,,,,,,,,,,,,,,,8.89,-,,,,,,,,,,,,,,,,,,,,,,,,,-,-,,,,,,,,,,,,,,,,,,,,,,,,,
,04-22-2015,13:48:24, Lane 1 ,Fwd,FF,,323,3,52,,2,13.00,,,,,,,,,,,,,,,,,,,,,,,,13.00,-,,,,,,,,,,,,,,,,,,,,,,,,,-,-,,,,,,,,,,,,,,,,,,,,,,,,,
,04-22-2015,13:48:26, Lane 1 ,Fwd,FF,,324,2,53,,2,9.14,,,,,,,,,,,,,,,,,,,,,,,,9.14,-,,,,,,,,,,,,,,,,,,,,,,,,,-,-,,,,,,,,,,,,,,,,,,,,,,,,,
,04-22-2015,13:48:27, Lane 1 ,Fwd,FF,,325,2,52,,2,9.72,,,,,,,,,,,,,,,,,,,,,,,,9.72,-,,,,,,,,,,,,,,,,,,,,,,,,,-,-,,,,,,,,,,,,,,,,,,,,,,,,,
,04-22-2015,13:48:28, Lane 1 ,Fwd,FF,,326,3,52,,2,11.47,,,,,,,,,,,,,,,,,,,,,,,,11.47,-,,,,,,,,,,,,,,,,,,,,,,,,,-,-,,,,,,,,,,,,,,,,,,,,,,,,,
,04-22-2015,13:48:32, Lane 1 ,Fwd,FF,,327,3,50,,2,12.73,,,,,,,,,,,,,,,,,,,,,,,,12.73,-,,,,,,,,,,,,,,,,,,,,,,,,,-,-,,,,,,,,,,,,,,,,,,,,,,,,,
,04-22-2015,13:48:33, Lane 1 ,Fwd,FF,,328,2,54,,2,9.08,,,,,,,,,,,,,,,,,,,,,,,,9.08,-,,,,,,,,,,,,,,,,,,,,,,,,,-,-,,,,,,,,,,,,,,,,,,,,,,,,,
,04-22-2015,13:48:53, Lane 1 ,Fwd,FF,,329,2,62,,2,9.18,,,,,,,,,,,,,,,,,,,,,,,,9.18,-,,,,,,,,,,,,,,,,,,,,,,,,,-,-,,,,,,,,,,,,,,,,,,,,,,,,,
,04-22-2015,13:50:24, Lane 1 ,Fwd,FF,,330,2,55,,2,9.34,,,,,,,,,,,,,,,,,,,,,,,,9.34,-,,,,,,,,,,,,,,,,,,,,,,,,,-,-,,,,,,,,,,,,,,,,,,,,,,,,,
,04-22-2015,13:50:25, Lane 1 ,Fwd,FF,,331,2,54,,2,9.30,,,,,,,,,,,,,,,,,,,,,,,,9.30,-,,,,,,,,,,,,,,,,,,,,,,,,,-,-,,,,,,,,,,,,,,,,,,,,,,,,,
,04-22-2015,13:50:27, Lane 1 ,Fwd,FF,,332,3,54,,2,10.90,,,,,,,,,,,,,,,,,,,,,,,,10.90,-,,,,,,,,,,,,,,,,,,,,,,,,,-,-,,,,,,,,,,,,,,,,,,,,,,,,,
,04-22-2015,13:50:28, Lane 1 ,Fwd,FF,,333,2,54,,2,9.69,,,,,,,,,,,,,,,,,,,,,,,,9.69,-,,,,,,,,,,,,,,,,,,,,,,,,,-,-,,,,,,,,,,,,,,,,,,,,,,,,,
,04-22-2015,13:50:29, Lane 1 ,Fwd,FF,,334,2,55,,2,8.35,,,,,,,,,,,,,,,,,,,,,,,,8.35,-,,,,,,,,,,,,,,,,,,,,,,,,,-,-,,,,,,,,,,,,,,,,,,,,,,,,,
,04-22-2015,13:50:30, Lane 1 ,Fwd,FF,,335,3,56,,2,11.84,,,,,,,,,,,,,,,,,,,,,,,,11.84,-,,,,,,,,,,,,,,,,,,,,,,,,,-,-,,,,,,,,,,,,,,,,,,,,,,,,,
,04-22-2015,13:50:32, Lane 1 ,Fwd,FF,,336,2,57,,2,9.31,,,,,,,,,,,,,,,,,,,,,,,,9.31,-,,,,,,,,,,,,,,,,,,,,,,,,,-,-,,,,,,,,,,,,,,,,,,,,,,,,,
,04-22-2015,13:50:33, Lane 1 ,Fwd,FF,,337,3,57,,2,10.99,,,,,,,,,,,,,,,,,,,,,,,,10.99,-,,,,,,,,,,,,,,,,,,,,,,,,,-,-,,,,,,,,,,,,,,,,,,,,,,,,,
,04-22-2015,13:51:05, Lane 1 ,Fwd,FF,,338,2,58,,2,9.02,,,,,,,,,,,,,,,,,,,,,,,,9.02,-,,,,,,,,,,,,,,,,,,,,,,,,,-,-,,,,,,,,,,,,,,,,,,,,,,,,,
,04-22-2015,13:51:13, Lane 1 ,Fwd,FF,,339,2,67,,2,8.85,,,,,,,,,,,,,,,,,,,,,,,,8.85,-,,,,,,,,,,,,,,,,,,,,,,,,,-,-,,,,,,,,,,,,,,,,,,,,,,,,,
,04-22-2015,13:52:14, Lane 1 ,Fwd,FF,,340,2,53,,2,9.51,,,,,,,,,,,,,,,,,,,,,,,,9.51,-,,,,,,,,,,,,,,,,,,,,,,,,,-,-,,,,,,,,,,,,,,,,,,,,,,,,,
,04-22-2015,13:52:15, Lane 1 ,Fwd,FF,,341,2,58,,2,8.77,,,,,,,,,,,,,,,,,,,,,,,,8.77,-,,,,,,,,,,,,,,,,,,,,,,,,,-,-,,,,,,,,,,,,,,,,,,,,,,,,,
,04-22-2015,13:52:48, Lane 1 ,Fwd,FF,,342,5,65,,2,14.19,,,,,,,,,,,,,,,,,,,,,,,,14.19,-,,,,,,,,,,,,,,,,,,,,,,,,,-,-,,,,,,,,,,,,,,,,,,,,,,,,,
,04-22-2015,13:53:04, Lane 1 ,Fwd,FF,,343,2,56,,2,8.52,,,,,,,,,,,,,,,,,,,,,,,,8.52,-,,,,,,,,,,,,,,,,,,,,,,,,,-,-,,,,,,,,,,,,,,,,,,,,,,,,,
,04-22-2015,13:53:10, Lane 1 ,Fwd,FF,,344,2,52,,2,8.87,,,,,,,,,,,,,,,,,,,,,,,,8.87,-,,,,,,,,,,,,,,,,,,,,,,,,,-,-,,,,,,,,,,,,,,,,,,,,,,,,,
,04-22-2015,13:53:13, Lane 1 ,Fwd,FF,,345,2,64,,2,10.02,,,,,,,,,,,,,,,,,,,,,,,,10.02,-,,,,,,,,,,,,,,,,,,,,,,,,,-,-,,,,,,,,,,,,,,,,,,,,,,,,,
,04-22-2015,13:53:16, Lane 1 ,Fwd,FF,,346,5,63,,2,13.66,,,,,,,,,,,,,,,,,,,,,,,,13.66,-,,,,,,,,,,,,,,,,,,,,,,,,,-,-,,,,,,,,,,,,,,,,,,,,,,,,,
,04-22-2015,13:53:30, Lane 1 ,Fwd,FF,,347,2,63,,2,9.53,,,,,,,,,,,,,,,,,,,,,,,,9.53,-,,,,,,,,,,,,,,,,,,,,,,,,,-,-,,,,,,,,,,,,,,,,,,,,,,,,,
,04-22-2015,13:53:44, Lane 1 ,Fwd,FF,,348,2,50,,2,8.84,,,,,,,,,,,,,,,,,,,,,,,,8.84,-,,,,,,,,,,,,,,,,,,,,,,,,,-,-,,,,,,,,,,,,,,,,,,,,,,,,,
,04-22-2015,13:53:52, Lane 1 ,Fwd,FF,,349,2,64,,2,9.19,,,,,,,,,,,,,,,,,,,,,,,,9.19,-,,,,,,,,,,,,,,,,,,,,,,,,,-,-,,,,,,,,,,,,,,,,,,,,,,,,,
,04-22-2015,13:53:53, Lane 1 ,Fwd,FF,,350,2,63,,2,7.88,,,,,,,,,,,,,,,,,,,,,,,,7.88,-,,,,,,,,,,,,,,,,,,,,,,,,,-,-,,,,,,,,,,,,,,,,,,,,,,,,,
,04-22-2015,13:55:01, Lane 1 ,Fwd,FF,,351,2,57,,2,9.17,,,,,,,,,,,,,,,,,,,,,,,,9.17,-,,,,,,,,,,,,,,,,,,,,,,,,,-,-,,,,,,,,,,,,,,,,,,,,,,,,,
,04-22-2015,13:55:02, Lane 1 ,Fwd,FF,,352,2,58,,2,9.04,,,,,,,,,,,,,,,,,,,,,,,,9.04,-,,,,,,,,,,,,,,,,,,,,,,,,,-,-,,,,,,,,,,,,,,,,,,,,,,,,,
,04-22-2015,13:55:07, Lane 1 ,Fwd,FF,,353,2,60,,2,9.46,,,,,,,,,,,,,,,,,,,,,,,,9.46,-,,,,,,,,,,,,,,,,,,,,,,,,,-,-,,,,,,,,,,,,,,,,,,,,,,,,,
,04-22-2015,13:55:23, Lane 1 ,Fwd,FF,,354,2,57,,2,8.39,,,,,,,,,,,,,,,,,,,,,,,,8.39,-,,,,,,,,,,,,,,,,,,,,,,,,,-,-,,,,,,,,,,,,,,,,,,,,,,,,,
,04-22-2015,13:55:24, Lane 1 ,Fwd,FF,,355,3,62,,2,10.38,,,,,,,,,,,,,,,,,,,,,,,,10.38,-,,,,,,,,,,,,,,,,,,,,,,,,,-,-,,,,,,,,,,,,,,,,,,,,,,,,,
,04-22-2015,13:55:26, Lane 1 ,Fwd,FF,,356,2,58,,2,9.64,,,,,,,,,,,,,,,,,,,,,,,,9.64,-,,,,,,,,,,,,,,,,,,,,,,,,,-,-,,,,,,,,,,,,,,,,,,,,,,,,,
,04-22-2015,13:55:35, Lane 1 ,Fwd,FF,,357,3,60,,3,11.91,11.65,,,,,,,,,,,,,,,,,,,,,,,23.56,-,,,,,,,,,,,,,,,,,,,,,,,,,-,-,,,,,,,,,,,,,,,,,,,,,,,,,
,04-22-2015,13:55:49, Lane 1 ,Fwd,FF,,358,3,54,,2,11.60,,,,,,,,,,,,,,,,,,,,,,,,11.60,-,,,,,,,,,,,,,,,,,,,,,,,,,-,-,,,,,,,,,,,,,,,,,,,,,,,,,
,04-22-2015,13:55:55, Lane 1 ,Fwd,FF,,359,3,67,,2,11.51,,,,,,,,,,,,,,,,,,,,,,,,11.51,-,,,,,,,,,,,,,,,,,,,,,,,,,-,-,,,,,,,,,,,,,,,,,,,,,,,,,
,04-22-2015,13:56:12, Lane 1 ,Fwd,FF,,360,2,65,,2,8.95,,,,,,,,,,,,,,,,,,,,,,,,8.95,-,,,,,,,,,,,,,,,,,,,,,,,,,-,-,,,,,,,,,,,,,,,,,,,,,,,,,
,04-22-2015,13:56:25, Lane 1 ,Fwd,FF,,361,1,60,,2,5.12,,,,,,,,,,,,,,,,,,,,,,,,5.12,-,,,,,,,,,,,,,,,,,,,,,,,,,-,-,,,,,,,,,,,,,,,,,,,,,,,,,
,04-22-2015,13:56:58, Lane 1 ,Fwd,FF,,362,1,58,,2,5.32,,,,,,,,,,,,,,,,,,,,,,,,5.32,-,,,,,,,,,,,,,,,,,,,,,,,,,-,-,,,,,,,,,,,,,,,,,,,,,,,,,
,04-22-2015,13:56:59, Lane 1 ,Fwd,FF,,363,2,58,,2,8.83,,,,,,,,,,,,,,,,,,,,,,,,8.83,-,,,,,,,,,,,,,,,,,,,,,,,,,-,-,,,,,,,,,,,,,,,,,,,,,,,,,
,04-22-2015,13:57:00, Lane 1 ,Fwd,FF,,364,2,58,,2,8.70,,,,,,,,,,,,,,,,,,,,,,,,8.70,-,,,,,,,,,,,,,,,,,,,,,,,,,-,-,,,,,,,,,,,,,,,,,,,,,,,,,
,04-22-2015,13:57:03, Lane 1 ,Fwd,FF,,365,9,62,,5,13.45,4.27,29.82,4.00,,,,,,,,,,,,,,,,,,,,,51.54,-,,,,,,,,,,,,,,,,,,,,,,,,,-,-,,,,,,,,,,,,,,,,,,,,,,,,,
,04-22-2015,13:57:08, Lane 1 ,Fwd,FF,,366,2,62,,2,8.91,,,,,,,,,,,,,,,,,,,,,,,,8.91,-,,,,,,,,,,,,,,,,,,,,,,,,,-,-,,,,,,,,,,,,,,,,,,,,,,,,,
,04-22-2015,13:57:11, Lane 1 ,Fwd,FF,,367,2,59,,2,9.30,,,,,,,,,,,,,,,,,,,,,,,,9.30,-,,,,,,,,,,,,,,,,,,,,,,,,,-,-,,,,,,,,,,,,,,,,,,,,,,,,,
,04-22-2015,13:57:14, Lane 1 ,Fwd,FF,,368,3,58,,2,12.26,,,,,,,,,,,,,,,,,,,,,,,,12.26,-,,,,,,,,,,,,,,,,,,,,,,,,,-,-,,,,,,,,,,,,,,,,,,,,,,,,,
,04-22-2015,13:57:33, Lane 1 ,Fwd,FF,,369,5,61,,2,13.52,,,,,,,,,,,,,,,,,,,,,,,,13.52,-,,,,,,,,,,,,,,,,,,,,,,,,,-,-,,,,,,,,,,,,,,,,,,,,,,,,,
,04-22-2015,13:57:35, Lane 1 ,Fwd,FF,,370,2,60,,2,9.18,,,,,,,,,,,,,,,,,,,,,,,,9.18,-,,,,,,,,,,,,,,,,,,,,,,,,,-,-,,,,,,,,,,,,,,,,,,,,,,,,,
,04-22-2015,13:57:57, Lane 1 ,Fwd,FF,,371,3,51,,4,12.75,13.79,2.98,,,,,,,,,,,,,,,,,,,,,,29.52,-,,,,,,,,,,,,,,,,,,,,,,,,,-,-,,,,,,,,,,,,,,,,,,,,,,,,,
,04-22-2015,13:57:59, Lane 1 ,Fwd,FF,,372,2,51,,2,8.55,,,,,,,,,,,,,,,,,,,,,,,,8.55,-,,,,,,,,,,,,,,,,,,,,,,,,,-,-,,,,,,,,,,,,,,,,,,,,,,,,,
,04-22-2015,13:58:00, Lane 1 ,Fwd,FF,,373,2,51,,2,9.19,,,,,,,,,,,,,,,,,,,,,,,,9.19,-,,,,,,,,,,,,,,,,,,,,,,,,,-,-,,,,,,,,,,,,,,,,,,,,,,,,,
,04-22-2015,13:58:02, Lane 1 ,Fwd,FF,,374,3,51,,2,12.23,,,,,,,,,,,,,,,,,,,,,,,,12.23,-,,,,,,,,,,,,,,,,,,,,,,,,,-,-,,,,,,,,,,,,,,,,,,,,,,,,,
,04-22-2015,13:58:03, Lane 1 ,Fwd,FF,,375,2,50,,2,9.35,,,,,,,,,,,,,,,,,,,,,,,,9.35,-,,,,,,,,,,,,,,,,,,,,,,,,,-,-,,,,,,,,,,,,,,,,,,,,,,,,,
,04-22-2015,13:58:05, Lane 1 ,Fwd,FF,,376,2,53,,2,8.18,,,,,,,,,,,,,,,,,,,,,,,,8.18,-,,,,,,,,,,,,,,,,,,,,,,,,,-,-,,,,,,,,,,,,,,,,,,,,,,,,,
,04-22-2015,13:59:10, Lane 1 ,Fwd,FF,,377,2,67,,2,8.76,,,,,,,,,,,,,,,,,,,,,,,,8.76,-,,,,,,,,,,,,,,,,,,,,,,,,,-,-,,,,,,,,,,,,,,,,,,,,,,,,,
,04-22-2015,13:59:22, Lane 1 ,Fwd,FF,,378,3,58,,2,11.66,,,,,,,,,,,,,,,,,,,,,,,,11.66,-,,,,,,,,,,,,,,,,,,,,,,,,,-,-,,,,,,,,,,,,,,,,,,,,,,,,,
,04-22-2015,13:59:27, Lane 1 ,Fwd,FF,,379,2,64,,2,8.53,,,,,,,,,,,,,,,,,,,,,,,,8.53,-,,,,,,,,,,,,,,,,,,,,,,,,,-,-,,,,,,,,,,,,,,,,,,,,,,,,,
,04-22-2015,13:59:39, Lane 1 ,Fwd,FF,,380,2,58,,2,8.94,,,,,,,,,,,,,,,,,,,,,,,,8.94,-,,,,,,,,,,,,,,,,,,,,,,,,,-,-,,,,,,,,,,,,,,,,,,,,,,,,,
,04-22-2015,13:59:47, Lane 1 ,Fwd,FF,,381,2,58,,2,8.60,,,,,,,,,,,,,,,,,,,,,,,,8.60,-,,,,,,,,,,,,,,,,,,,,,,,,,-,-,,,,,,,,,,,,,,,,,,,,,,,,,
,04-22-2015,13:59:59, Lane 1 ,Fwd,FF,,1,2,68,,2,8.63,,,,,,,,,,,,,,,,,,,,,,,,8.63,-,,,,,,,,,,,,,,,,,,,,,,,,,-,-,,,,,,,,,,,,,,,,,,,,,,,,,
,04-22-2015,14:00:26, Lane 1 ,Fwd,FF,,2,2,60,,2,8.56,,,,,,,,,,,,,,,,,,,,,,,,8.56,-,,,,,,,,,,,,,,,,,,,,,,,,,-,-,,,,,,,,,,,,,,,,,,,,,,,,,
,04-22-2015,14:00:27, Lane 1 ,Fwd,FF,,3,3,60,,3,11.74,12.36,,,,,,,,,,,,,,,,,,,,,,,24.10,-,,,,,,,,,,,,,,,,,,,,,,,,,-,-,,,,,,,,,,,,,,,,,,,,,,,,,
,04-22-2015,14:00:30, Lane 1 ,Fwd,FF,,4,2,60,,2,9.88,,,,,,,,,,,,,,,,,,,,,,,,9.88,-,,,,,,,,,,,,,,,,,,,,,,,,,-,-,,,,,,,,,,,,,,,,,,,,,,,,,
,04-22-2015,14:00:36, Lane 1 ,Fwd,FF,,5,2,57,,2,8.50,,,,,,,,,,,,,,,,,,,,,,,,8.50,-,,,,,,,,,,,,,,,,,,,,,,,,,-,-,,,,,,,,,,,,,,,,,,,,,,,,,
,04-22-2015,14:00:37, Lane 1 ,Fwd,FF,,6,2,57,,2,9.08,,,,,,,,,,,,,,,,,,,,,,,,9.08,-,,,,,,,,,,,,,,,,,,,,,,,,,-,-,,,,,,,,,,,,,,,,,,,,,,,,,
,04-22-2015,14:00:42, Lane 1 ,Fwd,FF,,7,2,63,,2,10.15,,,,,,,,,,,,,,,,,,,,,,,,10.15,-,,,,,,,,,,,,,,,,,,,,,,,,,-,-,,,,,,,,,,,,,,,,,,,,,,,,,
,04-22-2015,14:00:44, Lane 1 ,Fwd,FF,,8,3,60,,3,11.47,16.41,,,,,,,,,,,,,,,,,,,,,,,27.88,-,,,,,,,,,,,,,,,,,,,,,,,,,-,-,,,,,,,,,,,,,,,,,,,,,,,,,
,04-22-2015,14:00:47, Lane 1 ,Fwd,FF,,9,2,58,,2,7.72,,,,,,,,,,,,,,,,,,,,,,,,7.72,-,,,,,,,,,,,,,,,,,,,,,,,,,-,-,,,,,,,,,,,,,,,,,,,,,,,,,
,04-22-2015,14:00:51, Lane 1 ,Fwd,FF,,10,2,56,,2,8.39,,,,,,,,,,,,,,,,,,,,,,,,8.39,-,,,,,,,,,,,,,,,,,,,,,,,,,-,-,,,,,,,,,,,,,,,,,,,,,,,,,
,04-22-2015,14:00:57, Lane 1 ,Rev,FF,,11,9,57,,5,16.45,4.11,32.65,3.94,,,,,,,,,,,,,,,,,,,,,57.15,-,,,,,,,,,,,,,,,,,,,,,,,,,-,-,,,,,,,,,,,,,,,,,,,,,,,,,
,04-22-2015,14:01:15, Lane 1 ,Fwd,FF,,12,3,60,,2,11.30,,,,,,,,,,,,,,,,,,,,,,,,11.30,-,,,,,,,,,,,,,,,,,,,,,,,,,-,-,,,,,,,,,,,,,,,,,,,,,,,,,
,04-22-2015,14:01:19, Lane 1 ,Fwd,FF,,13,2,62,,2,10.00,,,,,,,,,,,,,,,,,,,,,,,,10.00,-,,,,,,,,,,,,,,,,,,,,,,,,,-,-,,,,,,,,,,,,,,,,,,,,,,,,,
,04-22-2015,14:01:26, Lane 1 ,Fwd,FF,,14,3,57,,2,11.92,,,,,,,,,,,,,,,,,,,,,,,,11.92,-,,,,,,,,,,,,,,,,,,,,,,,,,-,-,,,,,,,,,,,,,,,,,,,,,,,,,
,04-22-2015,14:01:29, Lane 1 ,Fwd,FF,,15,2,68,,2,9.42,,,,,,,,,,,,,,,,,,,,,,,,9.42,-,,,,,,,,,,,,,,,,,,,,,,,,,-,-,,,,,,,,,,,,,,,,,,,,,,,,,
,04-22-2015,14:01:31, Lane 1 ,Fwd,FF,,16,2,65,,2,8.76,,,,,,,,,,,,,,,,,,,,,,,,8.76,-,,,,,,,,,,,,,,,,,,,,,,,,,-,-,,,,,,,,,,,,,,,,,,,,,,,,,
,04-22-2015,14:01:41, Lane 1 ,Fwd,FF,,17,2,63,,2,8.43,,,,,,,,,,,,,,,,,,,,,,,,8.43,-,,,,,,,,,,,,,,,,,,,,,,,,,-,-,,,,,,,,,,,,,,,,,,,,,,,,,
,04-22-2015,14:01:48, Lane 1 ,Fwd,FF,,18,2,57,,2,9.23,,,,,,,,,,,,,,,,,,,,,,,,9.23,-,,,,,,,,,,,,,,,,,,,,,,,,,-,-,,,,,,,,,,,,,,,,,,,,,,,,,
,04-22-2015,14:02:04, Lane 1 ,Fwd,FF,,19,2,61,,2,10.05,,,,,,,,,,,,,,,,,,,,,,,,10.05,-,,,,,,,,,,,,,,,,,,,,,,,,,-,-,,,,,,,,,,,,,,,,,,,,,,,,,
,04-22-2015,14:02:19, Lane 1 ,Fwd,FF,,20,2,58,,2,9.02,,,,,,,,,,,,,,,,,,,,,,,,9.02,-,,,,,,,,,,,,,,,,,,,,,,,,,-,-,,,,,,,,,,,,,,,,,,,,,,,,,
,04-22-2015,14:02:33, Lane 1 ,Fwd,FF,,21,3,59,,2,12.86,,,,,,,,,,,,,,,,,,,,,,,,12.86,-,,,,,,,,,,,,,,,,,,,,,,,,,-,-,,,,,,,,,,,,,,,,,,,,,,,,,
,04-22-2015,14:03:33, Lane 1 ,Fwd,FF,,22,2,51,,3,8.94,14.61,,,,,,,,,,,,,,,,,,,,,,,23.55,-,,,,,,,,,,,,,,,,,,,,,,,,,-,-,,,,,,,,,,,,,,,,,,,,,,,,,
,04-22-2015,14:03:34, Lane 1 ,Fwd,FF,,23,3,50,,2,11.42,,,,,,,,,,,,,,,,,,,,,,,,11.42,-,,,,,,,,,,,,,,,,,,,,,,,,,-,-,,,,,,,,,,,,,,,,,,,,,,,,,
,04-22-2015,14:03:38, Lane 1 ,Fwd,FF,,24,3,54,,2,11.92,,,,,,,,,,,,,,,,,,,,,,,,11.92,-,,,,,,,,,,,,,,,,,,,,,,,,,-,-,,,,,,,,,,,,,,,,,,,,,,,,,
,04-22-2015,14:03:41, Lane 1 ,Fwd,FF,,25,2,57,,2,9.33,,,,,,,,,,,,,,,,,,,,,,,,9.33,-,,,,,,,,,,,,,,,,,,,,,,,,,-,-,,,,,,,,,,,,,,,,,,,,,,,,,
,04-22-2015,14:03:42, Lane 1 ,Fwd,FF,,26,2,59,,2,8.89,,,,,,,,,,,,,,,,,,,,,,,,8.89,-,,,,,,,,,,,,,,,,,,,,,,,,,-,-,,,,,,,,,,,,,,,,,,,,,,,,,
,04-22-2015,14:03:43, Lane 1 ,Fwd,FF,,27,2,61,,2,9.25,,,,,,,,,,,,,,,,,,,,,,,,9.25,-,,,,,,,,,,,,,,,,,,,,,,,,,-,-,,,,,,,,,,,,,,,,,,,,,,,,,
,04-22-2015,14:03:44, Lane 1 ,Fwd,FF,,28,2,62,,2,8.57,,,,,,,,,,,,,,,,,,,,,,,,8.57,-,,,,,,,,,,,,,,,,,,,,,,,,,-,-,,,,,,,,,,,,,,,,,,,,,,,,,
,04-22-2015,14:03:48, Lane 1 ,Fwd,FF,,29,2,59,,2,8.70,,,,,,,,,,,,,,,,,,,,,,,,8.70,-,,,,,,,,,,,,,,,,,,,,,,,,,-,-,,,,,,,,,,,,,,,,,,,,,,,,,
,04-22-2015,14:03:50, Lane 1 ,Fwd,FF,,30,3,57,,2,11.42,,,,,,,,,,,,,,,,,,,,,,,,11.42,-,,,,,,,,,,,,,,,,,,,,,,,,,-,-,,,,,,,,,,,,,,,,,,,,,,,,,
,04-22-2015,14:03:51, Lane 1 ,Fwd,FF,,31,2,58,,2,8.85,,,,,,,,,,,,,,,,,,,,,,,,8.85,-,,,,,,,,,,,,,,,,,,,,,,,,,-,-,,,,,,,,,,,,,,,,,,,,,,,,,
,04-22-2015,14:03:53, Lane 1 ,Fwd,FF,,32,2,60,,2,9.80,,,,,,,,,,,,,,,,,,,,,,,,9.80,-,,,,,,,,,,,,,,,,,,,,,,,,,-,-,,,,,,,,,,,,,,,,,,,,,,,,,
,04-22-2015,14:03:55, Lane 1 ,Fwd,FF,,33,2,56,,2,9.95,,,,,,,,,,,,,,,,,,,,,,,,9.95,-,,,,,,,,,,,,,,,,,,,,,,,,,-,-,,,,,,,,,,,,,,,,,,,,,,,,,
,04-22-2015,14:03:57, Lane 1 ,Fwd,FF,,34,2,58,,2,9.80,,,,,,,,,,,,,,,,,,,,,,,,9.80,-,,,,,,,,,,,,,,,,,,,,,,,,,-,-,,,,,,,,,,,,,,,,,,,,,,,,,
,04-22-2015,14:03:59, Lane 1 ,Fwd,FF,,35,2,58,,2,9.64,,,,,,,,,,,,,,,,,,,,,,,,9.64,-,,,,,,,,,,,,,,,,,,,,,,,,,-,-,,,,,,,,,,,,,,,,,,,,,,,,,
,04-22-2015,14:04:01, Lane 1 ,Fwd,FF,,36,2,57,,2,9.73,,,,,,,,,,,,,,,,,,,,,,,,9.73,-,,,,,,,,,,,,,,,,,,,,,,,,,-,-,,,,,,,,,,,,,,,,,,,,,,,,,
,04-22-2015,14:04:14, Lane 1 ,Fwd,FF,,37,2,54,,2,8.74,,,,,,,,,,,,,,,,,,,,,,,,8.74,-,,,,,,,,,,,,,,,,,,,,,,,,,-,-,,,,,,,,,,,,,,,,,,,,,,,,,
,04-22-2015,14:04:25, Lane 1 ,Fwd,FF,,38,2,67,,2,9.66,,,,,,,,,,,,,,,,,,,,,,,,9.66,-,,,,,,,,,,,,,,,,,,,,,,,,,-,-,,,,,,,,,,,,,,,,,,,,,,,,,
,04-22-2015,14:04:38, Lane 1 ,Fwd,FF,,39,3,55,,2,12.32,,,,,,,,,,,,,,,,,,,,,,,,12.32,-,,,,,,,,,,,,,,,,,,,,,,,,,-,-,,,,,,,,,,,,,,,,,,,,,,,,,
,04-22-2015,14:04:39, Lane 1 ,Fwd,FF,,40,2,57,,2,8.67,,,,,,,,,,,,,,,,,,,,,,,,8.67,-,,,,,,,,,,,,,,,,,,,,,,,,,-,-,,,,,,,,,,,,,,,,,,,,,,,,,
,04-22-2015,14:04:40, Lane 1 ,Fwd,FF,,41,5,56,,2,13.08,,,,,,,,,,,,,,,,,,,,,,,,13.08,-,,,,,,,,,,,,,,,,,,,,,,,,,-,-,,,,,,,,,,,,,,,,,,,,,,,,,
,04-22-2015,14:05:16, Lane 1 ,Fwd,FF,,42,3,58,,2,12.60,,,,,,,,,,,,,,,,,,,,,,,,12.60,-,,,,,,,,,,,,,,,,,,,,,,,,,-,-,,,,,,,,,,,,,,,,,,,,,,,,,
,04-22-2015,14:05:22, Lane 1 ,Fwd,FF,,43,2,70,,2,9.23,,,,,,,,,,,,,,,,,,,,,,,,9.23,-,,,,,,,,,,,,,,,,,,,,,,,,,-,-,,,,,,,,,,,,,,,,,,,,,,,,,
,04-22-2015,14:05:25, Lane 1 ,Fwd,FF,,44,2,63,,2,8.86,,,,,,,,,,,,,,,,,,,,,,,,8.86,-,,,,,,,,,,,,,,,,,,,,,,,,,-,-,,,,,,,,,,,,,,,,,,,,,,,,,
,04-22-2015,14:05:26, Lane 1 ,Fwd,FF,,45,2,63,,2,8.75,,,,,,,,,,,,,,,,,,,,,,,,8.75,-,,,,,,,,,,,,,,,,,,,,,,,,,-,-,,,,,,,,,,,,,,,,,,,,,,,,,
,04-22-2015,14:05:31, Lane 1 ,Fwd,FF,,46,2,60,,2,8.94,,,,,,,,,,,,,,,,,,,,,,,,8.94,-,,,,,,,,,,,,,,,,,,,,,,,,,-,-,,,,,,,,,,,,,,,,,,,,,,,,,
,04-22-2015,14:05:33, Lane 1 ,Fwd,FF,,47,2,61,,2,8.71,,,,,,,,,,,,,,,,,,,,,,,,8.71,-,,,,,,,,,,,,,,,,,,,,,,,,,-,-,,,,,,,,,,,,,,,,,,,,,,,,,
,04-22-2015,14:06:24, Lane 1 ,Fwd,FF,,48,2,64,,2,8.44,,,,,,,,,,,,,,,,,,,,,,,,8.44,-,,,,,,,,,,,,,,,,,,,,,,,,,-,-,,,,,,,,,,,,,,,,,,,,,,,,,
,04-22-2015,14:07:02, Lane 1 ,Fwd,FF,,49,9,45,,5,6.70,8.29,4.44,12.73,,,,,,,,,,,,,,,,,,,,,32.16,-,,,,,,,,,,,,,,,,,,,,,,,,,-,-,,,,,,,,,,,,,,,,,,,,,,,,,
,04-22-2015,14:07:05, Lane 1 ,Fwd,FF,,50,2,46,,2,8.61,,,,,,,,,,,,,,,,,,,,,,,,8.61,-,,,,,,,,,,,,,,,,,,,,,,,,,-,-,,,,,,,,,,,,,,,,,,,,,,,,,
,04-22-2015,14:07:07, Lane 1 ,Fwd,FF,,51,2,48,,2,10.03,,,,,,,,,,,,,,,,,,,,,,,,10.03,-,,,,,,,,,,,,,,,,,,,,,,,,,-,-,,,,,,,,,,,,,,,,,,,,,,,,,
,04-22-2015,14:07:08, Lane 1 ,Fwd,FF,,52,2,49,,2,8.75,,,,,,,,,,,,,,,,,,,,,,,,8.75,-,,,,,,,,,,,,,,,,,,,,,,,,,-,-,,,,,,,,,,,,,,,,,,,,,,,,,
,04-22-2015,14:07:09, Lane 1 ,Fwd,FF,,53,2,50,,2,9.75,,,,,,,,,,,,,,,,,,,,,,,,9.75,-,,,,,,,,,,,,,,,,,,,,,,,,,-,-,,,,,,,,,,,,,,,,,,,,,,,,,
,04-22-2015,14:07:10, Lane 1 ,Fwd,FF,,54,2,50,,2,8.84,,,,,,,,,,,,,,,,,,,,,,,,8.84,-,,,,,,,,,,,,,,,,,,,,,,,,,-,-,,,,,,,,,,,,,,,,,,,,,,,,,
,04-22-2015,14:07:12, Lane 1 ,Fwd,FF,,55,6,50,,3,18.73,4.39,,,,,,,,,,,,,,,,,,,,,,,23.12,-,,,,,,,,,,,,,,,,,,,,,,,,,-,-,,,,,,,,,,,,,,,,,,,,,,,,,
,04-22-2015,14:07:13, Lane 1 ,Fwd,FF,,56,2,51,,2,8.52,,,,,,,,,,,,,,,,,,,,,,,,8.52,-,,,,,,,,,,,,,,,,,,,,,,,,,-,-,,,,,,,,,,,,,,,,,,,,,,,,,
,04-22-2015,14:07:15, Lane 1 ,Fwd,FF,,57,2,52,,2,8.43,,,,,,,,,,,,,,,,,,,,,,,,8.43,-,,,,,,,,,,,,,,,,,,,,,,,,,-,-,,,,,,,,,,,,,,,,,,,,,,,,,
,04-22-2015,14:07:16, Lane 1 ,Fwd,FF,,58,2,52,,2,8.94,,,,,,,,,,,,,,,,,,,,,,,,8.94,-,,,,,,,,,,,,,,,,,,,,,,,,,-,-,,,,,,,,,,,,,,,,,,,,,,,,,
,04-22-2015,14:07:18, Lane 1 ,Fwd,FF,,59,2,54,,3,9.46,15.34,,,,,,,,,,,,,,,,,,,,,,,24.80,-,,,,,,,,,,,,,,,,,,,,,,,,,-,-,,,,,,,,,,,,,,,,,,,,,,,,,
,04-22-2015,14:07:20, Lane 1 ,Fwd,FF,,60,2,54,,2,8.79,,,,,,,,,,,,,,,,,,,,,,,,8.79,-,,,,,,,,,,,,,,,,,,,,,,,,,-,-,,,,,,,,,,,,,,,,,,,,,,,,,
,04-22-2015,14:07:22, Lane 1 ,Fwd,FF,,61,2,55,,2,8.78,,,,,,,,,,,,,,,,,,,,,,,,8.78,-,,,,,,,,,,,,,,,,,,,,,,,,,-,-,,,,,,,,,,,,,,,,,,,,,,,,,
,04-22-2015,14:07:25, Lane 1 ,Fwd,FF,,62,2,63,,2,7.66,,,,,,,,,,,,,,,,,,,,,,,,7.66,-,,,,,,,,,,,,,,,,,,,,,,,,,-,-,,,,,,,,,,,,,,,,,,,,,,,,,
,04-22-2015,14:07:32, Lane 1 ,Fwd,FF,,63,2,59,,2,8.61,,,,,,,,,,,,,,,,,,,,,,,,8.61,-,,,,,,,,,,,,,,,,,,,,,,,,,-,-,,,,,,,,,,,,,,,,,,,,,,,,,
,04-22-2015,14:07:35, Lane 1 ,Fwd,FF,,64,3,63,,2,11.09,,,,,,,,,,,,,,,,,,,,,,,,11.09,-,,,,,,,,,,,,,,,,,,,,,,,,,-,-,,,,,,,,,,,,,,,,,,,,,,,,,
,04-22-2015,14:07:45, Lane 1 ,Fwd,FF,,65,2,58,,2,9.00,,,,,,,,,,,,,,,,,,,,,,,,9.00,-,,,,,,,,,,,,,,,,,,,,,,,,,-,-,,,,,,,,,,,,,,,,,,,,,,,,,
,04-22-2015,14:08:20, Lane 1 ,Fwd,FF,,66,4,60,,2,22.24,,,,,,,,,,,,,,,,,,,,,,,,22.24,-,,,,,,,,,,,,,,,,,,,,,,,,,-,-,,,,,,,,,,,,,,,,,,,,,,,,,
,04-22-2015,14:08:28, Lane 1 ,Fwd,FF,,67,2,53,,2,8.34,,,,,,,,,,,,,,,,,,,,,,,,8.34,-,,,,,,,,,,,,,,,,,,,,,,,,,-,-,,,,,,,,,,,,,,,,,,,,,,,,,
,04-22-2015,14:08:29, Lane 1 ,Fwd,FF,,68,2,54,,2,8.58,,,,,,,,,,,,,,,,,,,,,,,,8.58,-,,,,,,,,,,,,,,,,,,,,,,,,,-,-,,,,,,,,,,,,,,,,,,,,,,,,,
,04-22-2015,14:08:55, Lane 1 ,Fwd,FF,,69,2,58,,2,9.21,,,,,,,,,,,,,,,,,,,,,,,,9.21,-,,,,,,,,,,,,,,,,,,,,,,,,,-,-,,,,,,,,,,,,,,,,,,,,,,,,,
,04-22-2015,14:08:57, Lane 1 ,Fwd,FF,,70,3,62,,2,10.65,,,,,,,,,,,,,,,,,,,,,,,,10.65,-,,,,,,,,,,,,,,,,,,,,,,,,,-,-,,,,,,,,,,,,,,,,,,,,,,,,,
,04-22-2015,14:09:37, Lane 1 ,Fwd,FF,,71,6,54,,3,17.49,4.24,,,,,,,,,,,,,,,,,,,,,,,21.73,-,,,,,,,,,,,,,,,,,,,,,,,,,-,-,,,,,,,,,,,,,,,,,,,,,,,,,
,04-22-2015,14:09:40, Lane 1 ,Fwd,FF,,72,2,48,,2,8.93,,,,,,,,,,,,,,,,,,,,,,,,8.93,-,,,,,,,,,,,,,,,,,,,,,,,,,-,-,,,,,,,,,,,,,,,,,,,,,,,,,
,04-22-2015,14:09:41, Lane 1 ,Fwd,FF,,73,3,49,,2,12.51,,,,,,,,,,,,,,,,,,,,,,,,12.51,-,,,,,,,,,,,,,,,,,,,,,,,,,-,-,,,,,,,,,,,,,,,,,,,,,,,,,
,04-22-2015,14:09:46, Lane 1 ,Fwd,FF,,74,2,63,,2,8.46,,,,,,,,,,,,,,,,,,,,,,,,8.46,-,,,,,,,,,,,,,,,,,,,,,,,,,-,-,,,,,,,,,,,,,,,,,,,,,,,,,
,04-22-2015,14:09:48, Lane 1 ,Fwd,FF,,75,2,64,,2,9.35,,,,,,,,,,,,,,,,,,,,,,,,9.35,-,,,,,,,,,,,,,,,,,,,,,,,,,-,-,,,,,,,,,,,,,,,,,,,,,,,,,
,04-22-2015,14:09:51, Lane 1 ,Fwd,FF,,76,2,62,,2,9.29,,,,,,,,,,,,,,,,,,,,,,,,9.29,-,,,,,,,,,,,,,,,,,,,,,,,,,-,-,,,,,,,,,,,,,,,,,,,,,,,,,
,04-22-2015,14:09:58, Lane 1 ,Fwd,FF,,77,2,61,,2,8.80,,,,,,,,,,,,,,,,,,,,,,,,8.80,-,,,,,,,,,,,,,,,,,,,,,,,,,-,-,,,,,,,,,,,,,,,,,,,,,,,,,
,04-22-2015,14:10:29, Lane 1 ,Fwd,FF,,78,3,54,,2,11.76,,,,,,,,,,,,,,,,,,,,,,,,11.76,-,,,,,,,,,,,,,,,,,,,,,,,,,-,-,,,,,,,,,,,,,,,,,,,,,,,,,
,04-22-2015,14:10:51, Lane 1 ,Fwd,FF,,79,3,63,,2,10.44,,,,,,,,,,,,,,,,,,,,,,,,10.44,-,,,,,,,,,,,,,,,,,,,,,,,,,-,-,,,,,,,,,,,,,,,,,,,,,,,,,
,04-22-2015,14:10:56, Lane 1 ,Fwd,FF,,80,2,57,,2,9.06,,,,,,,,,,,,,,,,,,,,,,,,9.06,-,,,,,,,,,,,,,,,,,,,,,,,,,-,-,,,,,,,,,,,,,,,,,,,,,,,,,
,04-22-2015,14:10:57, Lane 1 ,Fwd,FF,,81,2,54,,2,8.66,,,,,,,,,,,,,,,,,,,,,,,,8.66,-,,,,,,,,,,,,,,,,,,,,,,,,,-,-,,,,,,,,,,,,,,,,,,,,,,,,,
,04-22-2015,14:11:01, Lane 1 ,Fwd,FF,,82,3,60,,2,10.95,,,,,,,,,,,,,,,,,,,,,,,,10.95,-,,,,,,,,,,,,,,,,,,,,,,,,,-,-,,,,,,,,,,,,,,,,,,,,,,,,,
,04-22-2015,14:11:03, Lane 1 ,Fwd,FF,,83,2,59,,2,9.67,,,,,,,,,,,,,,,,,,,,,,,,9.67,-,,,,,,,,,,,,,,,,,,,,,,,,,-,-,,,,,,,,,,,,,,,,,,,,,,,,,
,04-22-2015,14:11:08, Lane 1 ,Fwd,FF,,84,2,58,,2,8.74,,,,,,,,,,,,,,,,,,,,,,,,8.74,-,,,,,,,,,,,,,,,,,,,,,,,,,-,-,,,,,,,,,,,,,,,,,,,,,,,,,
,04-22-2015,14:11:11, Lane 1 ,Fwd,FF,,85,2,56,,2,8.30,,,,,,,,,,,,,,,,,,,,,,,,8.30,-,,,,,,,,,,,,,,,,,,,,,,,,,-,-,,,,,,,,,,,,,,,,,,,,,,,,,
,04-22-2015,14:11:14, Lane 1 ,Fwd,FF,,86,2,63,,2,8.61,,,,,,,,,,,,,,,,,,,,,,,,8.61,-,,,,,,,,,,,,,,,,,,,,,,,,,-,-,,,,,,,,,,,,,,,,,,,,,,,,,
,04-22-2015,14:11:17, Lane 1 ,Fwd,FF,,87,2,60,,2,8.94,,,,,,,,,,,,,,,,,,,,,,,,8.94,-,,,,,,,,,,,,,,,,,,,,,,,,,-,-,,,,,,,,,,,,,,,,,,,,,,,,,
,04-22-2015,14:11:52, Lane 1 ,Fwd,FF,,88,2,62,,2,9.18,,,,,,,,,,,,,,,,,,,,,,,,9.18,-,,,,,,,,,,,,,,,,,,,,,,,,,-,-,,,,,,,,,,,,,,,,,,,,,,,,,
,04-22-2015,14:11:55, Lane 1 ,Fwd,FF,,89,2,64,,2,9.94,,,,,,,,,,,,,,,,,,,,,,,,9.94,-,,,,,,,,,,,,,,,,,,,,,,,,,-,-,,,,,,,,,,,,,,,,,,,,,,,,,
,04-22-2015,14:11:58, Lane 1 ,Fwd,FF,,90,3,59,,2,11.31,,,,,,,,,,,,,,,,,,,,,,,,11.31,-,,,,,,,,,,,,,,,,,,,,,,,,,-,-,,,,,,,,,,,,,,,,,,,,,,,,,
,04-22-2015,14:12:02, Lane 1 ,Fwd,FF,,91,3,57,,2,11.41,,,,,,,,,,,,,,,,,,,,,,,,11.41,-,,,,,,,,,,,,,,,,,,,,,,,,,-,-,,,,,,,,,,,,,,,,,,,,,,,,,
,04-22-2015,14:12:12, Lane 1 ,Fwd,FF,,92,2,57,,2,8.98,,,,,,,,,,,,,,,,,,,,,,,,8.98,-,,,,,,,,,,,,,,,,,,,,,,,,,-,-,,,,,,,,,,,,,,,,,,,,,,,,,
,04-22-2015,14:12:15, Lane 1 ,Fwd,FF,,93,2,58,,2,8.68,,,,,,,,,,,,,,,,,,,,,,,,8.68,-,,,,,,,,,,,,,,,,,,,,,,,,,-,-,,,,,,,,,,,,,,,,,,,,,,,,,
,04-22-2015,14:12:16, Lane 1 ,Fwd,FF,,94,2,55,,2,8.43,,,,,,,,,,,,,,,,,,,,,,,,8.43,-,,,,,,,,,,,,,,,,,,,,,,,,,-,-,,,,,,,,,,,,,,,,,,,,,,,,,
,04-22-2015,14:12:24, Lane 1 ,Fwd,FF,,95,2,55,,2,8.64,,,,,,,,,,,,,,,,,,,,,,,,8.64,-,,,,,,,,,,,,,,,,,,,,,,,,,-,-,,,,,,,,,,,,,,,,,,,,,,,,,
,04-22-2015,14:12:32, Lane 1 ,Fwd,FF,,96,2,61,,2,9.07,,,,,,,,,,,,,,,,,,,,,,,,9.07,-,,,,,,,,,,,,,,,,,,,,,,,,,-,-,,,,,,,,,,,,,,,,,,,,,,,,,
,04-22-2015,14:12:35, Lane 1 ,Fwd,FF,,97,2,60,,2,9.71,,,,,,,,,,,,,,,,,,,,,,,,9.71,-,,,,,,,,,,,,,,,,,,,,,,,,,-,-,,,,,,,,,,,,,,,,,,,,,,,,,
,04-22-2015,14:12:36, Lane 1 ,Fwd,FF,,98,3,61,,2,11.82,,,,,,,,,,,,,,,,,,,,,,,,11.82,-,,,,,,,,,,,,,,,,,,,,,,,,,-,-,,,,,,,,,,,,,,,,,,,,,,,,,
,04-22-2015,14:12:37, Lane 1 ,Fwd,FF,,99,3,61,,2,10.58,,,,,,,,,,,,,,,,,,,,,,,,10.58,-,,,,,,,,,,,,,,,,,,,,,,,,,-,-,,,,,,,,,,,,,,,,,,,,,,,,,
,04-22-2015,14:12:40, Lane 1 ,Fwd,FF,,100,3,62,,2,11.46,,,,,,,,,,,,,,,,,,,,,,,,11.46,-,,,,,,,,,,,,,,,,,,,,,,,,,-,-,,,,,,,,,,,,,,,,,,,,,,,,,
,04-22-2015,14:12:42, Lane 1 ,Fwd,FF,,101,2,63,,2,8.43,,,,,,,,,,,,,,,,,,,,,,,,8.43,-,,,,,,,,,,,,,,,,,,,,,,,,,-,-,,,,,,,,,,,,,,,,,,,,,,,,,
,04-22-2015,14:12:43, Lane 1 ,Fwd,FF,,102,2,62,,2,8.75,,,,,,,,,,,,,,,,,,,,,,,,8.75,-,,,,,,,,,,,,,,,,,,,,,,,,,-,-,,,,,,,,,,,,,,,,,,,,,,,,,
,04-22-2015,14:12:47, Lane 1 ,Fwd,FF,,103,2,58,,2,8.45,,,,,,,,,,,,,,,,,,,,,,,,8.45,-,,,,,,,,,,,,,,,,,,,,,,,,,-,-,,,,,,,,,,,,,,,,,,,,,,,,,
,04-22-2015,14:13:14, Lane 1 ,Fwd,FF,,104,3,58,,2,12.85,,,,,,,,,,,,,,,,,,,,,,,,12.85,-,,,,,,,,,,,,,,,,,,,,,,,,,-,-,,,,,,,,,,,,,,,,,,,,,,,,,
,04-22-2015,14:13:20, Lane 1 ,Fwd,FF,,105,2,59,,2,9.57,,,,,,,,,,,,,,,,,,,,,,,,9.57,-,,,,,,,,,,,,,,,,,,,,,,,,,-,-,,,,,,,,,,,,,,,,,,,,,,,,,
,04-22-2015,14:13:34, Lane 1 ,Fwd,FF,,106,2,60,,2,8.91,,,,,,,,,,,,,,,,,,,,,,,,8.91,-,,,,,,,,,,,,,,,,,,,,,,,,,-,-,,,,,,,,,,,,,,,,,,,,,,,,,
,04-22-2015,14:14:01, Lane 1 ,Fwd,FF,,107,2,57,,2,8.75,,,,,,,,,,,,,,,,,,,,,,,,8.75,-,,,,,,,,,,,,,,,,,,,,,,,,,-,-,,,,,,,,,,,,,,,,,,,,,,,,,
,04-22-2015,14:14:17, Lane 1 ,Fwd,FF,,108,2,56,,2,8.36,,,,,,,,,,,,,,,,,,,,,,,,8.36,-,,,,,,,,,,,,,,,,,,,,,,,,,-,-,,,,,,,,,,,,,,,,,,,,,,,,,
,04-22-2015,14:14:18, Lane 1 ,Fwd,FF,,109,2,60,,2,8.41,,,,,,,,,,,,,,,,,,,,,,,,8.41,-,,,,,,,,,,,,,,,,,,,,,,,,,-,-,,,,,,,,,,,,,,,,,,,,,,,,,
,04-22-2015,14:14:34, Lane 1 ,Fwd,FF,,110,2,66,,2,8.90,,,,,,,,,,,,,,,,,,,,,,,,8.90,-,,,,,,,,,,,,,,,,,,,,,,,,,-,-,,,,,,,,,,,,,,,,,,,,,,,,,
,04-22-2015,14:14:42, Lane 1 ,Fwd,FF,,111,2,63,,2,8.40,,,,,,,,,,,,,,,,,,,,,,,,8.40,-,,,,,,,,,,,,,,,,,,,,,,,,,-,-,,,,,,,,,,,,,,,,,,,,,,,,,
,04-22-2015,14:14:58, Lane 1 ,Fwd,FF,,112,3,58,,2,11.07,,,,,,,,,,,,,,,,,,,,,,,,11.07,-,,,,,,,,,,,,,,,,,,,,,,,,,-,-,,,,,,,,,,,,,,,,,,,,,,,,,
,04-22-2015,14:15:00, Lane 1 ,Fwd,FF,,113,2,58,,2,9.00,,,,,,,,,,,,,,,,,,,,,,,,9.00,-,,,,,,,,,,,,,,,,,,,,,,,,,-,-,,,,,,,,,,,,,,,,,,,,,,,,,
,04-22-2015,14:15:03, Lane 1 ,Fwd,FF,,114,3,58,,3,10.72,15.86,,,,,,,,,,,,,,,,,,,,,,,26.58,-,,,,,,,,,,,,,,,,,,,,,,,,,-,-,,,,,,,,,,,,,,,,,,,,,,,,,
,04-22-2015,14:15:04, Lane 1 ,Fwd,FF,,115,2,57,,2,9.73,,,,,,,,,,,,,,,,,,,,,,,,9.73,-,,,,,,,,,,,,,,,,,,,,,,,,,-,-,,,,,,,,,,,,,,,,,,,,,,,,,
,04-22-2015,14:15:12, Lane 1 ,Fwd,FF,,116,3,56,,2,11.92,,,,,,,,,,,,,,,,,,,,,,,,11.92,-,,,,,,,,,,,,,,,,,,,,,,,,,-,-,,,,,,,,,,,,,,,,,,,,,,,,,
,04-22-2015,14:15:14, Lane 1 ,Fwd,FF,,117,2,54,,2,9.02,,,,,,,,,,,,,,,,,,,,,,,,9.02,-,,,,,,,,,,,,,,,,,,,,,,,,,-,-,,,,,,,,,,,,,,,,,,,,,,,,,
,04-22-2015,14:15:17, Lane 1 ,Fwd,FF,,118,2,59,,2,8.96,,,,,,,,,,,,,,,,,,,,,,,,8.96,-,,,,,,,,,,,,,,,,,,,,,,,,,-,-,,,,,,,,,,,,,,,,,,,,,,,,,
,04-22-2015,14:15:18, Lane 1 ,Fwd,FF,,119,1,58,,2,5.40,,,,,,,,,,,,,,,,,,,,,,,,5.40,-,,,,,,,,,,,,,,,,,,,,,,,,,-,-,,,,,,,,,,,,,,,,,,,,,,,,,
,04-22-2015,14:15:24, Lane 1 ,Fwd,FF,,120,2,58,,2,8.00,,,,,,,,,,,,,,,,,,,,,,,,8.00,-,,,,,,,,,,,,,,,,,,,,,,,,,-,-,,,,,,,,,,,,,,,,,,,,,,,,,
,04-22-2015,14:15:27, Lane 1 ,Fwd,FF,,121,2,56,,2,8.94,,,,,,,,,,,,,,,,,,,,,,,,8.94,-,,,,,,,,,,,,,,,,,,,,,,,,,-,-,,,,,,,,,,,,,,,,,,,,,,,,,
,04-22-2015,14:15:29, Lane 1 ,Fwd,FF,,122,2,58,,2,9.72,,,,,,,,,,,,,,,,,,,,,,,,9.72,-,,,,,,,,,,,,,,,,,,,,,,,,,-,-,,,,,,,,,,,,,,,,,,,,,,,,,
,04-22-2015,14:15:30, Lane 1 ,Fwd,FF,,123,2,58,,2,9.34,,,,,,,,,,,,,,,,,,,,,,,,9.34,-,,,,,,,,,,,,,,,,,,,,,,,,,-,-,,,,,,,,,,,,,,,,,,,,,,,,,
,04-22-2015,14:15:33, Lane 1 ,Fwd,FF,,124,2,58,,2,9.62,,,,,,,,,,,,,,,,,,,,,,,,9.62,-,,,,,,,,,,,,,,,,,,,,,,,,,-,-,,,,,,,,,,,,,,,,,,,,,,,,,
,04-22-2015,14:15:40, Lane 1 ,Fwd,FF,,125,2,61,,2,8.42,,,,,,,,,,,,,,,,,,,,,,,,8.42,-,,,,,,,,,,,,,,,,,,,,,,,,,-,-,,,,,,,,,,,,,,,,,,,,,,,,,
,04-22-2015,14:16:03, Lane 1 ,Fwd,FF,,126,2,69,,2,9.18,,,,,,,,,,,,,,,,,,,,,,,,9.18,-,,,,,,,,,,,,,,,,,,,,,,,,,-,-,,,,,,,,,,,,,,,,,,,,,,,,,
,04-22-2015,14:16:22, Lane 1 ,Fwd,FF,,127,3,63,,3,11.16,13.49,,,,,,,,,,,,,,,,,,,,,,,24.65,-,,,,,,,,,,,,,,,,,,,,,,,,,-,-,,,,,,,,,,,,,,,,,,,,,,,,,
,04-22-2015,14:16:24, Lane 1 ,Fwd,FF,,128,2,63,,2,8.89,,,,,,,,,,,,,,,,,,,,,,,,8.89,-,,,,,,,,,,,,,,,,,,,,,,,,,-,-,,,,,,,,,,,,,,,,,,,,,,,,,
,04-22-2015,14:16:25, Lane 1 ,Fwd,FF,,129,2,62,,2,8.73,,,,,,,,,,,,,,,,,,,,,,,,8.73,-,,,,,,,,,,,,,,,,,,,,,,,,,-,-,,,,,,,,,,,,,,,,,,,,,,,,,
,04-22-2015,14:16:30, Lane 1 ,Fwd,FF,,130,2,58,,2,9.09,,,,,,,,,,,,,,,,,,,,,,,,9.09,-,,,,,,,,,,,,,,,,,,,,,,,,,-,-,,,,,,,,,,,,,,,,,,,,,,,,,
,04-22-2015,14:16:41, Lane 1 ,Fwd,FF,,131,2,63,,2,8.68,,,,,,,,,,,,,,,,,,,,,,,,8.68,-,,,,,,,,,,,,,,,,,,,,,,,,,-,-,,,,,,,,,,,,,,,,,,,,,,,,,
,04-22-2015,14:17:09, Lane 1 ,Fwd,FF,,132,2,55,,2,8.40,,,,,,,,,,,,,,,,,,,,,,,,8.40,-,,,,,,,,,,,,,,,,,,,,,,,,,-,-,,,,,,,,,,,,,,,,,,,,,,,,,
,04-22-2015,14:17:13, Lane 1 ,Fwd,FF,,133,2,54,,2,9.22,,,,,,,,,,,,,,,,,,,,,,,,9.22,-,,,,,,,,,,,,,,,,,,,,,,,,,-,-,,,,,,,,,,,,,,,,,,,,,,,,,
,04-22-2015,14:17:14, Lane 1 ,Fwd,FF,,134,2,55,,2,10.08,,,,,,,,,,,,,,,,,,,,,,,,10.08,-,,,,,,,,,,,,,,,,,,,,,,,,,-,-,,,,,,,,,,,,,,,,,,,,,,,,,
,04-22-2015,14:17:16, Lane 1 ,Fwd,FF,,135,2,54,,2,8.45,,,,,,,,,,,,,,,,,,,,,,,,8.45,-,,,,,,,,,,,,,,,,,,,,,,,,,-,-,,,,,,,,,,,,,,,,,,,,,,,,,
,04-22-2015,14:17:24, Lane 1 ,Fwd,FF,,136,2,57,,2,9.40,,,,,,,,,,,,,,,,,,,,,,,,9.40,-,,,,,,,,,,,,,,,,,,,,,,,,,-,-,,,,,,,,,,,,,,,,,,,,,,,,,
,04-22-2015,14:17:51, Lane 1 ,Fwd,FF,,137,3,60,,2,11.91,,,,,,,,,,,,,,,,,,,,,,,,11.91,-,,,,,,,,,,,,,,,,,,,,,,,,,-,-,,,,,,,,,,,,,,,,,,,,,,,,,
,04-22-2015,14:17:53, Lane 1 ,Fwd,FF,,138,3,59,,2,11.83,,,,,,,,,,,,,,,,,,,,,,,,11.83,-,,,,,,,,,,,,,,,,,,,,,,,,,-,-,,,,,,,,,,,,,,,,,,,,,,,,,
,04-22-2015,14:17:56, Lane 1 ,Fwd,FF,,139,2,62,,2,7.64,,,,,,,,,,,,,,,,,,,,,,,,7.64,-,,,,,,,,,,,,,,,,,,,,,,,,,-,-,,,,,,,,,,,,,,,,,,,,,,,,,
,04-22-2015,14:18:00, Lane 1 ,Fwd,FF,,140,3,61,,2,11.82,,,,,,,,,,,,,,,,,,,,,,,,11.82,-,,,,,,,,,,,,,,,,,,,,,,,,,-,-,,,,,,,,,,,,,,,,,,,,,,,,,
,04-22-2015,14:18:01, Lane 1 ,Fwd,FF,,141,2,64,,2,8.41,,,,,,,,,,,,,,,,,,,,,,,,8.41,-,,,,,,,,,,,,,,,,,,,,,,,,,-,-,,,,,,,,,,,,,,,,,,,,,,,,,
,04-22-2015,14:18:06, Lane 1 ,Fwd,FF,,142,3,66,,2,11.71,,,,,,,,,,,,,,,,,,,,,,,,11.71,-,,,,,,,,,,,,,,,,,,,,,,,,,-,-,,,,,,,,,,,,,,,,,,,,,,,,,
,04-22-2015,14:18:24, Lane 1 ,Fwd,FF,,143,2,51,,2,8.74,,,,,,,,,,,,,,,,,,,,,,,,8.74,-,,,,,,,,,,,,,,,,,,,,,,,,,-,-,,,,,,,,,,,,,,,,,,,,,,,,,
,04-22-2015,14:18:54, Lane 1 ,Fwd,FF,,144,2,53,,2,9.27,,,,,,,,,,,,,,,,,,,,,,,,9.27,-,,,,,,,,,,,,,,,,,,,,,,,,,-,-,,,,,,,,,,,,,,,,,,,,,,,,,
,04-22-2015,14:19:03, Lane 1 ,Fwd,FF,,145,2,55,,2,8.94,,,,,,,,,,,,,,,,,,,,,,,,8.94,-,,,,,,,,,,,,,,,,,,,,,,,,,-,-,,,,,,,,,,,,,,,,,,,,,,,,,
,04-22-2015,14:19:04, Lane 1 ,Fwd,FF,,146,2,59,,2,8.61,,,,,,,,,,,,,,,,,,,,,,,,8.61,-,,,,,,,,,,,,,,,,,,,,,,,,,-,-,,,,,,,,,,,,,,,,,,,,,,,,,
,04-22-2015,14:19:06, Lane 1 ,Fwd,FF,,147,2,61,,2,9.69,,,,,,,,,,,,,,,,,,,,,,,,9.69,-,,,,,,,,,,,,,,,,,,,,,,,,,-,-,,,,,,,,,,,,,,,,,,,,,,,,,
,04-22-2015,14:19:09, Lane 1 ,Fwd,FF,,148,2,61,,2,8.96,,,,,,,,,,,,,,,,,,,,,,,,8.96,-,,,,,,,,,,,,,,,,,,,,,,,,,-,-,,,,,,,,,,,,,,,,,,,,,,,,,
,04-22-2015,14:19:13, Lane 1 ,Fwd,FF,,149,2,58,,2,9.19,,,,,,,,,,,,,,,,,,,,,,,,9.19,-,,,,,,,,,,,,,,,,,,,,,,,,,-,-,,,,,,,,,,,,,,,,,,,,,,,,,
,04-22-2015,14:19:58, Lane 1 ,Fwd,FF,,150,3,66,,2,12.96,,,,,,,,,,,,,,,,,,,,,,,,12.96,-,,,,,,,,,,,,,,,,,,,,,,,,,-,-,,,,,,,,,,,,,,,,,,,,,,,,,
,04-22-2015,14:20:02, Lane 1 ,Fwd,FF,,151,3,61,,2,10.76,,,,,,,,,,,,,,,,,,,,,,,,10.76,-,,,,,,,,,,,,,,,,,,,,,,,,,-,-,,,,,,,,,,,,,,,,,,,,,,,,,
,04-22-2015,14:20:50, Lane 1 ,Fwd,FF,,152,2,54,,2,8.39,,,,,,,,,,,,,,,,,,,,,,,,8.39,-,,,,,,,,,,,,,,,,,,,,,,,,,-,-,,,,,,,,,,,,,,,,,,,,,,,,,
,04-22-2015,14:20:52, Lane 1 ,Fwd,FF,,153,2,49,,2,9.77,,,,,,,,,,,,,,,,,,,,,,,,9.77,-,,,,,,,,,,,,,,,,,,,,,,,,,-,-,,,,,,,,,,,,,,,,,,,,,,,,,
,04-22-2015,14:20:53, Lane 1 ,Fwd,FF,,154,2,58,,2,8.62,,,,,,,,,,,,,,,,,,,,,,,,8.62,-,,,,,,,,,,,,,,,,,,,,,,,,,-,-,,,,,,,,,,,,,,,,,,,,,,,,,
,04-22-2015,14:20:54, Lane 1 ,Fwd,FF,,155,3,58,,2,11.83,,,,,,,,,,,,,,,,,,,,,,,,11.83,-,,,,,,,,,,,,,,,,,,,,,,,,,-,-,,,,,,,,,,,,,,,,,,,,,,,,,
,04-22-2015,14:20:56, Lane 1 ,Fwd,FF,,156,2,62,,2,8.45,,,,,,,,,,,,,,,,,,,,,,,,8.45,-,,,,,,,,,,,,,,,,,,,,,,,,,-,-,,,,,,,,,,,,,,,,,,,,,,,,,
,04-22-2015,14:20:57, Lane 1 ,Fwd,FF,,157,2,63,,2,8.98,,,,,,,,,,,,,,,,,,,,,,,,8.98,-,,,,,,,,,,,,,,,,,,,,,,,,,-,-,,,,,,,,,,,,,,,,,,,,,,,,,
,04-22-2015,14:20:59, Lane 1 ,Fwd,FF,,158,8,63,,3,9.95,21.96,,,,,,,,,,,,,,,,,,,,,,,31.91,-,,,,,,,,,,,,,,,,,,,,,,,,,-,-,,,,,,,,,,,,,,,,,,,,,,,,,
,04-22-2015,14:21:01, Lane 1 ,Fwd,FF,,159,2,62,,2,9.84,,,,,,,,,,,,,,,,,,,,,,,,9.84,-,,,,,,,,,,,,,,,,,,,,,,,,,-,-,,,,,,,,,,,,,,,,,,,,,,,,,
,04-22-2015,14:21:03, Lane 1 ,Fwd,FF,,160,2,61,,2,8.96,,,,,,,,,,,,,,,,,,,,,,,,8.96,-,,,,,,,,,,,,,,,,,,,,,,,,,-,-,,,,,,,,,,,,,,,,,,,,,,,,,
,04-22-2015,14:21:04, Lane 1 ,Fwd,FF,,161,2,62,,2,9.02,,,,,,,,,,,,,,,,,,,,,,,,9.02,-,,,,,,,,,,,,,,,,,,,,,,,,,-,-,,,,,,,,,,,,,,,,,,,,,,,,,
,04-22-2015,14:21:27, Lane 1 ,Fwd,FF,,162,2,58,,3,8.45,11.33,,,,,,,,,,,,,,,,,,,,,,,19.78,-,,,,,,,,,,,,,,,,,,,,,,,,,-,-,,,,,,,,,,,,,,,,,,,,,,,,,
,04-22-2015,14:21:28, Lane 1 ,Fwd,FF,,163,2,58,,2,8.62,,,,,,,,,,,,,,,,,,,,,,,,8.62,-,,,,,,,,,,,,,,,,,,,,,,,,,-,-,,,,,,,,,,,,,,,,,,,,,,,,,
,04-22-2015,14:21:50, Lane 1 ,Fwd,FF,,164,2,51,,2,8.70,,,,,,,,,,,,,,,,,,,,,,,,8.70,-,,,,,,,,,,,,,,,,,,,,,,,,,-,-,,,,,,,,,,,,,,,,,,,,,,,,,
,04-22-2015,14:22:18, Lane 1 ,Fwd,FF,,165,2,62,,2,8.37,,,,,,,,,,,,,,,,,,,,,,,,8.37,-,,,,,,,,,,,,,,,,,,,,,,,,,-,-,,,,,,,,,,,,,,,,,,,,,,,,,
,04-22-2015,14:22:32, Lane 1 ,Fwd,FF,,166,2,62,,2,8.57,,,,,,,,,,,,,,,,,,,,,,,,8.57,-,,,,,,,,,,,,,,,,,,,,,,,,,-,-,,,,,,,,,,,,,,,,,,,,,,,,,
,04-22-2015,14:22:33, Lane 1 ,Fwd,FF,,167,2,62,,2,8.75,,,,,,,,,,,,,,,,,,,,,,,,8.75,-,,,,,,,,,,,,,,,,,,,,,,,,,-,-,,,,,,,,,,,,,,,,,,,,,,,,,
,04-22-2015,14:22:34, Lane 1 ,Fwd,FF,,168,2,61,,2,9.16,,,,,,,,,,,,,,,,,,,,,,,,9.16,-,,,,,,,,,,,,,,,,,,,,,,,,,-,-,,,,,,,,,,,,,,,,,,,,,,,,,
,04-22-2015,14:22:36, Lane 1 ,Fwd,FF,,169,2,61,,2,8.96,,,,,,,,,,,,,,,,,,,,,,,,8.96,-,,,,,,,,,,,,,,,,,,,,,,,,,-,-,,,,,,,,,,,,,,,,,,,,,,,,,
,04-22-2015,14:22:41, Lane 1 ,Fwd,FF,,170,2,56,,2,9.27,,,,,,,,,,,,,,,,,,,,,,,,9.27,-,,,,,,,,,,,,,,,,,,,,,,,,,-,-,,,,,,,,,,,,,,,,,,,,,,,,,
,04-22-2015,14:23:16, Lane 1 ,Fwd,FF,,171,2,57,,2,8.48,,,,,,,,,,,,,,,,,,,,,,,,8.48,-,,,,,,,,,,,,,,,,,,,,,,,,,-,-,,,,,,,,,,,,,,,,,,,,,,,,,
,04-22-2015,14:23:23, Lane 1 ,Fwd,FF,,172,4,54,,3,23.05,4.34,,,,,,,,,,,,,,,,,,,,,,,27.39,-,,,,,,,,,,,,,,,,,,,,,,,,,-,-,,,,,,,,,,,,,,,,,,,,,,,,,
,04-22-2015,14:23:26, Lane 1 ,Fwd,FF,,173,2,58,,2,9.26,,,,,,,,,,,,,,,,,,,,,,,,9.26,-,,,,,,,,,,,,,,,,,,,,,,,,,-,-,,,,,,,,,,,,,,,,,,,,,,,,,
,04-22-2015,14:23:32, Lane 1 ,Fwd,FF,,174,2,59,,2,8.38,,,,,,,,,,,,,,,,,,,,,,,,8.38,-,,,,,,,,,,,,,,,,,,,,,,,,,-,-,,,,,,,,,,,,,,,,,,,,,,,,,
,04-22-2015,14:23:33, Lane 1 ,Fwd,FF,,175,2,59,,2,8.52,,,,,,,,,,,,,,,,,,,,,,,,8.52,-,,,,,,,,,,,,,,,,,,,,,,,,,-,-,,,,,,,,,,,,,,,,,,,,,,,,,
,04-22-2015,14:23:34, Lane 1 ,Fwd,FF,,176,3,59,,2,11.83,,,,,,,,,,,,,,,,,,,,,,,,11.83,-,,,,,,,,,,,,,,,,,,,,,,,,,-,-,,,,,,,,,,,,,,,,,,,,,,,,,
,04-22-2015,14:24:47, Lane 1 ,Fwd,FF,,177,2,56,,2,8.49,,,,,,,,,,,,,,,,,,,,,,,,8.49,-,,,,,,,,,,,,,,,,,,,,,,,,,-,-,,,,,,,,,,,,,,,,,,,,,,,,,
,04-22-2015,14:24:50, Lane 1 ,Fwd,FF,,178,2,64,,2,9.35,,,,,,,,,,,,,,,,,,,,,,,,9.35,-,,,,,,,,,,,,,,,,,,,,,,,,,-,-,,,,,,,,,,,,,,,,,,,,,,,,,
,04-22-2015,14:24:52, Lane 1 ,Fwd,FF,,179,1,62,,2,4.82,,,,,,,,,,,,,,,,,,,,,,,,4.82,-,,,,,,,,,,,,,,,,,,,,,,,,,-,-,,,,,,,,,,,,,,,,,,,,,,,,,
,04-22-2015,14:25:01, Lane 1 ,Fwd,FF,,180,2,63,,2,9.62,,,,,,,,,,,,,,,,,,,,,,,,9.62,-,,,,,,,,,,,,,,,,,,,,,,,,,-,-,,,,,,,,,,,,,,,,,,,,,,,,,
,04-22-2015,14:25:05, Lane 1 ,Fwd,FF,,181,2,66,,2,9.31,,,,,,,,,,,,,,,,,,,,,,,,9.31,-,,,,,,,,,,,,,,,,,,,,,,,,,-,-,,,,,,,,,,,,,,,,,,,,,,,,,
,04-22-2015,14:25:11, Lane 1 ,Fwd,FF,,182,2,58,,2,8.66,,,,,,,,,,,,,,,,,,,,,,,,8.66,-,,,,,,,,,,,,,,,,,,,,,,,,,-,-,,,,,,,,,,,,,,,,,,,,,,,,,
,04-22-2015,14:25:17, Lane 1 ,Fwd,FF,,183,2,58,,2,8.70,,,,,,,,,,,,,,,,,,,,,,,,8.70,-,,,,,,,,,,,,,,,,,,,,,,,,,-,-,,,,,,,,,,,,,,,,,,,,,,,,,
,04-22-2015,14:25:20, Lane 1 ,Fwd,FF,,184,2,57,,2,8.23,,,,,,,,,,,,,,,,,,,,,,,,8.23,-,,,,,,,,,,,,,,,,,,,,,,,,,-,-,,,,,,,,,,,,,,,,,,,,,,,,,
,04-22-2015,14:25:21, Lane 1 ,Fwd,FF,,185,2,63,,2,9.23,,,,,,,,,,,,,,,,,,,,,,,,9.23,-,,,,,,,,,,,,,,,,,,,,,,,,,-,-,,,,,,,,,,,,,,,,,,,,,,,,,
,04-22-2015,14:25:25, Lane 1 ,Fwd,FF,,186,2,62,,2,9.38,,,,,,,,,,,,,,,,,,,,,,,,9.38,-,,,,,,,,,,,,,,,,,,,,,,,,,-,-,,,,,,,,,,,,,,,,,,,,,,,,,
,04-22-2015,14:25:27, Lane 1 ,Fwd,FF,,187,3,61,,2,12.81,,,,,,,,,,,,,,,,,,,,,,,,12.81,-,,,,,,,,,,,,,,,,,,,,,,,,,-,-,,,,,,,,,,,,,,,,,,,,,,,,,
,04-22-2015,14:25:43, Lane 1 ,Fwd,FF,,188,3,57,,2,12.25,,,,,,,,,,,,,,,,,,,,,,,,12.25,-,,,,,,,,,,,,,,,,,,,,,,,,,-,-,,,,,,,,,,,,,,,,,,,,,,,,,
,04-22-2015,14:25:46, Lane 1 ,Fwd,FF,,189,2,63,,2,8.70,,,,,,,,,,,,,,,,,,,,,,,,8.70,-,,,,,,,,,,,,,,,,,,,,,,,,,-,-,,,,,,,,,,,,,,,,,,,,,,,,,
,04-22-2015,14:25:54, Lane 1 ,Fwd,FF,,190,2,68,,2,9.03,,,,,,,,,,,,,,,,,,,,,,,,9.03,-,,,,,,,,,,,,,,,,,,,,,,,,,-,-,,,,,,,,,,,,,,,,,,,,,,,,,
,04-22-2015,14:26:05, Lane 1 ,Fwd,FF,,191,5,57,,2,14.08,,,,,,,,,,,,,,,,,,,,,,,,14.08,-,,,,,,,,,,,,,,,,,,,,,,,,,-,-,,,,,,,,,,,,,,,,,,,,,,,,,
,04-22-2015,14:26:10, Lane 1 ,Fwd,FF,,192,2,62,,2,9.46,,,,,,,,,,,,,,,,,,,,,,,,9.46,-,,,,,,,,,,,,,,,,,,,,,,,,,-,-,,,,,,,,,,,,,,,,,,,,,,,,,
,04-22-2015,14:26:33, Lane 1 ,Fwd,FF,,193,2,63,,2,9.05,,,,,,,,,,,,,,,,,,,,,,,,9.05,-,,,,,,,,,,,,,,,,,,,,,,,,,-,-,,,,,,,,,,,,,,,,,,,,,,,,,
,04-22-2015,14:26:35, Lane 1 ,Fwd,FF,,194,3,58,,2,11.83,,,,,,,,,,,,,,,,,,,,,,,,11.83,-,,,,,,,,,,,,,,,,,,,,,,,,,-,-,,,,,,,,,,,,,,,,,,,,,,,,,
,04-22-2015,14:26:36, Lane 1 ,Fwd,FF,,195,2,60,,2,9.62,,,,,,,,,,,,,,,,,,,,,,,,9.62,-,,,,,,,,,,,,,,,,,,,,,,,,,-,-,,,,,,,,,,,,,,,,,,,,,,,,,
,04-22-2015,14:26:37, Lane 1 ,Fwd,FF,,196,2,62,,2,8.84,,,,,,,,,,,,,,,,,,,,,,,,8.84,-,,,,,,,,,,,,,,,,,,,,,,,,,-,-,,,,,,,,,,,,,,,,,,,,,,,,,
,04-22-2015,14:26:47, Lane 1 ,Fwd,FF,,197,2,59,,2,8.78,,,,,,,,,,,,,,,,,,,,,,,,8.78,-,,,,,,,,,,,,,,,,,,,,,,,,,-,-,,,,,,,,,,,,,,,,,,,,,,,,,
,04-22-2015,14:26:57, Lane 1 ,Fwd,FF,,198,2,62,,2,9.74,,,,,,,,,,,,,,,,,,,,,,,,9.74,-,,,,,,,,,,,,,,,,,,,,,,,,,-,-,,,,,,,,,,,,,,,,,,,,,,,,,
,04-22-2015,14:27:00, Lane 1 ,Fwd,FF,,199,6,61,,3,14.67,4.27,,,,,,,,,,,,,,,,,,,,,,,18.94,-,,,,,,,,,,,,,,,,,,,,,,,,,-,-,,,,,,,,,,,,,,,,,,,,,,,,,
,04-22-2015,14:27:13, Lane 1 ,Fwd,FF,,200,2,61,,2,8.89,,,,,,,,,,,,,,,,,,,,,,,,8.89,-,,,,,,,,,,,,,,,,,,,,,,,,,-,-,,,,,,,,,,,,,,,,,,,,,,,,,
,04-22-2015,14:27:31, Lane 1 ,Fwd,FF,,201,2,53,,2,8.67,,,,,,,,,,,,,,,,,,,,,,,,8.67,-,,,,,,,,,,,,,,,,,,,,,,,,,-,-,,,,,,,,,,,,,,,,,,,,,,,,,
,04-22-2015,14:27:32, Lane 1 ,Fwd,FF,,202,2,52,,2,9.36,,,,,,,,,,,,,,,,,,,,,,,,9.36,-,,,,,,,,,,,,,,,,,,,,,,,,,-,-,,,,,,,,,,,,,,,,,,,,,,,,,
,04-22-2015,14:27:41, Lane 1 ,Fwd,FF,,203,2,56,,2,8.98,,,,,,,,,,,,,,,,,,,,,,,,8.98,-,,,,,,,,,,,,,,,,,,,,,,,,,-,-,,,,,,,,,,,,,,,,,,,,,,,,,
,04-22-2015,14:27:46, Lane 1 ,Fwd,FF,,204,2,67,,2,8.76,,,,,,,,,,,,,,,,,,,,,,,,8.76,-,,,,,,,,,,,,,,,,,,,,,,,,,-,-,,,,,,,,,,,,,,,,,,,,,,,,,
,04-22-2015,14:27:53, Lane 1 ,Fwd,FF,,205,3,59,,2,11.31,,,,,,,,,,,,,,,,,,,,,,,,11.31,-,,,,,,,,,,,,,,,,,,,,,,,,,-,-,,,,,,,,,,,,,,,,,,,,,,,,,
,04-22-2015,14:28:04, Lane 1 ,Fwd,FF,,206,2,56,,2,8.77,,,,,,,,,,,,,,,,,,,,,,,,8.77,-,,,,,,,,,,,,,,,,,,,,,,,,,-,-,,,,,,,,,,,,,,,,,,,,,,,,,
,04-22-2015,14:28:32, Lane 1 ,Fwd,FF,,207,2,65,,2,8.48,,,,,,,,,,,,,,,,,,,,,,,,8.48,-,,,,,,,,,,,,,,,,,,,,,,,,,-,-,,,,,,,,,,,,,,,,,,,,,,,,,
,04-22-2015,14:28:37, Lane 1 ,Fwd,FF,,208,2,64,,2,8.79,,,,,,,,,,,,,,,,,,,,,,,,8.79,-,,,,,,,,,,,,,,,,,,,,,,,,,-,-,,,,,,,,,,,,,,,,,,,,,,,,,
,04-22-2015,14:28:52, Lane 1 ,Fwd,FF,,209,3,63,,2,11.45,,,,,,,,,,,,,,,,,,,,,,,,11.45,-,,,,,,,,,,,,,,,,,,,,,,,,,-,-,,,,,,,,,,,,,,,,,,,,,,,,,
,04-22-2015,14:28:53, Lane 1 ,Fwd,FF,,210,3,60,,2,11.38,,,,,,,,,,,,,,,,,,,,,,,,11.38,-,,,,,,,,,,,,,,,,,,,,,,,,,-,-,,,,,,,,,,,,,,,,,,,,,,,,,
,04-22-2015,14:29:17, Lane 1 ,Fwd,FF,,211,2,62,,2,9.74,,,,,,,,,,,,,,,,,,,,,,,,9.74,-,,,,,,,,,,,,,,,,,,,,,,,,,-,-,,,,,,,,,,,,,,,,,,,,,,,,,
,04-22-2015,14:29:34, Lane 1 ,Fwd,FF,,212,4,61,,2,20.78,,,,,,,,,,,,,,,,,,,,,,,,20.78,-,,,,,,,,,,,,,,,,,,,,,,,,,-,-,,,,,,,,,,,,,,,,,,,,,,,,,
,04-22-2015,14:29:35, Lane 1 ,Fwd,FF,,213,2,61,,2,8.71,,,,,,,,,,,,,,,,,,,,,,,,8.71,-,,,,,,,,,,,,,,,,,,,,,,,,,-,-,,,,,,,,,,,,,,,,,,,,,,,,,
,04-22-2015,14:30:00, Lane 1 ,Fwd,FF,,214,2,59,,2,8.12,,,,,,,,,,,,,,,,,,,,,,,,8.12,-,,,,,,,,,,,,,,,,,,,,,,,,,-,-,,,,,,,,,,,,,,,,,,,,,,,,,
,04-22-2015,14:30:32, Lane 1 ,Fwd,FF,,215,2,55,,2,9.50,,,,,,,,,,,,,,,,,,,,,,,,9.50,-,,,,,,,,,,,,,,,,,,,,,,,,,-,-,,,,,,,,,,,,,,,,,,,,,,,,,
,04-22-2015,14:31:16, Lane 1 ,Fwd,FF,,216,2,58,,2,8.43,,,,,,,,,,,,,,,,,,,,,,,,8.43,-,,,,,,,,,,,,,,,,,,,,,,,,,-,-,,,,,,,,,,,,,,,,,,,,,,,,,
,04-22-2015,14:31:17, Lane 1 ,Fwd,FF,,217,2,58,,2,8.40,,,,,,,,,,,,,,,,,,,,,,,,8.40,-,,,,,,,,,,,,,,,,,,,,,,,,,-,-,,,,,,,,,,,,,,,,,,,,,,,,,
,04-22-2015,14:31:21, Lane 1 ,Fwd,FF,,218,2,57,,2,9.25,,,,,,,,,,,,,,,,,,,,,,,,9.25,-,,,,,,,,,,,,,,,,,,,,,,,,,-,-,,,,,,,,,,,,,,,,,,,,,,,,,
,04-22-2015,14:31:24, Lane 1 ,Fwd,FF,,219,3,55,,2,10.95,,,,,,,,,,,,,,,,,,,,,,,,10.95,-,,,,,,,,,,,,,,,,,,,,,,,,,-,-,,,,,,,,,,,,,,,,,,,,,,,,,
,04-22-2015,14:31:48, Lane 1 ,Fwd,FF,,220,2,66,,2,8.64,,,,,,,,,,,,,,,,,,,,,,,,8.64,-,,,,,,,,,,,,,,,,,,,,,,,,,-,-,,,,,,,,,,,,,,,,,,,,,,,,,
,04-22-2015,14:31:57, Lane 1 ,Fwd,FF,,221,3,51,,2,10.95,,,,,,,,,,,,,,,,,,,,,,,,10.95,-,,,,,,,,,,,,,,,,,,,,,,,,,-,-,,,,,,,,,,,,,,,,,,,,,,,,,
,04-22-2015,14:32:01, Lane 1 ,Fwd,FF,,222,3,59,,2,10.87,,,,,,,,,,,,,,,,,,,,,,,,10.87,-,,,,,,,,,,,,,,,,,,,,,,,,,-,-,,,,,,,,,,,,,,,,,,,,,,,,,
,04-22-2015,14:32:03, Lane 1 ,Fwd,FF,,223,3,58,,2,10.29,,,,,,,,,,,,,,,,,,,,,,,,10.29,-,,,,,,,,,,,,,,,,,,,,,,,,,-,-,,,,,,,,,,,,,,,,,,,,,,,,,
,04-22-2015,14:32:09, Lane 1 ,Fwd,FF,,224,2,55,,2,8.80,,,,,,,,,,,,,,,,,,,,,,,,8.80,-,,,,,,,,,,,,,,,,,,,,,,,,,-,-,,,,,,,,,,,,,,,,,,,,,,,,,
,04-22-2015,14:32:10, Lane 1 ,Fwd,FF,,225,2,55,,2,8.76,,,,,,,,,,,,,,,,,,,,,,,,8.76,-,,,,,,,,,,,,,,,,,,,,,,,,,-,-,,,,,,,,,,,,,,,,,,,,,,,,,
,04-22-2015,14:32:12, Lane 1 ,Fwd,FF,,226,2,58,,2,9.77,,,,,,,,,,,,,,,,,,,,,,,,9.77,-,,,,,,,,,,,,,,,,,,,,,,,,,-,-,,,,,,,,,,,,,,,,,,,,,,,,,
,04-22-2015,14:32:15, Lane 1 ,Fwd,FF,,227,2,62,,2,8.55,,,,,,,,,,,,,,,,,,,,,,,,8.55,-,,,,,,,,,,,,,,,,,,,,,,,,,-,-,,,,,,,,,,,,,,,,,,,,,,,,,
,04-22-2015,14:32:18, Lane 1 ,Fwd,FF,,228,3,55,,2,12.80,,,,,,,,,,,,,,,,,,,,,,,,12.80,-,,,,,,,,,,,,,,,,,,,,,,,,,-,-,,,,,,,,,,,,,,,,,,,,,,,,,
,04-22-2015,14:32:38, Lane 1 ,Fwd,FF,,229,2,59,,2,9.15,,,,,,,,,,,,,,,,,,,,,,,,9.15,-,,,,,,,,,,,,,,,,,,,,,,,,,-,-,,,,,,,,,,,,,,,,,,,,,,,,,
,04-22-2015,14:32:40, Lane 1 ,Fwd,FF,,230,2,58,,2,9.02,,,,,,,,,,,,,,,,,,,,,,,,9.02,-,,,,,,,,,,,,,,,,,,,,,,,,,-,-,,,,,,,,,,,,,,,,,,,,,,,,,
,04-22-2015,14:32:41, Lane 1 ,Fwd,FF,,231,2,56,,2,9.19,,,,,,,,,,,,,,,,,,,,,,,,9.19,-,,,,,,,,,,,,,,,,,,,,,,,,,-,-,,,,,,,,,,,,,,,,,,,,,,,,,
,04-22-2015,14:32:51, Lane 1 ,Fwd,FF,,232,3,57,,2,11.25,,,,,,,,,,,,,,,,,,,,,,,,11.25,-,,,,,,,,,,,,,,,,,,,,,,,,,-,-,,,,,,,,,,,,,,,,,,,,,,,,,
,04-22-2015,14:32:57, Lane 1 ,Fwd,FF,,233,2,58,,2,9.17,,,,,,,,,,,,,,,,,,,,,,,,9.17,-,,,,,,,,,,,,,,,,,,,,,,,,,-,-,,,,,,,,,,,,,,,,,,,,,,,,,
,04-22-2015,14:33:09, Lane 1 ,Fwd,FF,,234,2,64,,2,9.92,,,,,,,,,,,,,,,,,,,,,,,,9.92,-,,,,,,,,,,,,,,,,,,,,,,,,,-,-,,,,,,,,,,,,,,,,,,,,,,,,,
,04-22-2015,14:33:14, Lane 1 ,Fwd,FF,,235,2,64,,2,7.65,,,,,,,,,,,,,,,,,,,,,,,,7.65,-,,,,,,,,,,,,,,,,,,,,,,,,,-,-,,,,,,,,,,,,,,,,,,,,,,,,,
,04-22-2015,14:33:16, Lane 1 ,Fwd,FF,,236,2,64,,2,9.07,,,,,,,,,,,,,,,,,,,,,,,,9.07,-,,,,,,,,,,,,,,,,,,,,,,,,,-,-,,,,,,,,,,,,,,,,,,,,,,,,,
,04-22-2015,14:33:21, Lane 1 ,Fwd,FF,,237,2,58,,2,8.79,,,,,,,,,,,,,,,,,,,,,,,,8.79,-,,,,,,,,,,,,,,,,,,,,,,,,,-,-,,,,,,,,,,,,,,,,,,,,,,,,,
,04-22-2015,14:33:27, Lane 1 ,Fwd,FF,,238,2,54,,2,8.39,,,,,,,,,,,,,,,,,,,,,,,,8.39,-,,,,,,,,,,,,,,,,,,,,,,,,,-,-,,,,,,,,,,,,,,,,,,,,,,,,,
,04-22-2015,14:33:39, Lane 1 ,Fwd,FF,,239,8,59,,3,15.49,20.89,,,,,,,,,,,,,,,,,,,,,,,36.38,-,,,,,,,,,,,,,,,,,,,,,,,,,-,-,,,,,,,,,,,,,,,,,,,,,,,,,
,04-22-2015,14:33:46, Lane 1 ,Fwd,FF,,240,8,52,,3,12.38,18.96,,,,,,,,,,,,,,,,,,,,,,,31.34,-,,,,,,,,,,,,,,,,,,,,,,,,,-,-,,,,,,,,,,,,,,,,,,,,,,,,,
,04-22-2015,14:33:48, Lane 1 ,Fwd,FF,,241,2,54,,2,8.94,,,,,,,,,,,,,,,,,,,,,,,,8.94,-,,,,,,,,,,,,,,,,,,,,,,,,,-,-,,,,,,,,,,,,,,,,,,,,,,,,,
,04-22-2015,14:33:50, Lane 1 ,Fwd,FF,,242,2,56,,2,8.24,,,,,,,,,,,,,,,,,,,,,,,,8.24,-,,,,,,,,,,,,,,,,,,,,,,,,,-,-,,,,,,,,,,,,,,,,,,,,,,,,,
,04-22-2015,14:33:54, Lane 1 ,Fwd,FF,,243,2,52,,2,8.48,,,,,,,,,,,,,,,,,,,,,,,,8.48,-,,,,,,,,,,,,,,,,,,,,,,,,,-,-,,,,,,,,,,,,,,,,,,,,,,,,,
,04-22-2015,14:33:55, Lane 1 ,Fwd,FF,,244,2,54,,2,8.63,,,,,,,,,,,,,,,,,,,,,,,,8.63,-,,,,,,,,,,,,,,,,,,,,,,,,,-,-,,,,,,,,,,,,,,,,,,,,,,,,,
,04-22-2015,14:34:13, Lane 1 ,Fwd,FF,,245,3,66,,2,12.87,,,,,,,,,,,,,,,,,,,,,,,,12.87,-,,,,,,,,,,,,,,,,,,,,,,,,,-,-,,,,,,,,,,,,,,,,,,,,,,,,,
,04-22-2015,14:35:05, Lane 1 ,Fwd,FF,,246,4,46,,2,20.54,,,,,,,,,,,,,,,,,,,,,,,,20.54,-,,,,,,,,,,,,,,,,,,,,,,,,,-,-,,,,,,,,,,,,,,,,,,,,,,,,,
,04-22-2015,14:35:07, Lane 1 ,Fwd,FF,,247,2,47,,2,8.23,,,,,,,,,,,,,,,,,,,,,,,,8.23,-,,,,,,,,,,,,,,,,,,,,,,,,,-,-,,,,,,,,,,,,,,,,,,,,,,,,,
,04-22-2015,14:35:08, Lane 1 ,Fwd,FF,,248,2,48,,2,9.74,,,,,,,,,,,,,,,,,,,,,,,,9.74,-,,,,,,,,,,,,,,,,,,,,,,,,,-,-,,,,,,,,,,,,,,,,,,,,,,,,,
,04-22-2015,14:35:09, Lane 1 ,Fwd,FF,,249,2,49,,2,9.34,,,,,,,,,,,,,,,,,,,,,,,,9.34,-,,,,,,,,,,,,,,,,,,,,,,,,,-,-,,,,,,,,,,,,,,,,,,,,,,,,,
,04-22-2015,14:35:11, Lane 1 ,Fwd,FF,,250,3,45,,2,10.68,,,,,,,,,,,,,,,,,,,,,,,,10.68,-,,,,,,,,,,,,,,,,,,,,,,,,,-,-,,,,,,,,,,,,,,,,,,,,,,,,,
,04-22-2015,14:35:12, Lane 1 ,Fwd,FF,,251,2,42,,2,9.17,,,,,,,,,,,,,,,,,,,,,,,,9.17,-,,,,,,,,,,,,,,,,,,,,,,,,,-,-,,,,,,,,,,,,,,,,,,,,,,,,,
,04-22-2015,14:35:14, Lane 1 ,Fwd,FF,,252,2,42,,2,8.28,,,,,,,,,,,,,,,,,,,,,,,,8.28,-,,,,,,,,,,,,,,,,,,,,,,,,,-,-,,,,,,,,,,,,,,,,,,,,,,,,,
,04-22-2015,14:35:32, Lane 1 ,Fwd,FF,,253,2,58,,2,8.43,,,,,,,,,,,,,,,,,,,,,,,,8.43,-,,,,,,,,,,,,,,,,,,,,,,,,,-,-,,,,,,,,,,,,,,,,,,,,,,,,,
,04-22-2015,14:35:45, Lane 1 ,Fwd,FF,,254,3,59,,2,12.61,,,,,,,,,,,,,,,,,,,,,,,,12.61,-,,,,,,,,,,,,,,,,,,,,,,,,,-,-,,,,,,,,,,,,,,,,,,,,,,,,,
,04-22-2015,14:35:47, Lane 1 ,Fwd,FF,,255,5,57,,2,14.33,,,,,,,,,,,,,,,,,,,,,,,,14.33,-,,,,,,,,,,,,,,,,,,,,,,,,,-,-,,,,,,,,,,,,,,,,,,,,,,,,,
,04-22-2015,14:35:51, Lane 1 ,Fwd,FF,,256,2,57,,2,8.89,,,,,,,,,,,,,,,,,,,,,,,,8.89,-,,,,,,,,,,,,,,,,,,,,,,,,,-,-,,,,,,,,,,,,,,,,,,,,,,,,,
,04-22-2015,14:35:52, Lane 1 ,Fwd,FF,,257,2,58,,2,8.62,,,,,,,,,,,,,,,,,,,,,,,,8.62,-,,,,,,,,,,,,,,,,,,,,,,,,,-,-,,,,,,,,,,,,,,,,,,,,,,,,,
,04-22-2015,14:35:54, Lane 1 ,Fwd,FF,,258,2,56,,2,9.04,,,,,,,,,,,,,,,,,,,,,,,,9.04,-,,,,,,,,,,,,,,,,,,,,,,,,,-,-,,,,,,,,,,,,,,,,,,,,,,,,,
,04-22-2015,14:35:56, Lane 1 ,Fwd,FF,,259,2,56,,2,8.96,,,,,,,,,,,,,,,,,,,,,,,,8.96,-,,,,,,,,,,,,,,,,,,,,,,,,,-,-,,,,,,,,,,,,,,,,,,,,,,,,,
,04-22-2015,14:36:03, Lane 1 ,Fwd,FF,,260,2,59,,2,8.98,,,,,,,,,,,,,,,,,,,,,,,,8.98,-,,,,,,,,,,,,,,,,,,,,,,,,,-,-,,,,,,,,,,,,,,,,,,,,,,,,,
,04-22-2015,14:36:06, Lane 1 ,Fwd,FF,,261,2,57,,2,8.42,,,,,,,,,,,,,,,,,,,,,,,,8.42,-,,,,,,,,,,,,,,,,,,,,,,,,,-,-,,,,,,,,,,,,,,,,,,,,,,,,,
,04-22-2015,14:36:07, Lane 1 ,Fwd,FF,,262,2,57,,2,9.31,,,,,,,,,,,,,,,,,,,,,,,,9.31,-,,,,,,,,,,,,,,,,,,,,,,,,,-,-,,,,,,,,,,,,,,,,,,,,,,,,,
,04-22-2015,14:36:10, Lane 1 ,Fwd,FF,,263,3,56,,2,11.84,,,,,,,,,,,,,,,,,,,,,,,,11.84,-,,,,,,,,,,,,,,,,,,,,,,,,,-,-,,,,,,,,,,,,,,,,,,,,,,,,,
,04-22-2015,14:36:11, Lane 1 ,Fwd,FF,,264,2,56,,2,8.30,,,,,,,,,,,,,,,,,,,,,,,,8.30,-,,,,,,,,,,,,,,,,,,,,,,,,,-,-,,,,,,,,,,,,,,,,,,,,,,,,,
,04-22-2015,14:36:13, Lane 1 ,Fwd,FF,,265,2,58,,2,8.68,,,,,,,,,,,,,,,,,,,,,,,,8.68,-,,,,,,,,,,,,,,,,,,,,,,,,,-,-,,,,,,,,,,,,,,,,,,,,,,,,,
,04-22-2015,14:36:14, Lane 1 ,Fwd,FF,,266,2,58,,2,8.25,,,,,,,,,,,,,,,,,,,,,,,,8.25,-,,,,,,,,,,,,,,,,,,,,,,,,,-,-,,,,,,,,,,,,,,,,,,,,,,,,,
,04-22-2015,14:36:16, Lane 1 ,Fwd,FF,,267,3,59,,2,10.26,,,,,,,,,,,,,,,,,,,,,,,,10.26,-,,,,,,,,,,,,,,,,,,,,,,,,,-,-,,,,,,,,,,,,,,,,,,,,,,,,,
,04-22-2015,14:36:19, Lane 1 ,Fwd,FF,,268,3,60,,2,11.30,,,,,,,,,,,,,,,,,,,,,,,,11.30,-,,,,,,,,,,,,,,,,,,,,,,,,,-,-,,,,,,,,,,,,,,,,,,,,,,,,,
,04-22-2015,14:36:22, Lane 1 ,Fwd,FF,,269,2,64,,2,8.53,,,,,,,,,,,,,,,,,,,,,,,,8.53,-,,,,,,,,,,,,,,,,,,,,,,,,,-,-,,,,,,,,,,,,,,,,,,,,,,,,,
,04-22-2015,14:36:27, Lane 1 ,Fwd,FF,,270,2,61,,2,9.78,,,,,,,,,,,,,,,,,,,,,,,,9.78,-,,,,,,,,,,,,,,,,,,,,,,,,,-,-,,,,,,,,,,,,,,,,,,,,,,,,,
,04-22-2015,14:36:56, Lane 1 ,Fwd,FF,,271,3,52,,4,10.85,12.61,2.83,,,,,,,,,,,,,,,,,,,,,,26.29,-,,,,,,,,,,,,,,,,,,,,,,,,,-,-,,,,,,,,,,,,,,,,,,,,,,,,,
,04-22-2015,14:36:57, Lane 1 ,Fwd,FF,,272,2,53,,2,8.77,,,,,,,,,,,,,,,,,,,,,,,,8.77,-,,,,,,,,,,,,,,,,,,,,,,,,,-,-,,,,,,,,,,,,,,,,,,,,,,,,,
,04-22-2015,14:37:00, Lane 1 ,Fwd,FF,,273,8,53,,3,16.31,17.16,,,,,,,,,,,,,,,,,,,,,,,33.47,-,,,,,,,,,,,,,,,,,,,,,,,,,-,-,,,,,,,,,,,,,,,,,,,,,,,,,
,04-22-2015,14:37:02, Lane 1 ,Fwd,FF,,274,2,53,,2,8.57,,,,,,,,,,,,,,,,,,,,,,,,8.57,-,,,,,,,,,,,,,,,,,,,,,,,,,-,-,,,,,,,,,,,,,,,,,,,,,,,,,
,04-22-2015,14:37:04, Lane 1 ,Fwd,FF,,275,2,51,,2,9.02,,,,,,,,,,,,,,,,,,,,,,,,9.02,-,,,,,,,,,,,,,,,,,,,,,,,,,-,-,,,,,,,,,,,,,,,,,,,,,,,,,
,04-22-2015,14:37:08, Lane 1 ,Fwd,FF,,276,2,61,,2,9.69,,,,,,,,,,,,,,,,,,,,,,,,9.69,-,,,,,,,,,,,,,,,,,,,,,,,,,-,-,,,,,,,,,,,,,,,,,,,,,,,,,
,04-22-2015,14:37:21, Lane 1 ,Fwd,FF,,277,2,61,,2,8.80,,,,,,,,,,,,,,,,,,,,,,,,8.80,-,,,,,,,,,,,,,,,,,,,,,,,,,-,-,,,,,,,,,,,,,,,,,,,,,,,,,
,04-22-2015,14:37:37, Lane 1 ,Fwd,FF,,278,2,56,,3,20.00,22.94,,,,,,,,,,,,,,,,,,,,,,,42.94,-,,,,,,,,,,,,,,,,,,,,,,,,,-,-,,,,,,,,,,,,,,,,,,,,,,,,,
,04-22-2015,14:37:43, Lane 1 ,Fwd,FF,,279,2,60,,2,8.65,,,,,,,,,,,,,,,,,,,,,,,,8.65,-,,,,,,,,,,,,,,,,,,,,,,,,,-,-,,,,,,,,,,,,,,,,,,,,,,,,,
,04-22-2015,14:37:48, Lane 1 ,Fwd,FF,,280,2,58,,2,8.77,,,,,,,,,,,,,,,,,,,,,,,,8.77,-,,,,,,,,,,,,,,,,,,,,,,,,,-,-,,,,,,,,,,,,,,,,,,,,,,,,,
,04-22-2015,14:37:51, Lane 1 ,Fwd,FF,,281,2,54,,2,7.92,,,,,,,,,,,,,,,,,,,,,,,,7.92,-,,,,,,,,,,,,,,,,,,,,,,,,,-,-,,,,,,,,,,,,,,,,,,,,,,,,,
,04-22-2015,14:37:52, Lane 1 ,Fwd,FF,,282,2,55,,2,8.56,,,,,,,,,,,,,,,,,,,,,,,,8.56,-,,,,,,,,,,,,,,,,,,,,,,,,,-,-,,,,,,,,,,,,,,,,,,,,,,,,,
,04-22-2015,14:37:53, Lane 1 ,Fwd,FF,,283,2,53,,2,9.68,,,,,,,,,,,,,,,,,,,,,,,,9.68,-,,,,,,,,,,,,,,,,,,,,,,,,,-,-,,,,,,,,,,,,,,,,,,,,,,,,,
,04-22-2015,14:38:07, Lane 1 ,Fwd,FF,,284,3,53,,2,11.92,,,,,,,,,,,,,,,,,,,,,,,,11.92,-,,,,,,,,,,,,,,,,,,,,,,,,,-,-,,,,,,,,,,,,,,,,,,,,,,,,,
,04-22-2015,14:38:08, Lane 1 ,Fwd,FF,,285,2,53,,2,9.15,,,,,,,,,,,,,,,,,,,,,,,,9.15,-,,,,,,,,,,,,,,,,,,,,,,,,,-,-,,,,,,,,,,,,,,,,,,,,,,,,,
,04-22-2015,14:38:20, Lane 1 ,Fwd,FF,,286,2,64,,2,8.98,,,,,,,,,,,,,,,,,,,,,,,,8.98,-,,,,,,,,,,,,,,,,,,,,,,,,,-,-,,,,,,,,,,,,,,,,,,,,,,,,,
,04-22-2015,14:39:13, Lane 1 ,Fwd,FF,,287,9,60,,5,13.15,4.24,29.03,3.97,,,,,,,,,,,,,,,,,,,,,50.39,-,,,,,,,,,,,,,,,,,,,,,,,,,-,-,,,,,,,,,,,,,,,,,,,,,,,,,
,04-22-2015,14:39:16, Lane 1 ,Fwd,FF,,288,2,59,,2,8.55,,,,,,,,,,,,,,,,,,,,,,,,8.55,-,,,,,,,,,,,,,,,,,,,,,,,,,-,-,,,,,,,,,,,,,,,,,,,,,,,,,
,04-22-2015,14:39:20, Lane 1 ,Fwd,FF,,289,2,59,,2,9.48,,,,,,,,,,,,,,,,,,,,,,,,9.48,-,,,,,,,,,,,,,,,,,,,,,,,,,-,-,,,,,,,,,,,,,,,,,,,,,,,,,
,04-22-2015,14:39:22, Lane 1 ,Fwd,FF,,290,2,55,,2,8.56,,,,,,,,,,,,,,,,,,,,,,,,8.56,-,,,,,,,,,,,,,,,,,,,,,,,,,-,-,,,,,,,,,,,,,,,,,,,,,,,,,
,04-22-2015,14:39:24, Lane 1 ,Fwd,FF,,291,2,63,,2,8.70,,,,,,,,,,,,,,,,,,,,,,,,8.70,-,,,,,,,,,,,,,,,,,,,,,,,,,-,-,,,,,,,,,,,,,,,,,,,,,,,,,
,04-22-2015,14:39:26, Lane 1 ,Fwd,FF,,292,2,63,,2,8.56,,,,,,,,,,,,,,,,,,,,,,,,8.56,-,,,,,,,,,,,,,,,,,,,,,,,,,-,-,,,,,,,,,,,,,,,,,,,,,,,,,
,04-22-2015,14:40:03, Lane 1 ,Fwd,FF,,293,3,59,,2,11.92,,,,,,,,,,,,,,,,,,,,,,,,11.92,-,,,,,,,,,,,,,,,,,,,,,,,,,-,-,,,,,,,,,,,,,,,,,,,,,,,,,
,04-22-2015,14:40:07, Lane 1 ,Fwd,FF,,294,2,55,,2,8.92,,,,,,,,,,,,,,,,,,,,,,,,8.92,-,,,,,,,,,,,,,,,,,,,,,,,,,-,-,,,,,,,,,,,,,,,,,,,,,,,,,
,04-22-2015,14:40:11, Lane 1 ,Fwd,FF,,295,2,55,,2,8.43,,,,,,,,,,,,,,,,,,,,,,,,8.43,-,,,,,,,,,,,,,,,,,,,,,,,,,-,-,,,,,,,,,,,,,,,,,,,,,,,,,
,04-22-2015,14:40:16, Lane 1 ,Fwd,FF,,296,2,54,,2,9.38,,,,,,,,,,,,,,,,,,,,,,,,9.38,-,,,,,,,,,,,,,,,,,,,,,,,,,-,-,,,,,,,,,,,,,,,,,,,,,,,,,
,04-22-2015,14:40:17, Lane 1 ,Fwd,FF,,297,3,57,,2,10.67,,,,,,,,,,,,,,,,,,,,,,,,10.67,-,,,,,,,,,,,,,,,,,,,,,,,,,-,-,,,,,,,,,,,,,,,,,,,,,,,,,
,04-22-2015,14:40:19, Lane 1 ,Fwd,FF,,298,2,57,,2,8.48,,,,,,,,,,,,,,,,,,,,,,,,8.48,-,,,,,,,,,,,,,,,,,,,,,,,,,-,-,,,,,,,,,,,,,,,,,,,,,,,,,
,04-22-2015,14:40:20, Lane 1 ,Fwd,FF,,299,2,58,,2,7.60,,,,,,,,,,,,,,,,,,,,,,,,7.60,-,,,,,,,,,,,,,,,,,,,,,,,,,-,-,,,,,,,,,,,,,,,,,,,,,,,,,
,04-22-2015,14:40:21, Lane 1 ,Fwd,FF,,300,2,57,,2,8.48,,,,,,,,,,,,,,,,,,,,,,,,8.48,-,,,,,,,,,,,,,,,,,,,,,,,,,-,-,,,,,,,,,,,,,,,,,,,,,,,,,
,04-22-2015,14:40:49, Lane 1 ,Fwd,FF,,301,6,58,,3,18.17,4.14,,,,,,,,,,,,,,,,,,,,,,,22.31,-,,,,,,,,,,,,,,,,,,,,,,,,,-,-,,,,,,,,,,,,,,,,,,,,,,,,,
,04-22-2015,14:40:51, Lane 1 ,Fwd,FF,,302,2,54,,2,8.66,,,,,,,,,,,,,,,,,,,,,,,,8.66,-,,,,,,,,,,,,,,,,,,,,,,,,,-,-,,,,,,,,,,,,,,,,,,,,,,,,,
,04-22-2015,14:40:59, Lane 1 ,Fwd,FF,,303,9,59,,5,12.69,4.14,31.43,4.06,,,,,,,,,,,,,,,,,,,,,52.32,-,,,,,,,,,,,,,,,,,,,,,,,,,-,-,,,,,,,,,,,,,,,,,,,,,,,,,
,04-22-2015,14:41:01, Lane 1 ,Fwd,FF,,304,2,58,,2,9.86,,,,,,,,,,,,,,,,,,,,,,,,9.86,-,,,,,,,,,,,,,,,,,,,,,,,,,-,-,,,,,,,,,,,,,,,,,,,,,,,,,
,04-22-2015,14:41:04, Lane 1 ,Fwd,FF,,305,3,56,,2,10.76,,,,,,,,,,,,,,,,,,,,,,,,10.76,-,,,,,,,,,,,,,,,,,,,,,,,,,-,-,,,,,,,,,,,,,,,,,,,,,,,,,
,04-22-2015,14:41:05, Lane 1 ,Fwd,FF,,306,2,56,,2,8.47,,,,,,,,,,,,,,,,,,,,,,,,8.47,-,,,,,,,,,,,,,,,,,,,,,,,,,-,-,,,,,,,,,,,,,,,,,,,,,,,,,
,04-22-2015,14:41:14, Lane 1 ,Fwd,FF,,307,3,62,,2,11.18,,,,,,,,,,,,,,,,,,,,,,,,11.18,-,,,,,,,,,,,,,,,,,,,,,,,,,-,-,,,,,,,,,,,,,,,,,,,,,,,,,
,04-22-2015,14:41:44, Lane 1 ,Fwd,FF,,308,3,66,,2,11.81,,,,,,,,,,,,,,,,,,,,,,,,11.81,-,,,,,,,,,,,,,,,,,,,,,,,,,-,-,,,,,,,,,,,,,,,,,,,,,,,,,
,04-22-2015,14:42:14, Lane 1 ,Fwd,FF,,309,2,57,,2,8.92,,,,,,,,,,,,,,,,,,,,,,,,8.92,-,,,,,,,,,,,,,,,,,,,,,,,,,-,-,,,,,,,,,,,,,,,,,,,,,,,,,
,04-22-2015,14:42:17, Lane 1 ,Fwd,FF,,310,2,58,,2,9.00,,,,,,,,,,,,,,,,,,,,,,,,9.00,-,,,,,,,,,,,,,,,,,,,,,,,,,-,-,,,,,,,,,,,,,,,,,,,,,,,,,
,04-22-2015,14:42:18, Lane 1 ,Fwd,FF,,311,2,57,,2,8.39,,,,,,,,,,,,,,,,,,,,,,,,8.39,-,,,,,,,,,,,,,,,,,,,,,,,,,-,-,,,,,,,,,,,,,,,,,,,,,,,,,
,04-22-2015,14:42:20, Lane 1 ,Fwd,FF,,312,2,58,,2,9.79,,,,,,,,,,,,,,,,,,,,,,,,9.79,-,,,,,,,,,,,,,,,,,,,,,,,,,-,-,,,,,,,,,,,,,,,,,,,,,,,,,
,04-22-2015,14:42:45, Lane 1 ,Fwd,FF,,313,2,47,,2,8.09,,,,,,,,,,,,,,,,,,,,,,,,8.09,-,,,,,,,,,,,,,,,,,,,,,,,,,-,-,,,,,,,,,,,,,,,,,,,,,,,,,
,04-22-2015,14:42:51, Lane 1 ,Fwd,FF,,314,3,57,,2,11.33,,,,,,,,,,,,,,,,,,,,,,,,11.33,-,,,,,,,,,,,,,,,,,,,,,,,,,-,-,,,,,,,,,,,,,,,,,,,,,,,,,
,04-22-2015,14:42:52, Lane 1 ,Fwd,FF,,315,2,62,,2,8.57,,,,,,,,,,,,,,,,,,,,,,,,8.57,-,,,,,,,,,,,,,,,,,,,,,,,,,-,-,,,,,,,,,,,,,,,,,,,,,,,,,
,04-22-2015,14:43:11, Lane 1 ,Fwd,FF,,316,2,66,,2,9.70,,,,,,,,,,,,,,,,,,,,,,,,9.70,-,,,,,,,,,,,,,,,,,,,,,,,,,-,-,,,,,,,,,,,,,,,,,,,,,,,,,
,04-22-2015,14:43:14, Lane 1 ,Fwd,FF,,317,2,58,,2,8.32,,,,,,,,,,,,,,,,,,,,,,,,8.32,-,,,,,,,,,,,,,,,,,,,,,,,,,-,-,,,,,,,,,,,,,,,,,,,,,,,,,
,04-22-2015,14:43:20, Lane 1 ,Fwd,FF,,318,2,58,,2,8.87,,,,,,,,,,,,,,,,,,,,,,,,8.87,-,,,,,,,,,,,,,,,,,,,,,,,,,-,-,,,,,,,,,,,,,,,,,,,,,,,,,
,04-22-2015,14:43:23, Lane 1 ,Fwd,FF,,319,2,57,,2,8.56,,,,,,,,,,,,,,,,,,,,,,,,8.56,-,,,,,,,,,,,,,,,,,,,,,,,,,-,-,,,,,,,,,,,,,,,,,,,,,,,,,
,04-22-2015,14:43:24, Lane 1 ,Fwd,FF,,320,2,59,,2,8.70,,,,,,,,,,,,,,,,,,,,,,,,8.70,-,,,,,,,,,,,,,,,,,,,,,,,,,-,-,,,,,,,,,,,,,,,,,,,,,,,,,
,04-22-2015,14:43:26, Lane 1 ,Fwd,FF,,321,2,59,,2,8.70,,,,,,,,,,,,,,,,,,,,,,,,8.70,-,,,,,,,,,,,,,,,,,,,,,,,,,-,-,,,,,,,,,,,,,,,,,,,,,,,,,
,04-22-2015,14:43:32, Lane 1 ,Fwd,FF,,322,2,53,,2,8.67,,,,,,,,,,,,,,,,,,,,,,,,8.67,-,,,,,,,,,,,,,,,,,,,,,,,,,-,-,,,,,,,,,,,,,,,,,,,,,,,,,
,04-22-2015,14:43:34, Lane 1 ,Fwd,FF,,323,2,50,,2,8.93,,,,,,,,,,,,,,,,,,,,,,,,8.93,-,,,,,,,,,,,,,,,,,,,,,,,,,-,-,,,,,,,,,,,,,,,,,,,,,,,,,
,04-22-2015,14:43:59, Lane 1 ,Fwd,FF,,324,2,56,,2,9.77,,,,,,,,,,,,,,,,,,,,,,,,9.77,-,,,,,,,,,,,,,,,,,,,,,,,,,-,-,,,,,,,,,,,,,,,,,,,,,,,,,
,04-22-2015,14:44:00, Lane 1 ,Fwd,FF,,325,2,56,,2,9.35,,,,,,,,,,,,,,,,,,,,,,,,9.35,-,,,,,,,,,,,,,,,,,,,,,,,,,-,-,,,,,,,,,,,,,,,,,,,,,,,,,
,04-22-2015,14:44:02, Lane 1 ,Fwd,FF,,326,2,57,,2,8.84,,,,,,,,,,,,,,,,,,,,,,,,8.84,-,,,,,,,,,,,,,,,,,,,,,,,,,-,-,,,,,,,,,,,,,,,,,,,,,,,,,
,04-22-2015,14:44:07, Lane 1 ,Fwd,FF,,327,2,61,,2,8.42,,,,,,,,,,,,,,,,,,,,,,,,8.42,-,,,,,,,,,,,,,,,,,,,,,,,,,-,-,,,,,,,,,,,,,,,,,,,,,,,,,
,04-22-2015,14:44:08, Lane 1 ,Fwd,FF,,328,2,60,,2,8.50,,,,,,,,,,,,,,,,,,,,,,,,8.50,-,,,,,,,,,,,,,,,,,,,,,,,,,-,-,,,,,,,,,,,,,,,,,,,,,,,,,
,04-22-2015,14:44:19, Lane 1 ,Fwd,FF,,329,2,62,,2,9.66,,,,,,,,,,,,,,,,,,,,,,,,9.66,-,,,,,,,,,,,,,,,,,,,,,,,,,-,-,,,,,,,,,,,,,,,,,,,,,,,,,
,04-22-2015,14:44:20, Lane 1 ,Fwd,FF,,330,3,61,,2,12.81,,,,,,,,,,,,,,,,,,,,,,,,12.81,-,,,,,,,,,,,,,,,,,,,,,,,,,-,-,,,,,,,,,,,,,,,,,,,,,,,,,
,04-22-2015,14:44:30, Lane 1 ,Fwd,FF,,331,2,61,,2,8.71,,,,,,,,,,,,,,,,,,,,,,,,8.71,-,,,,,,,,,,,,,,,,,,,,,,,,,-,-,,,,,,,,,,,,,,,,,,,,,,,,,
,04-22-2015,14:46:46, Lane 1 ,Fwd,FF,,332,9,53,,5,6.70,8.26,4.52,12.78,,,,,,,,,,,,,,,,,,,,,32.26,-,,,,,,,,,,,,,,,,,,,,,,,,,-,-,,,,,,,,,,,,,,,,,,,,,,,,,
,04-22-2015,14:46:48, Lane 1 ,Fwd,FF,,333,3,53,,2,11.46,,,,,,,,,,,,,,,,,,,,,,,,11.46,-,,,,,,,,,,,,,,,,,,,,,,,,,-,-,,,,,,,,,,,,,,,,,,,,,,,,,
,04-22-2015,14:46:55, Lane 1 ,Fwd,FF,,334,2,52,,2,9.59,,,,,,,,,,,,,,,,,,,,,,,,9.59,-,,,,,,,,,,,,,,,,,,,,,,,,,-,-,,,,,,,,,,,,,,,,,,,,,,,,,
,04-22-2015,14:46:57, Lane 1 ,Fwd,FF,,335,3,53,,2,11.22,,,,,,,,,,,,,,,,,,,,,,,,11.22,-,,,,,,,,,,,,,,,,,,,,,,,,,-,-,,,,,,,,,,,,,,,,,,,,,,,,,
,04-22-2015,14:46:58, Lane 1 ,Fwd,FF,,336,3,54,,2,11.36,,,,,,,,,,,,,,,,,,,,,,,,11.36,-,,,,,,,,,,,,,,,,,,,,,,,,,-,-,,,,,,,,,,,,,,,,,,,,,,,,,
,04-22-2015,14:47:02, Lane 1 ,Fwd,FF,,337,9,50,,5,11.85,4.25,29.05,3.95,,,,,,,,,,,,,,,,,,,,,49.10,-,,,,,,,,,,,,,,,,,,,,,,,,,-,-,,,,,,,,,,,,,,,,,,,,,,,,,
,04-22-2015,14:47:04, Lane 1 ,Fwd,FF,,338,2,50,,2,7.76,,,,,,,,,,,,,,,,,,,,,,,,7.76,-,,,,,,,,,,,,,,,,,,,,,,,,,-,-,,,,,,,,,,,,,,,,,,,,,,,,,
,04-22-2015,14:47:06, Lane 1 ,Fwd,FF,,339,2,52,,2,10.11,,,,,,,,,,,,,,,,,,,,,,,,10.11,-,,,,,,,,,,,,,,,,,,,,,,,,,-,-,,,,,,,,,,,,,,,,,,,,,,,,,
,04-22-2015,14:47:09, Lane 1 ,Fwd,FF,,340,2,49,,2,8.69,,,,,,,,,,,,,,,,,,,,,,,,8.69,-,,,,,,,,,,,,,,,,,,,,,,,,,-,-,,,,,,,,,,,,,,,,,,,,,,,,,
,04-22-2015,14:47:10, Lane 1 ,Fwd,FF,,341,2,47,,2,8.62,,,,,,,,,,,,,,,,,,,,,,,,8.62,-,,,,,,,,,,,,,,,,,,,,,,,,,-,-,,,,,,,,,,,,,,,,,,,,,,,,,
,04-22-2015,14:47:12, Lane 1 ,Fwd,FF,,342,2,45,,2,7.56,,,,,,,,,,,,,,,,,,,,,,,,7.56,-,,,,,,,,,,,,,,,,,,,,,,,,,-,-,,,,,,,,,,,,,,,,,,,,,,,,,
,04-22-2015,14:47:13, Lane 1 ,Fwd,FF,,343,2,45,,2,9.08,,,,,,,,,,,,,,,,,,,,,,,,9.08,-,,,,,,,,,,,,,,,,,,,,,,,,,-,-,,,,,,,,,,,,,,,,,,,,,,,,,
,04-22-2015,14:47:16, Lane 1 ,Fwd,FF,,344,3,48,,2,11.79,,,,,,,,,,,,,,,,,,,,,,,,11.79,-,,,,,,,,,,,,,,,,,,,,,,,,,-,-,,,,,,,,,,,,,,,,,,,,,,,,,
,04-22-2015,14:47:20, Lane 1 ,Fwd,FF,,345,2,48,,2,9.19,,,,,,,,,,,,,,,,,,,,,,,,9.19,-,,,,,,,,,,,,,,,,,,,,,,,,,-,-,,,,,,,,,,,,,,,,,,,,,,,,,
,04-22-2015,14:47:22, Lane 1 ,Fwd,FF,,346,2,48,,2,7.72,,,,,,,,,,,,,,,,,,,,,,,,7.72,-,,,,,,,,,,,,,,,,,,,,,,,,,-,-,,,,,,,,,,,,,,,,,,,,,,,,,
,04-22-2015,14:47:23, Lane 1 ,Fwd,FF,,347,2,50,,2,9.35,,,,,,,,,,,,,,,,,,,,,,,,9.35,-,,,,,,,,,,,,,,,,,,,,,,,,,-,-,,,,,,,,,,,,,,,,,,,,,,,,,
,04-22-2015,14:47:27, Lane 1 ,Fwd,FF,,348,2,50,,2,9.07,,,,,,,,,,,,,,,,,,,,,,,,9.07,-,,,,,,,,,,,,,,,,,,,,,,,,,-,-,,,,,,,,,,,,,,,,,,,,,,,,,
,04-22-2015,14:47:29, Lane 1 ,Fwd,FF,,349,2,50,,2,9.38,,,,,,,,,,,,,,,,,,,,,,,,9.38,-,,,,,,,,,,,,,,,,,,,,,,,,,-,-,,,,,,,,,,,,,,,,,,,,,,,,,
,04-22-2015,14:47:30, Lane 1 ,Fwd,FF,,350,2,50,,2,8.64,,,,,,,,,,,,,,,,,,,,,,,,8.64,-,,,,,,,,,,,,,,,,,,,,,,,,,-,-,,,,,,,,,,,,,,,,,,,,,,,,,
,04-22-2015,14:48:12, Lane 1 ,Fwd,FF,,351,3,56,,2,11.17,,,,,,,,,,,,,,,,,,,,,,,,11.17,-,,,,,,,,,,,,,,,,,,,,,,,,,-,-,,,,,,,,,,,,,,,,,,,,,,,,,
,04-22-2015,14:48:13, Lane 1 ,Fwd,FF,,352,2,58,,2,8.66,,,,,,,,,,,,,,,,,,,,,,,,8.66,-,,,,,,,,,,,,,,,,,,,,,,,,,-,-,,,,,,,,,,,,,,,,,,,,,,,,,
,04-22-2015,14:48:15, Lane 1 ,Fwd,FF,,353,2,56,,2,8.74,,,,,,,,,,,,,,,,,,,,,,,,8.74,-,,,,,,,,,,,,,,,,,,,,,,,,,-,-,,,,,,,,,,,,,,,,,,,,,,,,,
,04-22-2015,14:48:39, Lane 1 ,Fwd,FF,,354,2,56,,2,9.14,,,,,,,,,,,,,,,,,,,,,,,,9.14,-,,,,,,,,,,,,,,,,,,,,,,,,,-,-,,,,,,,,,,,,,,,,,,,,,,,,,
,04-22-2015,14:48:41, Lane 1 ,Fwd,FF,,355,2,57,,2,9.84,,,,,,,,,,,,,,,,,,,,,,,,9.84,-,,,,,,,,,,,,,,,,,,,,,,,,,-,-,,,,,,,,,,,,,,,,,,,,,,,,,
,04-22-2015,14:48:42, Lane 1 ,Fwd,FF,,356,2,57,,2,8.23,,,,,,,,,,,,,,,,,,,,,,,,8.23,-,,,,,,,,,,,,,,,,,,,,,,,,,-,-,,,,,,,,,,,,,,,,,,,,,,,,,
,04-22-2015,14:48:46, Lane 1 ,Fwd,FF,,357,8,56,,3,14.12,16.90,,,,,,,,,,,,,,,,,,,,,,,31.02,-,,,,,,,,,,,,,,,,,,,,,,,,,-,-,,,,,,,,,,,,,,,,,,,,,,,,,
,04-22-2015,14:48:53, Lane 1 ,Fwd,FF,,358,2,53,,2,8.98,,,,,,,,,,,,,,,,,,,,,,,,8.98,-,,,,,,,,,,,,,,,,,,,,,,,,,-,-,,,,,,,,,,,,,,,,,,,,,,,,,
,04-22-2015,14:48:55, Lane 1 ,Fwd,FF,,359,2,54,,2,9.63,,,,,,,,,,,,,,,,,,,,,,,,9.63,-,,,,,,,,,,,,,,,,,,,,,,,,,-,-,,,,,,,,,,,,,,,,,,,,,,,,,
,04-22-2015,14:49:03, Lane 1 ,Fwd,FF,,360,2,61,,2,9.16,,,,,,,,,,,,,,,,,,,,,,,,9.16,-,,,,,,,,,,,,,,,,,,,,,,,,,-,-,,,,,,,,,,,,,,,,,,,,,,,,,
,04-22-2015,14:49:12, Lane 1 ,Fwd,FF,,361,2,64,,2,8.50,,,,,,,,,,,,,,,,,,,,,,,,8.50,-,,,,,,,,,,,,,,,,,,,,,,,,,-,-,,,,,,,,,,,,,,,,,,,,,,,,,
,04-22-2015,14:49:27, Lane 1 ,Fwd,FF,,362,3,62,,2,11.64,,,,,,,,,,,,,,,,,,,,,,,,11.64,-,,,,,,,,,,,,,,,,,,,,,,,,,-,-,,,,,,,,,,,,,,,,,,,,,,,,,
,04-22-2015,14:49:41, Lane 1 ,Fwd,FF,,363,2,56,,2,8.94,,,,,,,,,,,,,,,,,,,,,,,,8.94,-,,,,,,,,,,,,,,,,,,,,,,,,,-,-,,,,,,,,,,,,,,,,,,,,,,,,,
,04-22-2015,14:49:42, Lane 1 ,Fwd,FF,,364,2,55,,2,8.70,,,,,,,,,,,,,,,,,,,,,,,,8.70,-,,,,,,,,,,,,,,,,,,,,,,,,,-,-,,,,,,,,,,,,,,,,,,,,,,,,,
,04-22-2015,14:49:44, Lane 1 ,Fwd,FF,,365,2,63,,2,9.71,,,,,,,,,,,,,,,,,,,,,,,,9.71,-,,,,,,,,,,,,,,,,,,,,,,,,,-,-,,,,,,,,,,,,,,,,,,,,,,,,,
,04-22-2015,14:50:16, Lane 1 ,Fwd,FF,,366,5,55,,2,16.00,,,,,,,,,,,,,,,,,,,,,,,,16.00,-,,,,,,,,,,,,,,,,,,,,,,,,,-,-,,,,,,,,,,,,,,,,,,,,,,,,,
,04-22-2015,14:50:18, Lane 1 ,Fwd,FF,,367,2,55,,2,9.65,,,,,,,,,,,,,,,,,,,,,,,,9.65,-,,,,,,,,,,,,,,,,,,,,,,,,,-,-,,,,,,,,,,,,,,,,,,,,,,,,,
,04-22-2015,14:50:38, Lane 1 ,Fwd,FF,,368,2,55,,2,8.80,,,,,,,,,,,,,,,,,,,,,,,,8.80,-,,,,,,,,,,,,,,,,,,,,,,,,,-,-,,,,,,,,,,,,,,,,,,,,,,,,,
,04-22-2015,14:50:39, Lane 1 ,Fwd,FF,,369,2,55,,2,8.92,,,,,,,,,,,,,,,,,,,,,,,,8.92,-,,,,,,,,,,,,,,,,,,,,,,,,,-,-,,,,,,,,,,,,,,,,,,,,,,,,,
,04-22-2015,14:50:41, Lane 1 ,Fwd,FF,,370,2,52,,2,8.48,,,,,,,,,,,,,,,,,,,,,,,,8.48,-,,,,,,,,,,,,,,,,,,,,,,,,,-,-,,,,,,,,,,,,,,,,,,,,,,,,,
,04-22-2015,14:50:42, Lane 1 ,Fwd,FF,,371,2,53,,2,9.59,,,,,,,,,,,,,,,,,,,,,,,,9.59,-,,,,,,,,,,,,,,,,,,,,,,,,,-,-,,,,,,,,,,,,,,,,,,,,,,,,,
,04-22-2015,14:50:44, Lane 1 ,Fwd,FF,,372,2,53,,2,8.52,,,,,,,,,,,,,,,,,,,,,,,,8.52,-,,,,,,,,,,,,,,,,,,,,,,,,,-,-,,,,,,,,,,,,,,,,,,,,,,,,,
,04-22-2015,14:50:45, Lane 1 ,Fwd,FF,,373,2,52,,2,8.61,,,,,,,,,,,,,,,,,,,,,,,,8.61,-,,,,,,,,,,,,,,,,,,,,,,,,,-,-,,,,,,,,,,,,,,,,,,,,,,,,,
,04-22-2015,14:50:49, Lane 1 ,Fwd,FF,,374,2,63,,2,8.68,,,,,,,,,,,,,,,,,,,,,,,,8.68,-,,,,,,,,,,,,,,,,,,,,,,,,,-,-,,,,,,,,,,,,,,,,,,,,,,,,,
,04-22-2015,14:51:14, Lane 1 ,Fwd,FF,,375,4,45,,2,20.95,,,,,,,,,,,,,,,,,,,,,,,,20.95,-,,,,,,,,,,,,,,,,,,,,,,,,,-,-,,,,,,,,,,,,,,,,,,,,,,,,,
,04-22-2015,14:51:16, Lane 1 ,Fwd,FF,,376,2,45,,2,8.69,,,,,,,,,,,,,,,,,,,,,,,,8.69,-,,,,,,,,,,,,,,,,,,,,,,,,,-,-,,,,,,,,,,,,,,,,,,,,,,,,,
,04-22-2015,14:51:24, Lane 1 ,Fwd,FF,,377,3,53,,2,11.53,,,,,,,,,,,,,,,,,,,,,,,,11.53,-,,,,,,,,,,,,,,,,,,,,,,,,,-,-,,,,,,,,,,,,,,,,,,,,,,,,,
,04-22-2015,14:51:25, Lane 1 ,Fwd,FF,,378,3,51,,2,12.00,,,,,,,,,,,,,,,,,,,,,,,,12.00,-,,,,,,,,,,,,,,,,,,,,,,,,,-,-,,,,,,,,,,,,,,,,,,,,,,,,,
,04-22-2015,14:51:42, Lane 1 ,Fwd,FF,,379,2,59,,2,9.83,,,,,,,,,,,,,,,,,,,,,,,,9.83,-,,,,,,,,,,,,,,,,,,,,,,,,,-,-,,,,,,,,,,,,,,,,,,,,,,,,,
,04-22-2015,14:51:51, Lane 1 ,Fwd,FF,,380,3,60,,2,11.74,,,,,,,,,,,,,,,,,,,,,,,,11.74,-,,,,,,,,,,,,,,,,,,,,,,,,,-,-,,,,,,,,,,,,,,,,,,,,,,,,,
,04-22-2015,14:52:06, Lane 1 ,Fwd,FF,,381,2,54,,2,8.43,,,,,,,,,,,,,,,,,,,,,,,,8.43,-,,,,,,,,,,,,,,,,,,,,,,,,,-,-,,,,,,,,,,,,,,,,,,,,,,,,,
,04-22-2015,14:52:08, Lane 1 ,Fwd,FF,,382,2,55,,2,9.65,,,,,,,,,,,,,,,,,,,,,,,,9.65,-,,,,,,,,,,,,,,,,,,,,,,,,,-,-,,,,,,,,,,,,,,,,,,,,,,,,,
,04-22-2015,14:52:09, Lane 1 ,Fwd,FF,,383,2,54,,2,9.24,,,,,,,,,,,,,,,,,,,,,,,,9.24,-,,,,,,,,,,,,,,,,,,,,,,,,,-,-,,,,,,,,,,,,,,,,,,,,,,,,,
,04-22-2015,14:52:11, Lane 1 ,Fwd,FF,,384,3,58,,2,10.64,,,,,,,,,,,,,,,,,,,,,,,,10.64,-,,,,,,,,,,,,,,,,,,,,,,,,,-,-,,,,,,,,,,,,,,,,,,,,,,,,,
,04-22-2015,14:52:17, Lane 1 ,Fwd,FF,,385,5,57,,2,14.18,,,,,,,,,,,,,,,,,,,,,,,,14.18,-,,,,,,,,,,,,,,,,,,,,,,,,,-,-,,,,,,,,,,,,,,,,,,,,,,,,,
,04-22-2015,14:52:19, Lane 1 ,Fwd,FF,,386,2,57,,2,8.42,,,,,,,,,,,,,,,,,,,,,,,,8.42,-,,,,,,,,,,,,,,,,,,,,,,,,,-,-,,,,,,,,,,,,,,,,,,,,,,,,,
,04-22-2015,14:52:20, Lane 1 ,Fwd,FF,,387,2,56,,2,10.03,,,,,,,,,,,,,,,,,,,,,,,,10.03,-,,,,,,,,,,,,,,,,,,,,,,,,,-,-,,,,,,,,,,,,,,,,,,,,,,,,,
,04-22-2015,14:52:25, Lane 1 ,Fwd,FF,,388,2,63,,2,8.75,,,,,,,,,,,,,,,,,,,,,,,,8.75,-,,,,,,,,,,,,,,,,,,,,,,,,,-,-,,,,,,,,,,,,,,,,,,,,,,,,,
,04-22-2015,14:52:33, Lane 1 ,Fwd,FF,,389,2,63,,2,9.34,,,,,,,,,,,,,,,,,,,,,,,,9.34,-,,,,,,,,,,,,,,,,,,,,,,,,,-,-,,,,,,,,,,,,,,,,,,,,,,,,,
,04-22-2015,14:52:45, Lane 1 ,Fwd,FF,,390,5,61,,2,14.42,,,,,,,,,,,,,,,,,,,,,,,,14.42,-,,,,,,,,,,,,,,,,,,,,,,,,,-,-,,,,,,,,,,,,,,,,,,,,,,,,,
,04-22-2015,14:52:51, Lane 1 ,Fwd,FF,,391,3,64,,2,11.62,,,,,,,,,,,,,,,,,,,,,,,,11.62,-,,,,,,,,,,,,,,,,,,,,,,,,,-,-,,,,,,,,,,,,,,,,,,,,,,,,,
,04-22-2015,14:53:23, Lane 1 ,Fwd,FF,,392,3,58,,2,11.15,,,,,,,,,,,,,,,,,,,,,,,,11.15,-,,,,,,,,,,,,,,,,,,,,,,,,,-,-,,,,,,,,,,,,,,,,,,,,,,,,,
,04-22-2015,14:53:46, Lane 1 ,Fwd,FF,,393,2,58,,2,9.04,,,,,,,,,,,,,,,,,,,,,,,,9.04,-,,,,,,,,,,,,,,,,,,,,,,,,,-,-,,,,,,,,,,,,,,,,,,,,,,,,,
,04-22-2015,14:53:47, Lane 1 ,Fwd,FF,,394,2,56,,2,8.94,,,,,,,,,,,,,,,,,,,,,,,,8.94,-,,,,,,,,,,,,,,,,,,,,,,,,,-,-,,,,,,,,,,,,,,,,,,,,,,,,,
,04-22-2015,14:53:54, Lane 1 ,Fwd,FF,,395,2,63,,2,8.61,,,,,,,,,,,,,,,,,,,,,,,,8.61,-,,,,,,,,,,,,,,,,,,,,,,,,,-,-,,,,,,,,,,,,,,,,,,,,,,,,,
,04-22-2015,14:54:01, Lane 1 ,Fwd,FF,,396,5,57,,2,16.34,,,,,,,,,,,,,,,,,,,,,,,,16.34,-,,,,,,,,,,,,,,,,,,,,,,,,,-,-,,,,,,,,,,,,,,,,,,,,,,,,,
,04-22-2015,14:54:06, Lane 1 ,Fwd,FF,,397,9,59,,5,15.97,4.23,33.24,3.97,,,,,,,,,,,,,,,,,,,,,57.41,-,,,,,,,,,,,,,,,,,,,,,,,,,-,-,,,,,,,,,,,,,,,,,,,,,,,,,
,04-22-2015,14:54:17, Lane 1 ,Fwd,FF,,398,3,55,,2,10.55,,,,,,,,,,,,,,,,,,,,,,,,10.55,-,,,,,,,,,,,,,,,,,,,,,,,,,-,-,,,,,,,,,,,,,,,,,,,,,,,,,
,04-22-2015,14:54:20, Lane 1 ,Fwd,FF,,399,2,56,,2,8.44,,,,,,,,,,,,,,,,,,,,,,,,8.44,-,,,,,,,,,,,,,,,,,,,,,,,,,-,-,,,,,,,,,,,,,,,,,,,,,,,,,
,04-22-2015,14:54:38, Lane 1 ,Fwd,FF,,400,2,64,,4,13.99,38.08,8.41,,,,,,,,,,,,,,,,,,,,,,60.48,-,,,,,,,,,,,,,,,,,,,,,,,,,-,-,,,,,,,,,,,,,,,,,,,,,,,,,
,04-22-2015,14:55:20, Lane 1 ,Fwd,FF,,401,2,67,,2,9.17,,,,,,,,,,,,,,,,,,,,,,,,9.17,-,,,,,,,,,,,,,,,,,,,,,,,,,-,-,,,,,,,,,,,,,,,,,,,,,,,,,
,04-22-2015,14:55:25, Lane 1 ,Fwd,FF,,402,2,64,,2,8.91,,,,,,,,,,,,,,,,,,,,,,,,8.91,-,,,,,,,,,,,,,,,,,,,,,,,,,-,-,,,,,,,,,,,,,,,,,,,,,,,,,
,04-22-2015,14:55:27, Lane 1 ,Fwd,FF,,403,2,62,,2,9.55,,,,,,,,,,,,,,,,,,,,,,,,9.55,-,,,,,,,,,,,,,,,,,,,,,,,,,-,-,,,,,,,,,,,,,,,,,,,,,,,,,
,04-22-2015,14:55:29, Lane 1 ,Fwd,FF,,404,5,58,,2,15.52,,,,,,,,,,,,,,,,,,,,,,,,15.52,-,,,,,,,,,,,,,,,,,,,,,,,,,-,-,,,,,,,,,,,,,,,,,,,,,,,,,
,04-22-2015,14:55:31, Lane 1 ,Fwd,FF,,405,2,62,,2,8.39,,,,,,,,,,,,,,,,,,,,,,,,8.39,-,,,,,,,,,,,,,,,,,,,,,,,,,-,-,,,,,,,,,,,,,,,,,,,,,,,,,
,04-22-2015,14:55:32, Lane 1 ,Fwd,FF,,406,3,61,,3,11.29,14.69,,,,,,,,,,,,,,,,,,,,,,,25.98,-,,,,,,,,,,,,,,,,,,,,,,,,,-,-,,,,,,,,,,,,,,,,,,,,,,,,,
,04-22-2015,14:55:34, Lane 1 ,Fwd,FF,,407,2,63,,2,8.86,,,,,,,,,,,,,,,,,,,,,,,,8.86,-,,,,,,,,,,,,,,,,,,,,,,,,,-,-,,,,,,,,,,,,,,,,,,,,,,,,,
,04-22-2015,14:55:44, Lane 1 ,Fwd,FF,,408,2,55,,2,8.46,,,,,,,,,,,,,,,,,,,,,,,,8.46,-,,,,,,,,,,,,,,,,,,,,,,,,,-,-,,,,,,,,,,,,,,,,,,,,,,,,,
,04-22-2015,14:56:21, Lane 1 ,Fwd,FF,,409,3,54,,2,11.45,,,,,,,,,,,,,,,,,,,,,,,,11.45,-,,,,,,,,,,,,,,,,,,,,,,,,,-,-,,,,,,,,,,,,,,,,,,,,,,,,,
,04-22-2015,14:56:29, Lane 1 ,Fwd,FF,,410,2,59,,2,8.03,,,,,,,,,,,,,,,,,,,,,,,,8.03,-,,,,,,,,,,,,,,,,,,,,,,,,,-,-,,,,,,,,,,,,,,,,,,,,,,,,,
,04-22-2015,14:56:33, Lane 1 ,Fwd,FF,,411,2,59,,2,8.64,,,,,,,,,,,,,,,,,,,,,,,,8.64,-,,,,,,,,,,,,,,,,,,,,,,,,,-,-,,,,,,,,,,,,,,,,,,,,,,,,,
,04-22-2015,14:56:40, Lane 1 ,Fwd,FF,,412,3,60,,2,11.04,,,,,,,,,,,,,,,,,,,,,,,,11.04,-,,,,,,,,,,,,,,,,,,,,,,,,,-,-,,,,,,,,,,,,,,,,,,,,,,,,,
,04-22-2015,14:56:47, Lane 1 ,Fwd,FF,,413,3,58,,2,10.73,,,,,,,,,,,,,,,,,,,,,,,,10.73,-,,,,,,,,,,,,,,,,,,,,,,,,,-,-,,,,,,,,,,,,,,,,,,,,,,,,,
,04-22-2015,14:57:05, Lane 1 ,Fwd,FF,,414,2,60,,2,9.20,,,,,,,,,,,,,,,,,,,,,,,,9.20,-,,,,,,,,,,,,,,,,,,,,,,,,,-,-,,,,,,,,,,,,,,,,,,,,,,,,,
,04-22-2015,14:57:09, Lane 1 ,Fwd,FF,,415,9,54,,5,16.32,4.24,35.85,4.00,,,,,,,,,,,,,,,,,,,,,60.41,-,,,,,,,,,,,,,,,,,,,,,,,,,-,-,,,,,,,,,,,,,,,,,,,,,,,,,
,04-22-2015,14:57:11, Lane 1 ,Fwd,FF,,416,2,53,,2,8.73,,,,,,,,,,,,,,,,,,,,,,,,8.73,-,,,,,,,,,,,,,,,,,,,,,,,,,-,-,,,,,,,,,,,,,,,,,,,,,,,,,
,04-22-2015,14:58:07, Lane 1 ,Fwd,FF,,417,2,54,,2,9.81,,,,,,,,,,,,,,,,,,,,,,,,9.81,-,,,,,,,,,,,,,,,,,,,,,,,,,-,-,,,,,,,,,,,,,,,,,,,,,,,,,
,04-22-2015,14:58:24, Lane 1 ,Fwd,FF,,418,2,59,,2,8.35,,,,,,,,,,,,,,,,,,,,,,,,8.35,-,,,,,,,,,,,,,,,,,,,,,,,,,-,-,,,,,,,,,,,,,,,,,,,,,,,,,
,04-22-2015,14:58:26, Lane 1 ,Fwd,FF,,419,8,58,,3,13.12,17.15,,,,,,,,,,,,,,,,,,,,,,,30.27,-,,,,,,,,,,,,,,,,,,,,,,,,,-,-,,,,,,,,,,,,,,,,,,,,,,,,,
,04-22-2015,14:59:01, Lane 1 ,Fwd,FF,,420,3,46,,2,11.26,,,,,,,,,,,,,,,,,,,,,,,,11.26,-,,,,,,,,,,,,,,,,,,,,,,,,,-,-,,,,,,,,,,,,,,,,,,,,,,,,,
,04-22-2015,14:59:02, Lane 1 ,Fwd,FF,,421,2,46,,2,8.93,,,,,,,,,,,,,,,,,,,,,,,,8.93,-,,,,,,,,,,,,,,,,,,,,,,,,,-,-,,,,,,,,,,,,,,,,,,,,,,,,,
,04-22-2015,14:59:04, Lane 1 ,Fwd,FF,,422,2,46,,2,9.47,,,,,,,,,,,,,,,,,,,,,,,,9.47,-,,,,,,,,,,,,,,,,,,,,,,,,,-,-,,,,,,,,,,,,,,,,,,,,,,,,,
,04-22-2015,14:59:05, Lane 1 ,Fwd,FF,,423,8,46,,4,11.73,20.41,2.64,,,,,,,,,,,,,,,,,,,,,,34.78,-,,,,,,,,,,,,,,,,,,,,,,,,,-,-,,,,,,,,,,,,,,,,,,,,,,,,,
,04-22-2015,14:59:07, Lane 1 ,Fwd,FF,,424,5,48,,2,19.19,,,,,,,,,,,,,,,,,,,,,,,,19.19,-,,,,,,,,,,,,,,,,,,,,,,,,,-,-,,,,,,,,,,,,,,,,,,,,,,,,,
,04-22-2015,14:59:09, Lane 1 ,Fwd,FF,,425,2,48,,2,9.18,,,,,,,,,,,,,,,,,,,,,,,,9.18,-,,,,,,,,,,,,,,,,,,,,,,,,,-,-,,,,,,,,,,,,,,,,,,,,,,,,,
,04-22-2015,14:59:10, Lane 1 ,Fwd,FF,,426,2,47,,2,8.67,,,,,,,,,,,,,,,,,,,,,,,,8.67,-,,,,,,,,,,,,,,,,,,,,,,,,,-,-,,,,,,,,,,,,,,,,,,,,,,,,,
,04-22-2015,14:59:12, Lane 1 ,Fwd,FF,,427,2,48,,2,8.10,,,,,,,,,,,,,,,,,,,,,,,,8.10,-,,,,,,,,,,,,,,,,,,,,,,,,,-,-,,,,,,,,,,,,,,,,,,,,,,,,,
,04-22-2015,14:59:13, Lane 1 ,Fwd,FF,,428,2,47,,2,9.78,,,,,,,,,,,,,,,,,,,,,,,,9.78,-,,,,,,,,,,,,,,,,,,,,,,,,,-,-,,,,,,,,,,,,,,,,,,,,,,,,,
,04-22-2015,14:59:14, Lane 1 ,Fwd,FF,,429,2,51,,2,9.85,,,,,,,,,,,,,,,,,,,,,,,,9.85,-,,,,,,,,,,,,,,,,,,,,,,,,,-,-,,,,,,,,,,,,,,,,,,,,,,,,,
,04-22-2015,14:59:19, Lane 1 ,Fwd,FF,,430,2,51,,2,8.87,,,,,,,,,,,,,,,,,,,,,,,,8.87,-,,,,,,,,,,,,,,,,,,,,,,,,,-,-,,,,,,,,,,,,,,,,,,,,,,,,,
,04-22-2015,14:59:20, Lane 1 ,Fwd,FF,,431,2,53,,2,8.92,,,,,,,,,,,,,,,,,,,,,,,,8.92,-,,,,,,,,,,,,,,,,,,,,,,,,,-,-,,,,,,,,,,,,,,,,,,,,,,,,,
,04-22-2015,14:59:49, Lane 1 ,Fwd,FF,,432,2,54,,2,9.69,,,,,,,,,,,,,,,,,,,,,,,,9.69,-,,,,,,,,,,,,,,,,,,,,,,,,,-,-,,,,,,,,,,,,,,,,,,,,,,,,,
,04-22-2015,14:59:50, Lane 1 ,Fwd,FF,,433,2,55,,2,9.44,,,,,,,,,,,,,,,,,,,,,,,,9.44,-,,,,,,,,,,,,,,,,,,,,,,,,,-,-,,,,,,,,,,,,,,,,,,,,,,,,,
,04-22-2015,14:59:58, Lane 1 ,Fwd,FF,,434,2,54,,2,8.50,,,,,,,,,,,,,,,,,,,,,,,,8.50,-,,,,,,,,,,,,,,,,,,,,,,,,,-,-,,,,,,,,,,,,,,,,,,,,,,,,,
,04-22-2015,15:00:28, Lane 1 ,Fwd,FF,,1,2,58,,2,9.21,,,,,,,,,,,,,,,,,,,,,,,,9.21,-,,,,,,,,,,,,,,,,,,,,,,,,,-,-,,,,,,,,,,,,,,,,,,,,,,,,,
,04-22-2015,15:00:52, Lane 1 ,Fwd,FF,,2,5,58,,2,13.37,,,,,,,,,,,,,,,,,,,,,,,,13.37,-,,,,,,,,,,,,,,,,,,,,,,,,,-,-,,,,,,,,,,,,,,,,,,,,,,,,,
,04-22-2015,15:00:56, Lane 1 ,Fwd,FF,,3,3,64,,2,11.35,,,,,,,,,,,,,,,,,,,,,,,,11.35,-,,,,,,,,,,,,,,,,,,,,,,,,,-,-,,,,,,,,,,,,,,,,,,,,,,,,,
,04-22-2015,15:01:02, Lane 1 ,Fwd,FF,,4,3,58,,3,10.48,15.80,,,,,,,,,,,,,,,,,,,,,,,26.28,-,,,,,,,,,,,,,,,,,,,,,,,,,-,-,,,,,,,,,,,,,,,,,,,,,,,,,
,04-22-2015,15:01:04, Lane 1 ,Fwd,FF,,5,2,58,,2,8.68,,,,,,,,,,,,,,,,,,,,,,,,8.68,-,,,,,,,,,,,,,,,,,,,,,,,,,-,-,,,,,,,,,,,,,,,,,,,,,,,,,
,04-22-2015,15:01:05, Lane 1 ,Fwd,FF,,6,2,60,,2,8.76,,,,,,,,,,,,,,,,,,,,,,,,8.76,-,,,,,,,,,,,,,,,,,,,,,,,,,-,-,,,,,,,,,,,,,,,,,,,,,,,,,
,04-22-2015,15:01:07, Lane 1 ,Fwd,FF,,7,2,59,,2,9.30,,,,,,,,,,,,,,,,,,,,,,,,9.30,-,,,,,,,,,,,,,,,,,,,,,,,,,-,-,,,,,,,,,,,,,,,,,,,,,,,,,
,04-22-2015,15:01:09, Lane 1 ,Fwd,FF,,8,2,58,,2,8.57,,,,,,,,,,,,,,,,,,,,,,,,8.57,-,,,,,,,,,,,,,,,,,,,,,,,,,-,-,,,,,,,,,,,,,,,,,,,,,,,,,
,04-22-2015,15:01:16, Lane 1 ,Fwd,FF,,9,2,61,,2,9.31,,,,,,,,,,,,,,,,,,,,,,,,9.31,-,,,,,,,,,,,,,,,,,,,,,,,,,-,-,,,,,,,,,,,,,,,,,,,,,,,,,
,04-22-2015,15:01:22, Lane 1 ,Fwd,FF,,10,3,68,,2,11.70,,,,,,,,,,,,,,,,,,,,,,,,11.70,-,,,,,,,,,,,,,,,,,,,,,,,,,-,-,,,,,,,,,,,,,,,,,,,,,,,,,
,04-22-2015,15:01:26, Lane 1 ,Fwd,FF,,11,2,63,,2,8.84,,,,,,,,,,,,,,,,,,,,,,,,8.84,-,,,,,,,,,,,,,,,,,,,,,,,,,-,-,,,,,,,,,,,,,,,,,,,,,,,,,
,04-22-2015,15:01:39, Lane 1 ,Fwd,FF,,12,2,57,,2,9.17,,,,,,,,,,,,,,,,,,,,,,,,9.17,-,,,,,,,,,,,,,,,,,,,,,,,,,-,-,,,,,,,,,,,,,,,,,,,,,,,,,
,04-22-2015,15:01:49, Lane 1 ,Fwd,FF,,13,2,58,,2,8.74,,,,,,,,,,,,,,,,,,,,,,,,8.74,-,,,,,,,,,,,,,,,,,,,,,,,,,-,-,,,,,,,,,,,,,,,,,,,,,,,,,
,04-22-2015,15:01:51, Lane 1 ,Fwd,FF,,14,2,57,,2,8.98,,,,,,,,,,,,,,,,,,,,,,,,8.98,-,,,,,,,,,,,,,,,,,,,,,,,,,-,-,,,,,,,,,,,,,,,,,,,,,,,,,
,04-22-2015,15:01:52, Lane 1 ,Fwd,FF,,15,2,56,,2,8.77,,,,,,,,,,,,,,,,,,,,,,,,8.77,-,,,,,,,,,,,,,,,,,,,,,,,,,-,-,,,,,,,,,,,,,,,,,,,,,,,,,
,04-22-2015,15:01:55, Lane 1 ,Fwd,FF,,16,2,63,,2,8.80,,,,,,,,,,,,,,,,,,,,,,,,8.80,-,,,,,,,,,,,,,,,,,,,,,,,,,-,-,,,,,,,,,,,,,,,,,,,,,,,,,
,04-22-2015,15:02:25, Lane 1 ,Fwd,FF,,17,2,58,,2,9.45,,,,,,,,,,,,,,,,,,,,,,,,9.45,-,,,,,,,,,,,,,,,,,,,,,,,,,-,-,,,,,,,,,,,,,,,,,,,,,,,,,
,04-22-2015,15:02:26, Lane 1 ,Fwd,FF,,18,2,58,,2,8.94,,,,,,,,,,,,,,,,,,,,,,,,8.94,-,,,,,,,,,,,,,,,,,,,,,,,,,-,-,,,,,,,,,,,,,,,,,,,,,,,,,
,04-22-2015,15:02:31, Lane 1 ,Fwd,FF,,19,2,57,,2,8.14,,,,,,,,,,,,,,,,,,,,,,,,8.14,-,,,,,,,,,,,,,,,,,,,,,,,,,-,-,,,,,,,,,,,,,,,,,,,,,,,,,
,04-22-2015,15:02:32, Lane 1 ,Fwd,FF,,20,2,57,,2,9.40,,,,,,,,,,,,,,,,,,,,,,,,9.40,-,,,,,,,,,,,,,,,,,,,,,,,,,-,-,,,,,,,,,,,,,,,,,,,,,,,,,
,04-22-2015,15:03:00, Lane 1 ,Fwd,FF,,21,2,62,,2,8.21,,,,,,,,,,,,,,,,,,,,,,,,8.21,-,,,,,,,,,,,,,,,,,,,,,,,,,-,-,,,,,,,,,,,,,,,,,,,,,,,,,
,04-22-2015,15:03:02, Lane 1 ,Fwd,FF,,22,2,62,,2,9.56,,,,,,,,,,,,,,,,,,,,,,,,9.56,-,,,,,,,,,,,,,,,,,,,,,,,,,-,-,,,,,,,,,,,,,,,,,,,,,,,,,
,04-22-2015,15:03:04, Lane 1 ,Fwd,FF,,23,3,63,,2,11.82,,,,,,,,,,,,,,,,,,,,,,,,11.82,-,,,,,,,,,,,,,,,,,,,,,,,,,-,-,,,,,,,,,,,,,,,,,,,,,,,,,
,04-22-2015,15:03:05, Lane 1 ,Fwd,FF,,24,2,63,,2,9.80,,,,,,,,,,,,,,,,,,,,,,,,9.80,-,,,,,,,,,,,,,,,,,,,,,,,,,-,-,,,,,,,,,,,,,,,,,,,,,,,,,
,04-22-2015,15:03:13, Lane 1 ,Fwd,FF,,25,2,60,,2,8.50,,,,,,,,,,,,,,,,,,,,,,,,8.50,-,,,,,,,,,,,,,,,,,,,,,,,,,-,-,,,,,,,,,,,,,,,,,,,,,,,,,
,04-22-2015,15:03:15, Lane 1 ,Fwd,FF,,26,2,58,,2,8.91,,,,,,,,,,,,,,,,,,,,,,,,8.91,-,,,,,,,,,,,,,,,,,,,,,,,,,-,-,,,,,,,,,,,,,,,,,,,,,,,,,
,04-22-2015,15:03:34, Lane 1 ,Fwd,FF,,27,6,61,,3,18.36,4.39,,,,,,,,,,,,,,,,,,,,,,,22.75,-,,,,,,,,,,,,,,,,,,,,,,,,,-,-,,,,,,,,,,,,,,,,,,,,,,,,,
,04-22-2015,15:03:52, Lane 1 ,Fwd,FF,,28,3,56,,2,11.26,,,,,,,,,,,,,,,,,,,,,,,,11.26,-,,,,,,,,,,,,,,,,,,,,,,,,,-,-,,,,,,,,,,,,,,,,,,,,,,,,,
,04-22-2015,15:03:53, Lane 1 ,Fwd,FF,,29,2,58,,2,9.21,,,,,,,,,,,,,,,,,,,,,,,,9.21,-,,,,,,,,,,,,,,,,,,,,,,,,,-,-,,,,,,,,,,,,,,,,,,,,,,,,,
,04-22-2015,15:03:57, Lane 1 ,Fwd,FF,,30,2,66,,2,9.10,,,,,,,,,,,,,,,,,,,,,,,,9.10,-,,,,,,,,,,,,,,,,,,,,,,,,,-,-,,,,,,,,,,,,,,,,,,,,,,,,,
,04-22-2015,15:04:04, Lane 1 ,Fwd,FF,,31,2,59,,2,8.89,,,,,,,,,,,,,,,,,,,,,,,,8.89,-,,,,,,,,,,,,,,,,,,,,,,,,,-,-,,,,,,,,,,,,,,,,,,,,,,,,,
,04-22-2015,15:04:14, Lane 1 ,Fwd,FF,,32,2,60,,2,9.20,,,,,,,,,,,,,,,,,,,,,,,,9.20,-,,,,,,,,,,,,,,,,,,,,,,,,,-,-,,,,,,,,,,,,,,,,,,,,,,,,,
,04-22-2015,15:04:17, Lane 1 ,Fwd,FF,,33,3,56,,2,11.84,,,,,,,,,,,,,,,,,,,,,,,,11.84,-,,,,,,,,,,,,,,,,,,,,,,,,,-,-,,,,,,,,,,,,,,,,,,,,,,,,,
,04-22-2015,15:05:12, Lane 1 ,Fwd,FF,,34,3,66,,2,11.33,,,,,,,,,,,,,,,,,,,,,,,,11.33,-,,,,,,,,,,,,,,,,,,,,,,,,,-,-,,,,,,,,,,,,,,,,,,,,,,,,,
,04-22-2015,15:05:17, Lane 1 ,Fwd,FF,,35,2,63,,2,8.43,,,,,,,,,,,,,,,,,,,,,,,,8.43,-,,,,,,,,,,,,,,,,,,,,,,,,,-,-,,,,,,,,,,,,,,,,,,,,,,,,,
,04-22-2015,15:05:24, Lane 1 ,Fwd,FF,,36,2,61,,2,8.71,,,,,,,,,,,,,,,,,,,,,,,,8.71,-,,,,,,,,,,,,,,,,,,,,,,,,,-,-,,,,,,,,,,,,,,,,,,,,,,,,,
,04-22-2015,15:05:25, Lane 1 ,Fwd,FF,,37,2,63,,2,7.97,,,,,,,,,,,,,,,,,,,,,,,,7.97,-,,,,,,,,,,,,,,,,,,,,,,,,,-,-,,,,,,,,,,,,,,,,,,,,,,,,,
,04-22-2015,15:05:27, Lane 1 ,Fwd,FF,,38,5,67,,2,14.07,,,,,,,,,,,,,,,,,,,,,,,,14.07,-,,,,,,,,,,,,,,,,,,,,,,,,,-,-,,,,,,,,,,,,,,,,,,,,,,,,,
,04-22-2015,15:05:57, Lane 1 ,Fwd,FF,,39,3,55,,2,11.28,,,,,,,,,,,,,,,,,,,,,,,,11.28,-,,,,,,,,,,,,,,,,,,,,,,,,,-,-,,,,,,,,,,,,,,,,,,,,,,,,,
,04-22-2015,15:05:58, Lane 1 ,Fwd,FF,,40,3,55,,2,11.68,,,,,,,,,,,,,,,,,,,,,,,,11.68,-,,,,,,,,,,,,,,,,,,,,,,,,,-,-,,,,,,,,,,,,,,,,,,,,,,,,,
,04-22-2015,15:06:04, Lane 1 ,Fwd,FF,,41,3,55,,2,11.28,,,,,,,,,,,,,,,,,,,,,,,,11.28,-,,,,,,,,,,,,,,,,,,,,,,,,,-,-,,,,,,,,,,,,,,,,,,,,,,,,,
,04-22-2015,15:06:43, Lane 1 ,Fwd,FF,,42,5,56,,2,13.96,,,,,,,,,,,,,,,,,,,,,,,,13.96,-,,,,,,,,,,,,,,,,,,,,,,,,,-,-,,,,,,,,,,,,,,,,,,,,,,,,,
,04-22-2015,15:06:46, Lane 1 ,Fwd,FF,,43,2,51,,2,8.55,,,,,,,,,,,,,,,,,,,,,,,,8.55,-,,,,,,,,,,,,,,,,,,,,,,,,,-,-,,,,,,,,,,,,,,,,,,,,,,,,,
,04-22-2015,15:06:48, Lane 1 ,Fwd,FF,,44,2,52,,2,8.41,,,,,,,,,,,,,,,,,,,,,,,,8.41,-,,,,,,,,,,,,,,,,,,,,,,,,,-,-,,,,,,,,,,,,,,,,,,,,,,,,,
,04-22-2015,15:06:50, Lane 1 ,Fwd,FF,,45,3,55,,2,11.84,,,,,,,,,,,,,,,,,,,,,,,,11.84,-,,,,,,,,,,,,,,,,,,,,,,,,,-,-,,,,,,,,,,,,,,,,,,,,,,,,,
,04-22-2015,15:06:57, Lane 1 ,Fwd,FF,,46,2,63,,2,9.14,,,,,,,,,,,,,,,,,,,,,,,,9.14,-,,,,,,,,,,,,,,,,,,,,,,,,,-,-,,,,,,,,,,,,,,,,,,,,,,,,,
,04-22-2015,15:07:03, Lane 1 ,Fwd,FF,,47,2,56,,2,8.47,,,,,,,,,,,,,,,,,,,,,,,,8.47,-,,,,,,,,,,,,,,,,,,,,,,,,,-,-,,,,,,,,,,,,,,,,,,,,,,,,,
,04-22-2015,15:07:17, Lane 1 ,Fwd,FF,,48,3,57,,2,10.66,,,,,,,,,,,,,,,,,,,,,,,,10.66,-,,,,,,,,,,,,,,,,,,,,,,,,,-,-,,,,,,,,,,,,,,,,,,,,,,,,,
,04-22-2015,15:07:20, Lane 1 ,Fwd,FF,,49,2,61,,2,8.36,,,,,,,,,,,,,,,,,,,,,,,,8.36,-,,,,,,,,,,,,,,,,,,,,,,,,,-,-,,,,,,,,,,,,,,,,,,,,,,,,,
,04-22-2015,15:07:42, Lane 1 ,Fwd,FF,,50,2,69,,2,9.08,,,,,,,,,,,,,,,,,,,,,,,,9.08,-,,,,,,,,,,,,,,,,,,,,,,,,,-,-,,,,,,,,,,,,,,,,,,,,,,,,,
,04-22-2015,15:08:15, Lane 1 ,Fwd,FF,,51,3,58,,3,11.41,16.14,,,,,,,,,,,,,,,,,,,,,,,27.55,-,,,,,,,,,,,,,,,,,,,,,,,,,-,-,,,,,,,,,,,,,,,,,,,,,,,,,
,04-22-2015,15:08:17, Lane 1 ,Fwd,FF,,52,2,58,,2,8.70,,,,,,,,,,,,,,,,,,,,,,,,8.70,-,,,,,,,,,,,,,,,,,,,,,,,,,-,-,,,,,,,,,,,,,,,,,,,,,,,,,
,04-22-2015,15:08:34, Lane 1 ,Fwd,FF,,53,2,55,,3,9.20,12.08,,,,,,,,,,,,,,,,,,,,,,,21.28,-,,,,,,,,,,,,,,,,,,,,,,,,,-,-,,,,,,,,,,,,,,,,,,,,,,,,,
,04-22-2015,15:08:35, Lane 1 ,Fwd,FF,,54,2,54,,2,9.26,,,,,,,,,,,,,,,,,,,,,,,,9.26,-,,,,,,,,,,,,,,,,,,,,,,,,,-,-,,,,,,,,,,,,,,,,,,,,,,,,,
,04-22-2015,15:08:36, Lane 1 ,Fwd,FF,,55,2,55,,2,10.07,,,,,,,,,,,,,,,,,,,,,,,,10.07,-,,,,,,,,,,,,,,,,,,,,,,,,,-,-,,,,,,,,,,,,,,,,,,,,,,,,,
,04-22-2015,15:08:39, Lane 1 ,Fwd,FF,,56,2,55,,2,8.48,,,,,,,,,,,,,,,,,,,,,,,,8.48,-,,,,,,,,,,,,,,,,,,,,,,,,,-,-,,,,,,,,,,,,,,,,,,,,,,,,,
,04-22-2015,15:08:41, Lane 1 ,Fwd,FF,,57,2,51,,2,7.90,,,,,,,,,,,,,,,,,,,,,,,,7.90,-,,,,,,,,,,,,,,,,,,,,,,,,,-,-,,,,,,,,,,,,,,,,,,,,,,,,,
,04-22-2015,15:08:44, Lane 1 ,Fwd,FF,,58,2,56,,2,9.37,,,,,,,,,,,,,,,,,,,,,,,,9.37,-,,,,,,,,,,,,,,,,,,,,,,,,,-,-,,,,,,,,,,,,,,,,,,,,,,,,,
,04-22-2015,15:08:50, Lane 1 ,Fwd,FF,,59,2,54,,2,9.02,,,,,,,,,,,,,,,,,,,,,,,,9.02,-,,,,,,,,,,,,,,,,,,,,,,,,,-,-,,,,,,,,,,,,,,,,,,,,,,,,,
,04-22-2015,15:08:51, Lane 1 ,Fwd,FF,,60,3,56,,2,10.29,,,,,,,,,,,,,,,,,,,,,,,,10.29,-,,,,,,,,,,,,,,,,,,,,,,,,,-,-,,,,,,,,,,,,,,,,,,,,,,,,,
,04-22-2015,15:08:55, Lane 1 ,Fwd,FF,,61,3,58,,2,11.83,,,,,,,,,,,,,,,,,,,,,,,,11.83,-,,,,,,,,,,,,,,,,,,,,,,,,,-,-,,,,,,,,,,,,,,,,,,,,,,,,,
,04-22-2015,15:09:04, Lane 1 ,Fwd,FF,,62,2,63,,2,8.24,,,,,,,,,,,,,,,,,,,,,,,,8.24,-,,,,,,,,,,,,,,,,,,,,,,,,,-,-,,,,,,,,,,,,,,,,,,,,,,,,,
,04-22-2015,15:09:52, Lane 1 ,Fwd,FF,,63,2,58,,2,9.17,,,,,,,,,,,,,,,,,,,,,,,,9.17,-,,,,,,,,,,,,,,,,,,,,,,,,,-,-,,,,,,,,,,,,,,,,,,,,,,,,,
,04-22-2015,15:09:56, Lane 1 ,Fwd,FF,,64,8,57,,4,14.18,21.40,5.37,,,,,,,,,,,,,,,,,,,,,,40.95,-,,,,,,,,,,,,,,,,,,,,,,,,,-,-,,,,,,,,,,,,,,,,,,,,,,,,,
,04-22-2015,15:09:58, Lane 1 ,Fwd,FF,,65,2,57,,2,8.89,,,,,,,,,,,,,,,,,,,,,,,,8.89,-,,,,,,,,,,,,,,,,,,,,,,,,,-,-,,,,,,,,,,,,,,,,,,,,,,,,,
,04-22-2015,15:10:05, Lane 1 ,Fwd,FF,,66,2,57,,2,8.31,,,,,,,,,,,,,,,,,,,,,,,,8.31,-,,,,,,,,,,,,,,,,,,,,,,,,,-,-,,,,,,,,,,,,,,,,,,,,,,,,,
,04-22-2015,15:10:06, Lane 1 ,Fwd,FF,,67,2,59,,2,8.38,,,,,,,,,,,,,,,,,,,,,,,,8.38,-,,,,,,,,,,,,,,,,,,,,,,,,,-,-,,,,,,,,,,,,,,,,,,,,,,,,,
,04-22-2015,15:10:10, Lane 1 ,Fwd,FF,,68,3,63,,2,11.82,,,,,,,,,,,,,,,,,,,,,,,,11.82,-,,,,,,,,,,,,,,,,,,,,,,,,,-,-,,,,,,,,,,,,,,,,,,,,,,,,,
,04-22-2015,15:10:13, Lane 1 ,Fwd,FF,,69,2,60,,2,8.91,,,,,,,,,,,,,,,,,,,,,,,,8.91,-,,,,,,,,,,,,,,,,,,,,,,,,,-,-,,,,,,,,,,,,,,,,,,,,,,,,,
,04-22-2015,15:10:32, Lane 1 ,Fwd,FF,,70,2,63,,2,8.65,,,,,,,,,,,,,,,,,,,,,,,,8.65,-,,,,,,,,,,,,,,,,,,,,,,,,,-,-,,,,,,,,,,,,,,,,,,,,,,,,,
,04-22-2015,15:10:58, Lane 1 ,Fwd,FF,,71,9,52,,5,11.77,4.23,32.38,4.00,,,,,,,,,,,,,,,,,,,,,52.38,-,,,,,,,,,,,,,,,,,,,,,,,,,-,-,,,,,,,,,,,,,,,,,,,,,,,,,
,04-22-2015,15:11:00, Lane 1 ,Fwd,FF,,72,2,54,,2,8.82,,,,,,,,,,,,,,,,,,,,,,,,8.82,-,,,,,,,,,,,,,,,,,,,,,,,,,-,-,,,,,,,,,,,,,,,,,,,,,,,,,
,04-22-2015,15:11:01, Lane 1 ,Fwd,FF,,73,2,56,,2,8.52,,,,,,,,,,,,,,,,,,,,,,,,8.52,-,,,,,,,,,,,,,,,,,,,,,,,,,-,-,,,,,,,,,,,,,,,,,,,,,,,,,
,04-22-2015,15:11:33, Lane 1 ,Fwd,FF,,74,4,45,,2,22.48,,,,,,,,,,,,,,,,,,,,,,,,22.48,-,,,,,,,,,,,,,,,,,,,,,,,,,-,-,,,,,,,,,,,,,,,,,,,,,,,,,
,04-22-2015,15:11:37, Lane 1 ,Fwd,FF,,75,2,47,,2,10.16,,,,,,,,,,,,,,,,,,,,,,,,10.16,-,,,,,,,,,,,,,,,,,,,,,,,,,-,-,,,,,,,,,,,,,,,,,,,,,,,,,
,04-22-2015,15:11:38, Lane 1 ,Fwd,FF,,76,2,49,,2,7.79,,,,,,,,,,,,,,,,,,,,,,,,7.79,-,,,,,,,,,,,,,,,,,,,,,,,,,-,-,,,,,,,,,,,,,,,,,,,,,,,,,
,04-22-2015,15:11:39, Lane 1 ,Fwd,FF,,77,3,47,,2,11.17,,,,,,,,,,,,,,,,,,,,,,,,11.17,-,,,,,,,,,,,,,,,,,,,,,,,,,-,-,,,,,,,,,,,,,,,,,,,,,,,,,
,04-22-2015,15:11:42, Lane 1 ,Fwd,FF,,78,2,46,,2,9.15,,,,,,,,,,,,,,,,,,,,,,,,9.15,-,,,,,,,,,,,,,,,,,,,,,,,,,-,-,,,,,,,,,,,,,,,,,,,,,,,,,
,04-22-2015,15:11:46, Lane 1 ,Fwd,FF,,79,2,47,,2,8.57,,,,,,,,,,,,,,,,,,,,,,,,8.57,-,,,,,,,,,,,,,,,,,,,,,,,,,-,-,,,,,,,,,,,,,,,,,,,,,,,,,
,04-22-2015,15:12:12, Lane 1 ,Fwd,FF,,80,2,64,,2,9.75,,,,,,,,,,,,,,,,,,,,,,,,9.75,-,,,,,,,,,,,,,,,,,,,,,,,,,-,-,,,,,,,,,,,,,,,,,,,,,,,,,
,04-22-2015,15:12:35, Lane 1 ,Fwd,FF,,81,2,55,,2,8.51,,,,,,,,,,,,,,,,,,,,,,,,8.51,-,,,,,,,,,,,,,,,,,,,,,,,,,-,-,,,,,,,,,,,,,,,,,,,,,,,,,
,04-22-2015,15:12:36, Lane 1 ,Fwd,FF,,82,2,56,,2,8.85,,,,,,,,,,,,,,,,,,,,,,,,8.85,-,,,,,,,,,,,,,,,,,,,,,,,,,-,-,,,,,,,,,,,,,,,,,,,,,,,,,
,04-22-2015,15:12:38, Lane 1 ,Fwd,FF,,83,2,58,,2,9.80,,,,,,,,,,,,,,,,,,,,,,,,9.80,-,,,,,,,,,,,,,,,,,,,,,,,,,-,-,,,,,,,,,,,,,,,,,,,,,,,,,
,04-22-2015,15:13:21, Lane 1 ,Fwd,FF,,84,3,50,,2,12.81,,,,,,,,,,,,,,,,,,,,,,,,12.81,-,,,,,,,,,,,,,,,,,,,,,,,,,-,-,,,,,,,,,,,,,,,,,,,,,,,,,
,04-22-2015,15:13:25, Lane 1 ,Fwd,FF,,85,2,49,,2,8.41,,,,,,,,,,,,,,,,,,,,,,,,8.41,-,,,,,,,,,,,,,,,,,,,,,,,,,-,-,,,,,,,,,,,,,,,,,,,,,,,,,
,04-22-2015,15:13:26, Lane 1 ,Fwd,FF,,86,2,52,,2,9.06,,,,,,,,,,,,,,,,,,,,,,,,9.06,-,,,,,,,,,,,,,,,,,,,,,,,,,-,-,,,,,,,,,,,,,,,,,,,,,,,,,
,04-22-2015,15:13:27, Lane 1 ,Fwd,FF,,87,2,52,,2,9.21,,,,,,,,,,,,,,,,,,,,,,,,9.21,-,,,,,,,,,,,,,,,,,,,,,,,,,-,-,,,,,,,,,,,,,,,,,,,,,,,,,
,04-22-2015,15:13:30, Lane 1 ,Fwd,FF,,88,2,52,,2,8.81,,,,,,,,,,,,,,,,,,,,,,,,8.81,-,,,,,,,,,,,,,,,,,,,,,,,,,-,-,,,,,,,,,,,,,,,,,,,,,,,,,
,04-22-2015,15:13:32, Lane 1 ,Fwd,FF,,89,2,46,,2,8.90,,,,,,,,,,,,,,,,,,,,,,,,8.90,-,,,,,,,,,,,,,,,,,,,,,,,,,-,-,,,,,,,,,,,,,,,,,,,,,,,,,
,04-22-2015,15:13:34, Lane 1 ,Fwd,FF,,90,3,51,,2,11.19,,,,,,,,,,,,,,,,,,,,,,,,11.19,-,,,,,,,,,,,,,,,,,,,,,,,,,-,-,,,,,,,,,,,,,,,,,,,,,,,,,
,04-22-2015,15:13:37, Lane 1 ,Fwd,FF,,91,2,56,,2,9.71,,,,,,,,,,,,,,,,,,,,,,,,9.71,-,,,,,,,,,,,,,,,,,,,,,,,,,-,-,,,,,,,,,,,,,,,,,,,,,,,,,
,04-22-2015,15:13:44, Lane 1 ,Fwd,FF,,92,4,62,,2,22.29,,,,,,,,,,,,,,,,,,,,,,,,22.29,-,,,,,,,,,,,,,,,,,,,,,,,,,-,-,,,,,,,,,,,,,,,,,,,,,,,,,
,04-22-2015,15:14:01, Lane 1 ,Fwd,FF,,93,3,56,,2,10.68,,,,,,,,,,,,,,,,,,,,,,,,10.68,-,,,,,,,,,,,,,,,,,,,,,,,,,-,-,,,,,,,,,,,,,,,,,,,,,,,,,
,04-22-2015,15:14:05, Lane 1 ,Fwd,FF,,94,2,54,,2,8.50,,,,,,,,,,,,,,,,,,,,,,,,8.50,-,,,,,,,,,,,,,,,,,,,,,,,,,-,-,,,,,,,,,,,,,,,,,,,,,,,,,
,04-22-2015,15:14:06, Lane 1 ,Fwd,FF,,95,2,56,,2,9.80,,,,,,,,,,,,,,,,,,,,,,,,9.80,-,,,,,,,,,,,,,,,,,,,,,,,,,-,-,,,,,,,,,,,,,,,,,,,,,,,,,
,04-22-2015,15:14:36, Lane 1 ,Fwd,FF,,96,2,58,,2,9.69,,,,,,,,,,,,,,,,,,,,,,,,9.69,-,,,,,,,,,,,,,,,,,,,,,,,,,-,-,,,,,,,,,,,,,,,,,,,,,,,,,
,04-22-2015,15:14:42, Lane 1 ,Fwd,FF,,97,2,63,,2,8.86,,,,,,,,,,,,,,,,,,,,,,,,8.86,-,,,,,,,,,,,,,,,,,,,,,,,,,-,-,,,,,,,,,,,,,,,,,,,,,,,,,
,04-22-2015,15:14:54, Lane 1 ,Fwd,FF,,98,5,61,,2,13.33,,,,,,,,,,,,,,,,,,,,,,,,13.33,-,,,,,,,,,,,,,,,,,,,,,,,,,-,-,,,,,,,,,,,,,,,,,,,,,,,,,
,04-22-2015,15:14:56, Lane 1 ,Fwd,FF,,99,2,67,,2,9.44,,,,,,,,,,,,,,,,,,,,,,,,9.44,-,,,,,,,,,,,,,,,,,,,,,,,,,-,-,,,,,,,,,,,,,,,,,,,,,,,,,
,04-22-2015,15:15:07, Lane 1 ,Fwd,FF,,100,2,57,,2,9.23,,,,,,,,,,,,,,,,,,,,,,,,9.23,-,,,,,,,,,,,,,,,,,,,,,,,,,-,-,,,,,,,,,,,,,,,,,,,,,,,,,
,04-22-2015,15:15:08, Lane 1 ,Fwd,FF,,101,2,57,,2,8.50,,,,,,,,,,,,,,,,,,,,,,,,8.50,-,,,,,,,,,,,,,,,,,,,,,,,,,-,-,,,,,,,,,,,,,,,,,,,,,,,,,
,04-22-2015,15:15:11, Lane 1 ,Fwd,FF,,102,2,59,,2,8.72,,,,,,,,,,,,,,,,,,,,,,,,8.72,-,,,,,,,,,,,,,,,,,,,,,,,,,-,-,,,,,,,,,,,,,,,,,,,,,,,,,
,04-22-2015,15:15:13, Lane 1 ,Fwd,FF,,103,3,61,,2,11.82,,,,,,,,,,,,,,,,,,,,,,,,11.82,-,,,,,,,,,,,,,,,,,,,,,,,,,-,-,,,,,,,,,,,,,,,,,,,,,,,,,
,04-22-2015,15:15:14, Lane 1 ,Fwd,FF,,104,2,59,,2,8.52,,,,,,,,,,,,,,,,,,,,,,,,8.52,-,,,,,,,,,,,,,,,,,,,,,,,,,-,-,,,,,,,,,,,,,,,,,,,,,,,,,
,04-22-2015,15:15:27, Lane 1 ,Fwd,FF,,105,2,61,,2,9.58,,,,,,,,,,,,,,,,,,,,,,,,9.58,-,,,,,,,,,,,,,,,,,,,,,,,,,-,-,,,,,,,,,,,,,,,,,,,,,,,,,
,04-22-2015,15:15:32, Lane 1 ,Fwd,FF,,106,2,59,,2,9.24,,,,,,,,,,,,,,,,,,,,,,,,9.24,-,,,,,,,,,,,,,,,,,,,,,,,,,-,-,,,,,,,,,,,,,,,,,,,,,,,,,
,04-22-2015,15:15:33, Lane 1 ,Fwd,FF,,107,2,58,,2,8.94,,,,,,,,,,,,,,,,,,,,,,,,8.94,-,,,,,,,,,,,,,,,,,,,,,,,,,-,-,,,,,,,,,,,,,,,,,,,,,,,,,
,04-22-2015,15:15:36, Lane 1 ,Fwd,FF,,108,2,61,,2,8.96,,,,,,,,,,,,,,,,,,,,,,,,8.96,-,,,,,,,,,,,,,,,,,,,,,,,,,-,-,,,,,,,,,,,,,,,,,,,,,,,,,
,04-22-2015,15:15:46, Lane 1 ,Fwd,FF,,109,2,66,,2,8.74,,,,,,,,,,,,,,,,,,,,,,,,8.74,-,,,,,,,,,,,,,,,,,,,,,,,,,-,-,,,,,,,,,,,,,,,,,,,,,,,,,
,04-22-2015,15:16:49, Lane 1 ,Fwd,FF,,110,2,63,,2,8.49,,,,,,,,,,,,,,,,,,,,,,,,8.49,-,,,,,,,,,,,,,,,,,,,,,,,,,-,-,,,,,,,,,,,,,,,,,,,,,,,,,
,04-22-2015,15:16:51, Lane 1 ,Fwd,FF,,111,5,61,,2,14.24,,,,,,,,,,,,,,,,,,,,,,,,14.24,-,,,,,,,,,,,,,,,,,,,,,,,,,-,-,,,,,,,,,,,,,,,,,,,,,,,,,
,04-22-2015,15:16:56, Lane 1 ,Fwd,FF,,112,2,65,,2,8.67,,,,,,,,,,,,,,,,,,,,,,,,8.67,-,,,,,,,,,,,,,,,,,,,,,,,,,-,-,,,,,,,,,,,,,,,,,,,,,,,,,
,04-22-2015,15:16:57, Lane 1 ,Fwd,FF,,113,2,63,,2,9.53,,,,,,,,,,,,,,,,,,,,,,,,9.53,-,,,,,,,,,,,,,,,,,,,,,,,,,-,-,,,,,,,,,,,,,,,,,,,,,,,,,
,04-22-2015,15:16:58, Lane 1 ,Fwd,FF,,114,2,63,,2,10.08,,,,,,,,,,,,,,,,,,,,,,,,10.08,-,,,,,,,,,,,,,,,,,,,,,,,,,-,-,,,,,,,,,,,,,,,,,,,,,,,,,
,04-22-2015,15:17:02, Lane 1 ,Fwd,FF,,115,5,61,,2,14.05,,,,,,,,,,,,,,,,,,,,,,,,14.05,-,,,,,,,,,,,,,,,,,,,,,,,,,-,-,,,,,,,,,,,,,,,,,,,,,,,,,
,04-22-2015,15:17:04, Lane 1 ,Fwd,FF,,116,2,60,,2,9.71,,,,,,,,,,,,,,,,,,,,,,,,9.71,-,,,,,,,,,,,,,,,,,,,,,,,,,-,-,,,,,,,,,,,,,,,,,,,,,,,,,
,04-22-2015,15:17:06, Lane 1 ,Fwd,FF,,117,2,63,,2,8.89,,,,,,,,,,,,,,,,,,,,,,,,8.89,-,,,,,,,,,,,,,,,,,,,,,,,,,-,-,,,,,,,,,,,,,,,,,,,,,,,,,
,04-22-2015,15:17:07, Lane 1 ,Fwd,FF,,118,2,58,,2,9.26,,,,,,,,,,,,,,,,,,,,,,,,9.26,-,,,,,,,,,,,,,,,,,,,,,,,,,-,-,,,,,,,,,,,,,,,,,,,,,,,,,
,04-22-2015,15:17:12, Lane 1 ,Fwd,FF,,119,3,68,,2,11.90,,,,,,,,,,,,,,,,,,,,,,,,11.90,-,,,,,,,,,,,,,,,,,,,,,,,,,-,-,,,,,,,,,,,,,,,,,,,,,,,,,
,04-22-2015,15:17:40, Lane 1 ,Fwd,FF,,120,2,59,,2,9.83,,,,,,,,,,,,,,,,,,,,,,,,9.83,-,,,,,,,,,,,,,,,,,,,,,,,,,-,-,,,,,,,,,,,,,,,,,,,,,,,,,
,04-22-2015,15:18:01, Lane 1 ,Fwd,FF,,121,3,58,,2,12.59,,,,,,,,,,,,,,,,,,,,,,,,12.59,-,,,,,,,,,,,,,,,,,,,,,,,,,-,-,,,,,,,,,,,,,,,,,,,,,,,,,
,04-22-2015,15:18:05, Lane 1 ,Fwd,FF,,122,2,58,,2,9.60,,,,,,,,,,,,,,,,,,,,,,,,9.60,-,,,,,,,,,,,,,,,,,,,,,,,,,-,-,,,,,,,,,,,,,,,,,,,,,,,,,
,04-22-2015,15:18:09, Lane 1 ,Fwd,FF,,123,2,58,,2,8.25,,,,,,,,,,,,,,,,,,,,,,,,8.25,-,,,,,,,,,,,,,,,,,,,,,,,,,-,-,,,,,,,,,,,,,,,,,,,,,,,,,
,04-22-2015,15:18:10, Lane 1 ,Fwd,FF,,124,2,61,,2,8.44,,,,,,,,,,,,,,,,,,,,,,,,8.44,-,,,,,,,,,,,,,,,,,,,,,,,,,-,-,,,,,,,,,,,,,,,,,,,,,,,,,
,04-22-2015,15:18:12, Lane 1 ,Fwd,FF,,125,5,61,,2,13.07,,,,,,,,,,,,,,,,,,,,,,,,13.07,-,,,,,,,,,,,,,,,,,,,,,,,,,-,-,,,,,,,,,,,,,,,,,,,,,,,,,
,04-22-2015,15:18:43, Lane 1 ,Fwd,FF,,126,4,45,,2,22.48,,,,,,,,,,,,,,,,,,,,,,,,22.48,-,,,,,,,,,,,,,,,,,,,,,,,,,-,-,,,,,,,,,,,,,,,,,,,,,,,,,
,04-22-2015,15:18:44, Lane 1 ,Fwd,FF,,127,2,45,,2,9.15,,,,,,,,,,,,,,,,,,,,,,,,9.15,-,,,,,,,,,,,,,,,,,,,,,,,,,-,-,,,,,,,,,,,,,,,,,,,,,,,,,
,04-22-2015,15:18:51, Lane 1 ,Fwd,FF,,128,5,52,,2,15.93,,,,,,,,,,,,,,,,,,,,,,,,15.93,-,,,,,,,,,,,,,,,,,,,,,,,,,-,-,,,,,,,,,,,,,,,,,,,,,,,,,
,04-22-2015,15:18:55, Lane 1 ,Fwd,FF,,129,2,55,,2,8.05,,,,,,,,,,,,,,,,,,,,,,,,8.05,-,,,,,,,,,,,,,,,,,,,,,,,,,-,-,,,,,,,,,,,,,,,,,,,,,,,,,
,04-22-2015,15:18:56, Lane 1 ,Fwd,FF,,130,3,54,,2,11.77,,,,,,,,,,,,,,,,,,,,,,,,11.77,-,,,,,,,,,,,,,,,,,,,,,,,,,-,-,,,,,,,,,,,,,,,,,,,,,,,,,
,04-22-2015,15:18:57, Lane 1 ,Fwd,FF,,131,2,55,,2,8.94,,,,,,,,,,,,,,,,,,,,,,,,8.94,-,,,,,,,,,,,,,,,,,,,,,,,,,-,-,,,,,,,,,,,,,,,,,,,,,,,,,
,04-22-2015,15:18:59, Lane 1 ,Fwd,FF,,132,2,56,,2,9.10,,,,,,,,,,,,,,,,,,,,,,,,9.10,-,,,,,,,,,,,,,,,,,,,,,,,,,-,-,,,,,,,,,,,,,,,,,,,,,,,,,
,04-22-2015,15:19:21, Lane 1 ,Fwd,FF,,133,9,61,,5,15.67,4.30,18.09,4.03,,,,,,,,,,,,,,,,,,,,,42.09,-,,,,,,,,,,,,,,,,,,,,,,,,,-,-,,,,,,,,,,,,,,,,,,,,,,,,,
,04-22-2015,15:19:27, Lane 1 ,Fwd,FF,,134,2,60,,2,8.65,,,,,,,,,,,,,,,,,,,,,,,,8.65,-,,,,,,,,,,,,,,,,,,,,,,,,,-,-,,,,,,,,,,,,,,,,,,,,,,,,,
,04-22-2015,15:19:29, Lane 1 ,Fwd,FF,,135,3,64,,2,11.43,,,,,,,,,,,,,,,,,,,,,,,,11.43,-,,,,,,,,,,,,,,,,,,,,,,,,,-,-,,,,,,,,,,,,,,,,,,,,,,,,,
,04-22-2015,15:19:31, Lane 1 ,Fwd,FF,,136,2,66,,2,8.93,,,,,,,,,,,,,,,,,,,,,,,,8.93,-,,,,,,,,,,,,,,,,,,,,,,,,,-,-,,,,,,,,,,,,,,,,,,,,,,,,,
,04-22-2015,15:19:34, Lane 1 ,Fwd,FF,,137,3,65,,2,11.91,,,,,,,,,,,,,,,,,,,,,,,,11.91,-,,,,,,,,,,,,,,,,,,,,,,,,,-,-,,,,,,,,,,,,,,,,,,,,,,,,,
,04-22-2015,15:19:37, Lane 1 ,Fwd,FF,,138,2,64,,2,8.79,,,,,,,,,,,,,,,,,,,,,,,,8.79,-,,,,,,,,,,,,,,,,,,,,,,,,,-,-,,,,,,,,,,,,,,,,,,,,,,,,,
,04-22-2015,15:19:41, Lane 1 ,Fwd,FF,,139,2,66,,2,8.16,,,,,,,,,,,,,,,,,,,,,,,,8.16,-,,,,,,,,,,,,,,,,,,,,,,,,,-,-,,,,,,,,,,,,,,,,,,,,,,,,,
,04-22-2015,15:19:45, Lane 1 ,Fwd,FF,,140,2,63,,2,8.77,,,,,,,,,,,,,,,,,,,,,,,,8.77,-,,,,,,,,,,,,,,,,,,,,,,,,,-,-,,,,,,,,,,,,,,,,,,,,,,,,,
,04-22-2015,15:19:50, Lane 1 ,Fwd,FF,,141,2,67,,2,8.88,,,,,,,,,,,,,,,,,,,,,,,,8.88,-,,,,,,,,,,,,,,,,,,,,,,,,,-,-,,,,,,,,,,,,,,,,,,,,,,,,,
,04-22-2015,15:19:52, Lane 1 ,Fwd,FF,,142,2,63,,2,9.12,,,,,,,,,,,,,,,,,,,,,,,,9.12,-,,,,,,,,,,,,,,,,,,,,,,,,,-,-,,,,,,,,,,,,,,,,,,,,,,,,,
,04-22-2015,15:19:59, Lane 1 ,Fwd,FF,,143,2,62,,2,9.18,,,,,,,,,,,,,,,,,,,,,,,,9.18,-,,,,,,,,,,,,,,,,,,,,,,,,,-,-,,,,,,,,,,,,,,,,,,,,,,,,,
,04-22-2015,15:20:02, Lane 1 ,Fwd,FF,,144,2,59,,2,8.96,,,,,,,,,,,,,,,,,,,,,,,,8.96,-,,,,,,,,,,,,,,,,,,,,,,,,,-,-,,,,,,,,,,,,,,,,,,,,,,,,,
,04-22-2015,15:20:03, Lane 1 ,Fwd,FF,,145,3,57,,2,10.66,,,,,,,,,,,,,,,,,,,,,,,,10.66,-,,,,,,,,,,,,,,,,,,,,,,,,,-,-,,,,,,,,,,,,,,,,,,,,,,,,,
,04-22-2015,15:20:16, Lane 1 ,Fwd,FF,,146,2,61,,2,8.33,,,,,,,,,,,,,,,,,,,,,,,,8.33,-,,,,,,,,,,,,,,,,,,,,,,,,,-,-,,,,,,,,,,,,,,,,,,,,,,,,,
,04-22-2015,15:20:20, Lane 1 ,Fwd,FF,,147,2,60,,2,8.65,,,,,,,,,,,,,,,,,,,,,,,,8.65,-,,,,,,,,,,,,,,,,,,,,,,,,,-,-,,,,,,,,,,,,,,,,,,,,,,,,,
,04-22-2015,15:20:22, Lane 1 ,Fwd,FF,,148,2,62,,2,7.67,,,,,,,,,,,,,,,,,,,,,,,,7.67,-,,,,,,,,,,,,,,,,,,,,,,,,,-,-,,,,,,,,,,,,,,,,,,,,,,,,,
,04-22-2015,15:20:48, Lane 1 ,Fwd,FF,,149,3,63,,2,11.82,,,,,,,,,,,,,,,,,,,,,,,,11.82,-,,,,,,,,,,,,,,,,,,,,,,,,,-,-,,,,,,,,,,,,,,,,,,,,,,,,,
,04-22-2015,15:21:52, Lane 1 ,Fwd,FF,,150,3,56,,2,10.59,,,,,,,,,,,,,,,,,,,,,,,,10.59,-,,,,,,,,,,,,,,,,,,,,,,,,,-,-,,,,,,,,,,,,,,,,,,,,,,,,,
,04-22-2015,15:21:58, Lane 1 ,Fwd,FF,,151,2,58,,2,9.62,,,,,,,,,,,,,,,,,,,,,,,,9.62,-,,,,,,,,,,,,,,,,,,,,,,,,,-,-,,,,,,,,,,,,,,,,,,,,,,,,,
,04-22-2015,15:22:01, Lane 1 ,Fwd,FF,,152,2,61,,2,8.62,,,,,,,,,,,,,,,,,,,,,,,,8.62,-,,,,,,,,,,,,,,,,,,,,,,,,,-,-,,,,,,,,,,,,,,,,,,,,,,,,,
,04-22-2015,15:22:12, Lane 1 ,Fwd,FF,,153,2,61,,2,7.97,,,,,,,,,,,,,,,,,,,,,,,,7.97,-,,,,,,,,,,,,,,,,,,,,,,,,,-,-,,,,,,,,,,,,,,,,,,,,,,,,,
,04-22-2015,15:22:14, Lane 1 ,Fwd,FF,,154,4,60,,2,21.71,,,,,,,,,,,,,,,,,,,,,,,,21.71,-,,,,,,,,,,,,,,,,,,,,,,,,,-,-,,,,,,,,,,,,,,,,,,,,,,,,,
,04-22-2015,15:22:24, Lane 1 ,Fwd,FF,,155,2,63,,2,8.65,,,,,,,,,,,,,,,,,,,,,,,,8.65,-,,,,,,,,,,,,,,,,,,,,,,,,,-,-,,,,,,,,,,,,,,,,,,,,,,,,,
,04-22-2015,15:22:28, Lane 1 ,Fwd,FF,,156,2,73,,2,9.00,,,,,,,,,,,,,,,,,,,,,,,,9.00,-,,,,,,,,,,,,,,,,,,,,,,,,,-,-,,,,,,,,,,,,,,,,,,,,,,,,,
,04-22-2015,15:23:38, Lane 1 ,Fwd,FF,,157,2,61,,2,9.16,,,,,,,,,,,,,,,,,,,,,,,,9.16,-,,,,,,,,,,,,,,,,,,,,,,,,,-,-,,,,,,,,,,,,,,,,,,,,,,,,,
,04-22-2015,15:23:52, Lane 1 ,Fwd,FF,,158,1,60,,2,5.70,,,,,,,,,,,,,,,,,,,,,,,,5.70,-,,,,,,,,,,,,,,,,,,,,,,,,,-,-,,,,,,,,,,,,,,,,,,,,,,,,,
,04-22-2015,15:24:15, Lane 1 ,Fwd,FF,,159,9,59,,5,9.91,4.00,3.74,4.44,,,,,,,,,,,,,,,,,,,,,22.09,-,,,,,,,,,,,,,,,,,,,,,,,,,-,-,,,,,,,,,,,,,,,,,,,,,,,,,
,04-22-2015,15:24:18, Lane 1 ,Fwd,FF,,160,9,54,,5,9.46,3.97,3.89,4.53,,,,,,,,,,,,,,,,,,,,,21.85,-,,,,,,,,,,,,,,,,,,,,,,,,,-,-,,,,,,,,,,,,,,,,,,,,,,,,,
,04-22-2015,15:24:20, Lane 1 ,Fwd,FF,,161,2,53,,2,8.57,,,,,,,,,,,,,,,,,,,,,,,,8.57,-,,,,,,,,,,,,,,,,,,,,,,,,,-,-,,,,,,,,,,,,,,,,,,,,,,,,,
,04-22-2015,15:24:23, Lane 1 ,Fwd,FF,,162,2,49,,2,9.06,,,,,,,,,,,,,,,,,,,,,,,,9.06,-,,,,,,,,,,,,,,,,,,,,,,,,,-,-,,,,,,,,,,,,,,,,,,,,,,,,,
,04-22-2015,15:24:24, Lane 1 ,Fwd,FF,,163,2,47,,2,9.24,,,,,,,,,,,,,,,,,,,,,,,,9.24,-,,,,,,,,,,,,,,,,,,,,,,,,,-,-,,,,,,,,,,,,,,,,,,,,,,,,,
,04-22-2015,15:24:28, Lane 1 ,Fwd,FF,,164,3,56,,3,11.67,16.72,,,,,,,,,,,,,,,,,,,,,,,28.39,-,,,,,,,,,,,,,,,,,,,,,,,,,-,-,,,,,,,,,,,,,,,,,,,,,,,,,
,04-22-2015,15:24:31, Lane 1 ,Fwd,FF,,165,2,55,,2,9.16,,,,,,,,,,,,,,,,,,,,,,,,9.16,-,,,,,,,,,,,,,,,,,,,,,,,,,-,-,,,,,,,,,,,,,,,,,,,,,,,,,
,04-22-2015,15:24:32, Lane 1 ,Fwd,FF,,166,2,56,,2,9.77,,,,,,,,,,,,,,,,,,,,,,,,9.77,-,,,,,,,,,,,,,,,,,,,,,,,,,-,-,,,,,,,,,,,,,,,,,,,,,,,,,
,04-22-2015,15:24:33, Lane 1 ,Fwd,FF,,167,2,57,,2,8.48,,,,,,,,,,,,,,,,,,,,,,,,8.48,-,,,,,,,,,,,,,,,,,,,,,,,,,-,-,,,,,,,,,,,,,,,,,,,,,,,,,
,04-22-2015,15:24:40, Lane 1 ,Fwd,FF,,168,2,54,,2,9.41,,,,,,,,,,,,,,,,,,,,,,,,9.41,-,,,,,,,,,,,,,,,,,,,,,,,,,-,-,,,,,,,,,,,,,,,,,,,,,,,,,
,04-22-2015,15:24:41, Lane 1 ,Fwd,FF,,169,2,55,,2,9.67,,,,,,,,,,,,,,,,,,,,,,,,9.67,-,,,,,,,,,,,,,,,,,,,,,,,,,-,-,,,,,,,,,,,,,,,,,,,,,,,,,
,04-22-2015,15:24:42, Lane 1 ,Fwd,FF,,170,2,54,,2,8.19,,,,,,,,,,,,,,,,,,,,,,,,8.19,-,,,,,,,,,,,,,,,,,,,,,,,,,-,-,,,,,,,,,,,,,,,,,,,,,,,,,
,04-22-2015,15:24:57, Lane 1 ,Fwd,FF,,171,5,55,,2,13.77,,,,,,,,,,,,,,,,,,,,,,,,13.77,-,,,,,,,,,,,,,,,,,,,,,,,,,-,-,,,,,,,,,,,,,,,,,,,,,,,,,
,04-22-2015,15:24:58, Lane 1 ,Fwd,FF,,172,2,54,,2,8.08,,,,,,,,,,,,,,,,,,,,,,,,8.08,-,,,,,,,,,,,,,,,,,,,,,,,,,-,-,,,,,,,,,,,,,,,,,,,,,,,,,
,04-22-2015,15:25:00, Lane 1 ,Fwd,FF,,173,3,57,,2,11.34,,,,,,,,,,,,,,,,,,,,,,,,11.34,-,,,,,,,,,,,,,,,,,,,,,,,,,-,-,,,,,,,,,,,,,,,,,,,,,,,,,
,04-22-2015,15:25:02, Lane 1 ,Fwd,FF,,174,3,56,,2,11.76,,,,,,,,,,,,,,,,,,,,,,,,11.76,-,,,,,,,,,,,,,,,,,,,,,,,,,-,-,,,,,,,,,,,,,,,,,,,,,,,,,
,04-22-2015,15:25:14, Lane 1 ,Fwd,FF,,175,2,57,,2,7.92,,,,,,,,,,,,,,,,,,,,,,,,7.92,-,,,,,,,,,,,,,,,,,,,,,,,,,-,-,,,,,,,,,,,,,,,,,,,,,,,,,
,04-22-2015,15:25:15, Lane 1 ,Fwd,FF,,176,2,57,,2,9.58,,,,,,,,,,,,,,,,,,,,,,,,9.58,-,,,,,,,,,,,,,,,,,,,,,,,,,-,-,,,,,,,,,,,,,,,,,,,,,,,,,
,04-22-2015,15:25:40, Lane 1 ,Fwd,FF,,177,2,62,,2,8.64,,,,,,,,,,,,,,,,,,,,,,,,8.64,-,,,,,,,,,,,,,,,,,,,,,,,,,-,-,,,,,,,,,,,,,,,,,,,,,,,,,
,04-22-2015,15:25:50, Lane 1 ,Fwd,FF,,178,2,58,,4,8.96,38.88,10.06,,,,,,,,,,,,,,,,,,,,,,57.90,-,,,,,,,,,,,,,,,,,,,,,,,,,-,-,,,,,,,,,,,,,,,,,,,,,,,,,
,04-22-2015,15:25:57, Lane 1 ,Fwd,FF,,179,2,65,,2,8.48,,,,,,,,,,,,,,,,,,,,,,,,8.48,-,,,,,,,,,,,,,,,,,,,,,,,,,-,-,,,,,,,,,,,,,,,,,,,,,,,,,
,04-22-2015,15:26:35, Lane 1 ,Fwd,FF,,180,9,72,,5,13.37,4.32,17.05,4.10,,,,,,,,,,,,,,,,,,,,,38.84,-,,,,,,,,,,,,,,,,,,,,,,,,,-,-,,,,,,,,,,,,,,,,,,,,,,,,,
,04-22-2015,15:26:45, Lane 1 ,Fwd,FF,,181,9,58,,5,13.46,4.28,18.35,4.11,,,,,,,,,,,,,,,,,,,,,40.20,-,,,,,,,,,,,,,,,,,,,,,,,,,-,-,,,,,,,,,,,,,,,,,,,,,,,,,
,04-22-2015,15:26:52, Lane 1 ,Fwd,FF,,182,2,53,,2,8.05,,,,,,,,,,,,,,,,,,,,,,,,8.05,-,,,,,,,,,,,,,,,,,,,,,,,,,-,-,,,,,,,,,,,,,,,,,,,,,,,,,
,04-22-2015,15:26:54, Lane 1 ,Fwd,FF,,183,3,58,,2,11.92,,,,,,,,,,,,,,,,,,,,,,,,11.92,-,,,,,,,,,,,,,,,,,,,,,,,,,-,-,,,,,,,,,,,,,,,,,,,,,,,,,
,04-22-2015,15:27:07, Lane 1 ,Fwd,FF,,184,2,52,,2,9.71,,,,,,,,,,,,,,,,,,,,,,,,9.71,-,,,,,,,,,,,,,,,,,,,,,,,,,-,-,,,,,,,,,,,,,,,,,,,,,,,,,
,04-22-2015,15:27:08, Lane 1 ,Fwd,FF,,185,2,55,,2,9.92,,,,,,,,,,,,,,,,,,,,,,,,9.92,-,,,,,,,,,,,,,,,,,,,,,,,,,-,-,,,,,,,,,,,,,,,,,,,,,,,,,
,04-22-2015,15:27:10, Lane 1 ,Fwd,FF,,186,2,54,,2,8.45,,,,,,,,,,,,,,,,,,,,,,,,8.45,-,,,,,,,,,,,,,,,,,,,,,,,,,-,-,,,,,,,,,,,,,,,,,,,,,,,,,
,04-22-2015,15:27:11, Lane 1 ,Fwd,FF,,187,2,53,,2,8.96,,,,,,,,,,,,,,,,,,,,,,,,8.96,-,,,,,,,,,,,,,,,,,,,,,,,,,-,-,,,,,,,,,,,,,,,,,,,,,,,,,
,04-22-2015,15:27:30, Lane 1 ,Fwd,FF,,188,5,49,,2,13.93,,,,,,,,,,,,,,,,,,,,,,,,13.93,-,,,,,,,,,,,,,,,,,,,,,,,,,-,-,,,,,,,,,,,,,,,,,,,,,,,,,
,04-22-2015,15:27:43, Lane 1 ,Fwd,FF,,189,2,54,,2,9.32,,,,,,,,,,,,,,,,,,,,,,,,9.32,-,,,,,,,,,,,,,,,,,,,,,,,,,-,-,,,,,,,,,,,,,,,,,,,,,,,,,
,04-22-2015,15:27:45, Lane 1 ,Fwd,FF,,190,3,53,,2,11.31,,,,,,,,,,,,,,,,,,,,,,,,11.31,-,,,,,,,,,,,,,,,,,,,,,,,,,-,-,,,,,,,,,,,,,,,,,,,,,,,,,
,04-22-2015,15:27:46, Lane 1 ,Fwd,FF,,191,2,52,,2,7.72,,,,,,,,,,,,,,,,,,,,,,,,7.72,-,,,,,,,,,,,,,,,,,,,,,,,,,-,-,,,,,,,,,,,,,,,,,,,,,,,,,
,04-22-2015,15:27:49, Lane 1 ,Fwd,FF,,192,2,60,,2,8.41,,,,,,,,,,,,,,,,,,,,,,,,8.41,-,,,,,,,,,,,,,,,,,,,,,,,,,-,-,,,,,,,,,,,,,,,,,,,,,,,,,
,04-22-2015,15:28:22, Lane 1 ,Fwd,FF,,193,3,56,,3,11.17,17.55,,,,,,,,,,,,,,,,,,,,,,,28.72,-,,,,,,,,,,,,,,,,,,,,,,,,,-,-,,,,,,,,,,,,,,,,,,,,,,,,,
,04-22-2015,15:28:23, Lane 1 ,Fwd,FF,,194,2,56,,2,9.88,,,,,,,,,,,,,,,,,,,,,,,,9.88,-,,,,,,,,,,,,,,,,,,,,,,,,,-,-,,,,,,,,,,,,,,,,,,,,,,,,,
,04-22-2015,15:28:25, Lane 1 ,Fwd,FF,,195,2,57,,2,8.98,,,,,,,,,,,,,,,,,,,,,,,,8.98,-,,,,,,,,,,,,,,,,,,,,,,,,,-,-,,,,,,,,,,,,,,,,,,,,,,,,,
,04-22-2015,15:28:27, Lane 1 ,Fwd,FF,,196,2,55,,2,8.43,,,,,,,,,,,,,,,,,,,,,,,,8.43,-,,,,,,,,,,,,,,,,,,,,,,,,,-,-,,,,,,,,,,,,,,,,,,,,,,,,,
,04-22-2015,15:28:30, Lane 1 ,Fwd,FF,,197,2,63,,2,9.16,,,,,,,,,,,,,,,,,,,,,,,,9.16,-,,,,,,,,,,,,,,,,,,,,,,,,,-,-,,,,,,,,,,,,,,,,,,,,,,,,,
,04-22-2015,15:28:33, Lane 1 ,Fwd,FF,,198,3,63,,2,11.35,,,,,,,,,,,,,,,,,,,,,,,,11.35,-,,,,,,,,,,,,,,,,,,,,,,,,,-,-,,,,,,,,,,,,,,,,,,,,,,,,,
,04-22-2015,15:28:36, Lane 1 ,Fwd,FF,,199,2,63,,2,8.95,,,,,,,,,,,,,,,,,,,,,,,,8.95,-,,,,,,,,,,,,,,,,,,,,,,,,,-,-,,,,,,,,,,,,,,,,,,,,,,,,,
,04-22-2015,15:28:43, Lane 1 ,Fwd,FF,,200,3,67,,2,11.71,,,,,,,,,,,,,,,,,,,,,,,,11.71,-,,,,,,,,,,,,,,,,,,,,,,,,,-,-,,,,,,,,,,,,,,,,,,,,,,,,,
,04-22-2015,15:28:47, Lane 1 ,Fwd,FF,,201,3,66,,2,11.52,,,,,,,,,,,,,,,,,,,,,,,,11.52,-,,,,,,,,,,,,,,,,,,,,,,,,,-,-,,,,,,,,,,,,,,,,,,,,,,,,,
,04-22-2015,15:28:48, Lane 1 ,Fwd,FF,,202,2,66,,2,8.90,,,,,,,,,,,,,,,,,,,,,,,,8.90,-,,,,,,,,,,,,,,,,,,,,,,,,,-,-,,,,,,,,,,,,,,,,,,,,,,,,,
,04-22-2015,15:29:48, Lane 1 ,Fwd,FF,,203,6,56,,3,17.96,4.14,,,,,,,,,,,,,,,,,,,,,,,22.10,-,,,,,,,,,,,,,,,,,,,,,,,,,-,-,,,,,,,,,,,,,,,,,,,,,,,,,
,04-22-2015,15:29:49, Lane 1 ,Fwd,FF,,204,5,56,,2,14.22,,,,,,,,,,,,,,,,,,,,,,,,14.22,-,,,,,,,,,,,,,,,,,,,,,,,,,-,-,,,,,,,,,,,,,,,,,,,,,,,,,
,04-22-2015,15:29:52, Lane 1 ,Fwd,FF,,205,2,53,,2,9.69,,,,,,,,,,,,,,,,,,,,,,,,9.69,-,,,,,,,,,,,,,,,,,,,,,,,,,-,-,,,,,,,,,,,,,,,,,,,,,,,,,
,04-22-2015,15:30:25, Lane 1 ,Fwd,FF,,206,2,58,,2,8.68,,,,,,,,,,,,,,,,,,,,,,,,8.68,-,,,,,,,,,,,,,,,,,,,,,,,,,-,-,,,,,,,,,,,,,,,,,,,,,,,,,
,04-22-2015,15:30:27, Lane 1 ,Fwd,FF,,207,2,60,,2,9.09,,,,,,,,,,,,,,,,,,,,,,,,9.09,-,,,,,,,,,,,,,,,,,,,,,,,,,-,-,,,,,,,,,,,,,,,,,,,,,,,,,
,04-22-2015,15:30:28, Lane 1 ,Fwd,FF,,208,2,62,,2,9.38,,,,,,,,,,,,,,,,,,,,,,,,9.38,-,,,,,,,,,,,,,,,,,,,,,,,,,-,-,,,,,,,,,,,,,,,,,,,,,,,,,
,04-22-2015,15:30:29, Lane 1 ,Fwd,FF,,209,2,63,,2,9.69,,,,,,,,,,,,,,,,,,,,,,,,9.69,-,,,,,,,,,,,,,,,,,,,,,,,,,-,-,,,,,,,,,,,,,,,,,,,,,,,,,
,04-22-2015,15:30:53, Lane 1 ,Fwd,FF,,210,3,59,,2,11.74,,,,,,,,,,,,,,,,,,,,,,,,11.74,-,,,,,,,,,,,,,,,,,,,,,,,,,-,-,,,,,,,,,,,,,,,,,,,,,,,,,
,04-22-2015,15:30:54, Lane 1 ,Fwd,FF,,211,2,58,,2,9.79,,,,,,,,,,,,,,,,,,,,,,,,9.79,-,,,,,,,,,,,,,,,,,,,,,,,,,-,-,,,,,,,,,,,,,,,,,,,,,,,,,
,04-22-2015,15:30:56, Lane 1 ,Fwd,FF,,212,3,61,,2,10.85,,,,,,,,,,,,,,,,,,,,,,,,10.85,-,,,,,,,,,,,,,,,,,,,,,,,,,-,-,,,,,,,,,,,,,,,,,,,,,,,,,
,04-22-2015,15:30:58, Lane 1 ,Fwd,FF,,213,2,58,,2,8.09,,,,,,,,,,,,,,,,,,,,,,,,8.09,-,,,,,,,,,,,,,,,,,,,,,,,,,-,-,,,,,,,,,,,,,,,,,,,,,,,,,
,04-22-2015,15:30:59, Lane 1 ,Fwd,FF,,214,3,58,,2,11.06,,,,,,,,,,,,,,,,,,,,,,,,11.06,-,,,,,,,,,,,,,,,,,,,,,,,,,-,-,,,,,,,,,,,,,,,,,,,,,,,,,
,04-22-2015,15:31:13, Lane 1 ,Fwd,FF,,215,2,59,,2,8.81,,,,,,,,,,,,,,,,,,,,,,,,8.81,-,,,,,,,,,,,,,,,,,,,,,,,,,-,-,,,,,,,,,,,,,,,,,,,,,,,,,
,04-22-2015,15:31:28, Lane 1 ,Fwd,FF,,216,2,61,,2,9.23,,,,,,,,,,,,,,,,,,,,,,,,9.23,-,,,,,,,,,,,,,,,,,,,,,,,,,-,-,,,,,,,,,,,,,,,,,,,,,,,,,
,04-22-2015,15:31:29, Lane 1 ,Fwd,FF,,217,2,59,,2,8.70,,,,,,,,,,,,,,,,,,,,,,,,8.70,-,,,,,,,,,,,,,,,,,,,,,,,,,-,-,,,,,,,,,,,,,,,,,,,,,,,,,
,04-22-2015,15:31:36, Lane 1 ,Fwd,FF,,218,2,58,,2,8.57,,,,,,,,,,,,,,,,,,,,,,,,8.57,-,,,,,,,,,,,,,,,,,,,,,,,,,-,-,,,,,,,,,,,,,,,,,,,,,,,,,
,04-22-2015,15:31:38, Lane 1 ,Fwd,FF,,219,2,56,,2,9.12,,,,,,,,,,,,,,,,,,,,,,,,9.12,-,,,,,,,,,,,,,,,,,,,,,,,,,-,-,,,,,,,,,,,,,,,,,,,,,,,,,
,04-22-2015,15:31:40, Lane 1 ,Fwd,FF,,220,2,57,,2,9.31,,,,,,,,,,,,,,,,,,,,,,,,9.31,-,,,,,,,,,,,,,,,,,,,,,,,,,-,-,,,,,,,,,,,,,,,,,,,,,,,,,
,04-22-2015,15:31:41, Lane 1 ,Fwd,FF,,221,2,56,,2,8.98,,,,,,,,,,,,,,,,,,,,,,,,8.98,-,,,,,,,,,,,,,,,,,,,,,,,,,-,-,,,,,,,,,,,,,,,,,,,,,,,,,
,04-22-2015,15:31:44, Lane 1 ,Fwd,FF,,222,2,56,,2,9.14,,,,,,,,,,,,,,,,,,,,,,,,9.14,-,,,,,,,,,,,,,,,,,,,,,,,,,-,-,,,,,,,,,,,,,,,,,,,,,,,,,
,04-22-2015,15:31:47, Lane 1 ,Fwd,FF,,223,2,62,,2,8.73,,,,,,,,,,,,,,,,,,,,,,,,8.73,-,,,,,,,,,,,,,,,,,,,,,,,,,-,-,,,,,,,,,,,,,,,,,,,,,,,,,
,04-22-2015,15:32:25, Lane 1 ,Fwd,FF,,224,2,55,,2,8.48,,,,,,,,,,,,,,,,,,,,,,,,8.48,-,,,,,,,,,,,,,,,,,,,,,,,,,-,-,,,,,,,,,,,,,,,,,,,,,,,,,
,04-22-2015,15:32:40, Lane 1 ,Fwd,FF,,225,3,58,,2,10.63,,,,,,,,,,,,,,,,,,,,,,,,10.63,-,,,,,,,,,,,,,,,,,,,,,,,,,-,-,,,,,,,,,,,,,,,,,,,,,,,,,
,04-22-2015,15:32:43, Lane 1 ,Fwd,FF,,226,2,60,,2,9.27,,,,,,,,,,,,,,,,,,,,,,,,9.27,-,,,,,,,,,,,,,,,,,,,,,,,,,-,-,,,,,,,,,,,,,,,,,,,,,,,,,
,04-22-2015,15:32:46, Lane 1 ,Fwd,FF,,227,2,62,,2,9.82,,,,,,,,,,,,,,,,,,,,,,,,9.82,-,,,,,,,,,,,,,,,,,,,,,,,,,-,-,,,,,,,,,,,,,,,,,,,,,,,,,
,04-22-2015,15:32:57, Lane 1 ,Fwd,FF,,228,2,69,,2,8.98,,,,,,,,,,,,,,,,,,,,,,,,8.98,-,,,,,,,,,,,,,,,,,,,,,,,,,-,-,,,,,,,,,,,,,,,,,,,,,,,,,
,04-22-2015,15:33:20, Lane 1 ,Fwd,FF,,229,4,46,,2,22.72,,,,,,,,,,,,,,,,,,,,,,,,22.72,-,,,,,,,,,,,,,,,,,,,,,,,,,-,-,,,,,,,,,,,,,,,,,,,,,,,,,
,04-22-2015,15:33:21, Lane 1 ,Fwd,FF,,230,2,46,,2,8.70,,,,,,,,,,,,,,,,,,,,,,,,8.70,-,,,,,,,,,,,,,,,,,,,,,,,,,-,-,,,,,,,,,,,,,,,,,,,,,,,,,
,04-22-2015,15:33:23, Lane 1 ,Fwd,FF,,231,3,47,,2,11.79,,,,,,,,,,,,,,,,,,,,,,,,11.79,-,,,,,,,,,,,,,,,,,,,,,,,,,-,-,,,,,,,,,,,,,,,,,,,,,,,,,
,04-22-2015,15:33:24, Lane 1 ,Fwd,FF,,232,2,48,,2,8.73,,,,,,,,,,,,,,,,,,,,,,,,8.73,-,,,,,,,,,,,,,,,,,,,,,,,,,-,-,,,,,,,,,,,,,,,,,,,,,,,,,
,04-22-2015,15:33:30, Lane 1 ,Fwd,FF,,233,2,53,,2,8.75,,,,,,,,,,,,,,,,,,,,,,,,8.75,-,,,,,,,,,,,,,,,,,,,,,,,,,-,-,,,,,,,,,,,,,,,,,,,,,,,,,
,04-22-2015,15:33:32, Lane 1 ,Fwd,FF,,234,3,59,,2,12.87,,,,,,,,,,,,,,,,,,,,,,,,12.87,-,,,,,,,,,,,,,,,,,,,,,,,,,-,-,,,,,,,,,,,,,,,,,,,,,,,,,
,04-22-2015,15:33:40, Lane 1 ,Fwd,FF,,235,2,65,,2,9.52,,,,,,,,,,,,,,,,,,,,,,,,9.52,-,,,,,,,,,,,,,,,,,,,,,,,,,-,-,,,,,,,,,,,,,,,,,,,,,,,,,
,04-22-2015,15:33:45, Lane 1 ,Fwd,FF,,236,2,60,,2,8.83,,,,,,,,,,,,,,,,,,,,,,,,8.83,-,,,,,,,,,,,,,,,,,,,,,,,,,-,-,,,,,,,,,,,,,,,,,,,,,,,,,
,04-22-2015,15:33:49, Lane 1 ,Fwd,FF,,237,3,61,,2,11.82,,,,,,,,,,,,,,,,,,,,,,,,11.82,-,,,,,,,,,,,,,,,,,,,,,,,,,-,-,,,,,,,,,,,,,,,,,,,,,,,,,
,04-22-2015,15:33:51, Lane 1 ,Fwd,FF,,238,2,61,,2,9.42,,,,,,,,,,,,,,,,,,,,,,,,9.42,-,,,,,,,,,,,,,,,,,,,,,,,,,-,-,,,,,,,,,,,,,,,,,,,,,,,,,
,04-22-2015,15:33:54, Lane 1 ,Fwd,FF,,239,2,63,,2,8.86,,,,,,,,,,,,,,,,,,,,,,,,8.86,-,,,,,,,,,,,,,,,,,,,,,,,,,-,-,,,,,,,,,,,,,,,,,,,,,,,,,
,04-22-2015,15:33:57, Lane 1 ,Fwd,FF,,240,2,61,,2,9.69,,,,,,,,,,,,,,,,,,,,,,,,9.69,-,,,,,,,,,,,,,,,,,,,,,,,,,-,-,,,,,,,,,,,,,,,,,,,,,,,,,
,04-22-2015,15:34:39, Lane 1 ,Fwd,FF,,241,2,58,,2,8.54,,,,,,,,,,,,,,,,,,,,,,,,8.54,-,,,,,,,,,,,,,,,,,,,,,,,,,-,-,,,,,,,,,,,,,,,,,,,,,,,,,
,04-22-2015,15:34:41, Lane 1 ,Fwd,FF,,242,2,57,,2,8.56,,,,,,,,,,,,,,,,,,,,,,,,8.56,-,,,,,,,,,,,,,,,,,,,,,,,,,-,-,,,,,,,,,,,,,,,,,,,,,,,,,
,04-22-2015,15:34:48, Lane 1 ,Fwd,FF,,243,2,59,,2,9.65,,,,,,,,,,,,,,,,,,,,,,,,9.65,-,,,,,,,,,,,,,,,,,,,,,,,,,-,-,,,,,,,,,,,,,,,,,,,,,,,,,
,04-22-2015,15:34:57, Lane 1 ,Fwd,FF,,244,3,58,,2,10.90,,,,,,,,,,,,,,,,,,,,,,,,10.90,-,,,,,,,,,,,,,,,,,,,,,,,,,-,-,,,,,,,,,,,,,,,,,,,,,,,,,
,04-22-2015,15:34:58, Lane 1 ,Fwd,FF,,245,2,57,,2,8.50,,,,,,,,,,,,,,,,,,,,,,,,8.50,-,,,,,,,,,,,,,,,,,,,,,,,,,-,-,,,,,,,,,,,,,,,,,,,,,,,,,
,04-22-2015,15:35:04, Lane 1 ,Fwd,FF,,246,2,59,,2,8.81,,,,,,,,,,,,,,,,,,,,,,,,8.81,-,,,,,,,,,,,,,,,,,,,,,,,,,-,-,,,,,,,,,,,,,,,,,,,,,,,,,
,04-22-2015,15:35:06, Lane 1 ,Fwd,FF,,247,3,60,,3,11.56,16.38,,,,,,,,,,,,,,,,,,,,,,,27.94,-,,,,,,,,,,,,,,,,,,,,,,,,,-,-,,,,,,,,,,,,,,,,,,,,,,,,,
,04-22-2015,15:35:07, Lane 1 ,Fwd,FF,,248,2,59,,2,8.09,,,,,,,,,,,,,,,,,,,,,,,,8.09,-,,,,,,,,,,,,,,,,,,,,,,,,,-,-,,,,,,,,,,,,,,,,,,,,,,,,,
,04-22-2015,15:35:12, Lane 1 ,Fwd,FF,,249,2,57,,2,7.75,,,,,,,,,,,,,,,,,,,,,,,,7.75,-,,,,,,,,,,,,,,,,,,,,,,,,,-,-,,,,,,,,,,,,,,,,,,,,,,,,,
,04-22-2015,15:35:38, Lane 1 ,Fwd,FF,,250,2,63,,2,8.86,,,,,,,,,,,,,,,,,,,,,,,,8.86,-,,,,,,,,,,,,,,,,,,,,,,,,,-,-,,,,,,,,,,,,,,,,,,,,,,,,,
,04-22-2015,15:35:51, Lane 1 ,Fwd,FF,,251,2,62,,2,9.20,,,,,,,,,,,,,,,,,,,,,,,,9.20,-,,,,,,,,,,,,,,,,,,,,,,,,,-,-,,,,,,,,,,,,,,,,,,,,,,,,,
,04-22-2015,15:35:53, Lane 1 ,Fwd,FF,,252,2,58,,2,8.91,,,,,,,,,,,,,,,,,,,,,,,,8.91,-,,,,,,,,,,,,,,,,,,,,,,,,,-,-,,,,,,,,,,,,,,,,,,,,,,,,,
,04-22-2015,15:36:20, Lane 1 ,Fwd,FF,,253,2,58,,2,9.62,,,,,,,,,,,,,,,,,,,,,,,,9.62,-,,,,,,,,,,,,,,,,,,,,,,,,,-,-,,,,,,,,,,,,,,,,,,,,,,,,,
,04-22-2015,15:36:35, Lane 1 ,Fwd,FF,,254,2,57,,2,9.33,,,,,,,,,,,,,,,,,,,,,,,,9.33,-,,,,,,,,,,,,,,,,,,,,,,,,,-,-,,,,,,,,,,,,,,,,,,,,,,,,,
,04-22-2015,15:36:37, Lane 1 ,Fwd,FF,,255,2,53,,2,9.90,,,,,,,,,,,,,,,,,,,,,,,,9.90,-,,,,,,,,,,,,,,,,,,,,,,,,,-,-,,,,,,,,,,,,,,,,,,,,,,,,,
,04-22-2015,15:36:43, Lane 1 ,Fwd,FF,,256,3,55,,2,11.36,,,,,,,,,,,,,,,,,,,,,,,,11.36,-,,,,,,,,,,,,,,,,,,,,,,,,,-,-,,,,,,,,,,,,,,,,,,,,,,,,,
,04-22-2015,15:36:50, Lane 1 ,Fwd,FF,,257,2,55,,2,8.51,,,,,,,,,,,,,,,,,,,,,,,,8.51,-,,,,,,,,,,,,,,,,,,,,,,,,,-,-,,,,,,,,,,,,,,,,,,,,,,,,,
,04-22-2015,15:36:51, Lane 1 ,Fwd,FF,,258,3,55,,2,11.44,,,,,,,,,,,,,,,,,,,,,,,,11.44,-,,,,,,,,,,,,,,,,,,,,,,,,,-,-,,,,,,,,,,,,,,,,,,,,,,,,,
,04-22-2015,15:36:53, Lane 1 ,Fwd,FF,,259,2,57,,2,9.92,,,,,,,,,,,,,,,,,,,,,,,,9.92,-,,,,,,,,,,,,,,,,,,,,,,,,,-,-,,,,,,,,,,,,,,,,,,,,,,,,,
,04-22-2015,15:36:55, Lane 1 ,Fwd,FF,,260,5,60,,2,13.24,,,,,,,,,,,,,,,,,,,,,,,,13.24,-,,,,,,,,,,,,,,,,,,,,,,,,,-,-,,,,,,,,,,,,,,,,,,,,,,,,,
,04-22-2015,15:36:57, Lane 1 ,Fwd,FF,,261,2,59,,2,8.70,,,,,,,,,,,,,,,,,,,,,,,,8.70,-,,,,,,,,,,,,,,,,,,,,,,,,,-,-,,,,,,,,,,,,,,,,,,,,,,,,,
,04-22-2015,15:37:01, Lane 1 ,Fwd,FF,,262,2,74,,2,9.19,,,,,,,,,,,,,,,,,,,,,,,,9.19,-,,,,,,,,,,,,,,,,,,,,,,,,,-,-,,,,,,,,,,,,,,,,,,,,,,,,,
,04-22-2015,15:37:47, Lane 1 ,Fwd,FF,,263,9,57,,5,15.09,4.17,29.42,4.00,,,,,,,,,,,,,,,,,,,,,52.68,-,,,,,,,,,,,,,,,,,,,,,,,,,-,-,,,,,,,,,,,,,,,,,,,,,,,,,
,04-22-2015,15:37:53, Lane 1 ,Fwd,FF,,264,3,57,,2,10.92,,,,,,,,,,,,,,,,,,,,,,,,10.92,-,,,,,,,,,,,,,,,,,,,,,,,,,-,-,,,,,,,,,,,,,,,,,,,,,,,,,
,04-22-2015,15:38:04, Lane 1 ,Fwd,FF,,265,2,61,,2,8.96,,,,,,,,,,,,,,,,,,,,,,,,8.96,-,,,,,,,,,,,,,,,,,,,,,,,,,-,-,,,,,,,,,,,,,,,,,,,,,,,,,
,04-22-2015,15:38:06, Lane 1 ,Fwd,FF,,266,2,60,,2,8.74,,,,,,,,,,,,,,,,,,,,,,,,8.74,-,,,,,,,,,,,,,,,,,,,,,,,,,-,-,,,,,,,,,,,,,,,,,,,,,,,,,
,04-22-2015,15:38:07, Lane 1 ,Fwd,FF,,267,2,60,,2,8.91,,,,,,,,,,,,,,,,,,,,,,,,8.91,-,,,,,,,,,,,,,,,,,,,,,,,,,-,-,,,,,,,,,,,,,,,,,,,,,,,,,
,04-22-2015,15:38:11, Lane 1 ,Fwd,FF,,268,2,58,,2,8.70,,,,,,,,,,,,,,,,,,,,,,,,8.70,-,,,,,,,,,,,,,,,,,,,,,,,,,-,-,,,,,,,,,,,,,,,,,,,,,,,,,
,04-22-2015,15:38:18, Lane 1 ,Fwd,FF,,269,3,57,,2,11.34,,,,,,,,,,,,,,,,,,,,,,,,11.34,-,,,,,,,,,,,,,,,,,,,,,,,,,-,-,,,,,,,,,,,,,,,,,,,,,,,,,
,04-22-2015,15:38:22, Lane 1 ,Fwd,FF,,270,2,55,,2,8.86,,,,,,,,,,,,,,,,,,,,,,,,8.86,-,,,,,,,,,,,,,,,,,,,,,,,,,-,-,,,,,,,,,,,,,,,,,,,,,,,,,
,04-22-2015,15:38:23, Lane 1 ,Fwd,FF,,271,1,55,,2,4.99,,,,,,,,,,,,,,,,,,,,,,,,4.99,-,,,,,,,,,,,,,,,,,,,,,,,,,-,-,,,,,,,,,,,,,,,,,,,,,,,,,
,04-22-2015,15:38:27, Lane 1 ,Fwd,FF,,272,2,54,,2,8.76,,,,,,,,,,,,,,,,,,,,,,,,8.76,-,,,,,,,,,,,,,,,,,,,,,,,,,-,-,,,,,,,,,,,,,,,,,,,,,,,,,
,04-22-2015,15:38:34, Lane 1 ,Fwd,FF,,273,2,60,,2,9.27,,,,,,,,,,,,,,,,,,,,,,,,9.27,-,,,,,,,,,,,,,,,,,,,,,,,,,-,-,,,,,,,,,,,,,,,,,,,,,,,,,
,04-22-2015,15:39:01, Lane 1 ,Fwd,FF,,274,4,46,,2,22.80,,,,,,,,,,,,,,,,,,,,,,,,22.80,-,,,,,,,,,,,,,,,,,,,,,,,,,-,-,,,,,,,,,,,,,,,,,,,,,,,,,
,04-22-2015,15:39:03, Lane 1 ,Fwd,FF,,275,2,47,,2,9.09,,,,,,,,,,,,,,,,,,,,,,,,9.09,-,,,,,,,,,,,,,,,,,,,,,,,,,-,-,,,,,,,,,,,,,,,,,,,,,,,,,
,04-22-2015,15:39:04, Lane 1 ,Fwd,FF,,276,3,47,,2,11.86,,,,,,,,,,,,,,,,,,,,,,,,11.86,-,,,,,,,,,,,,,,,,,,,,,,,,,-,-,,,,,,,,,,,,,,,,,,,,,,,,,
,04-22-2015,15:39:05, Lane 1 ,Fwd,FF,,277,2,48,,2,9.32,,,,,,,,,,,,,,,,,,,,,,,,9.32,-,,,,,,,,,,,,,,,,,,,,,,,,,-,-,,,,,,,,,,,,,,,,,,,,,,,,,
,04-22-2015,15:39:06, Lane 1 ,Fwd,FF,,278,2,51,,2,7.98,,,,,,,,,,,,,,,,,,,,,,,,7.98,-,,,,,,,,,,,,,,,,,,,,,,,,,-,-,,,,,,,,,,,,,,,,,,,,,,,,,
,04-22-2015,15:39:08, Lane 1 ,Fwd,FF,,279,2,57,,2,8.48,,,,,,,,,,,,,,,,,,,,,,,,8.48,-,,,,,,,,,,,,,,,,,,,,,,,,,-,-,,,,,,,,,,,,,,,,,,,,,,,,,
,04-22-2015,15:39:45, Lane 1 ,Fwd,FF,,280,2,60,,2,8.67,,,,,,,,,,,,,,,,,,,,,,,,8.67,-,,,,,,,,,,,,,,,,,,,,,,,,,-,-,,,,,,,,,,,,,,,,,,,,,,,,,
,04-22-2015,15:40:02, Lane 1 ,Fwd,FF,,281,9,57,,5,16.78,4.28,33.74,3.94,,,,,,,,,,,,,,,,,,,,,58.74,-,,,,,,,,,,,,,,,,,,,,,,,,,-,-,,,,,,,,,,,,,,,,,,,,,,,,,
,04-22-2015,15:40:05, Lane 1 ,Fwd,FF,,282,2,57,,2,8.73,,,,,,,,,,,,,,,,,,,,,,,,8.73,-,,,,,,,,,,,,,,,,,,,,,,,,,-,-,,,,,,,,,,,,,,,,,,,,,,,,,
,04-22-2015,15:40:06, Lane 1 ,Fwd,FF,,283,2,57,,2,8.65,,,,,,,,,,,,,,,,,,,,,,,,8.65,-,,,,,,,,,,,,,,,,,,,,,,,,,-,-,,,,,,,,,,,,,,,,,,,,,,,,,
,04-22-2015,15:40:12, Lane 1 ,Fwd,FF,,284,2,52,,2,8.71,,,,,,,,,,,,,,,,,,,,,,,,8.71,-,,,,,,,,,,,,,,,,,,,,,,,,,-,-,,,,,,,,,,,,,,,,,,,,,,,,,
,04-22-2015,15:40:27, Lane 1 ,Fwd,FF,,285,3,58,,2,10.37,,,,,,,,,,,,,,,,,,,,,,,,10.37,-,,,,,,,,,,,,,,,,,,,,,,,,,-,-,,,,,,,,,,,,,,,,,,,,,,,,,
,04-22-2015,15:40:28, Lane 1 ,Fwd,FF,,286,2,57,,2,9.08,,,,,,,,,,,,,,,,,,,,,,,,9.08,-,,,,,,,,,,,,,,,,,,,,,,,,,-,-,,,,,,,,,,,,,,,,,,,,,,,,,
,04-22-2015,15:40:31, Lane 1 ,Fwd,FF,,287,2,55,,2,8.68,,,,,,,,,,,,,,,,,,,,,,,,8.68,-,,,,,,,,,,,,,,,,,,,,,,,,,-,-,,,,,,,,,,,,,,,,,,,,,,,,,
,04-22-2015,15:40:32, Lane 1 ,Fwd,FF,,288,3,55,,2,11.76,,,,,,,,,,,,,,,,,,,,,,,,11.76,-,,,,,,,,,,,,,,,,,,,,,,,,,-,-,,,,,,,,,,,,,,,,,,,,,,,,,
,04-22-2015,15:40:34, Lane 1 ,Fwd,FF,,289,2,58,,2,9.45,,,,,,,,,,,,,,,,,,,,,,,,9.45,-,,,,,,,,,,,,,,,,,,,,,,,,,-,-,,,,,,,,,,,,,,,,,,,,,,,,,
,04-22-2015,15:40:46, Lane 1 ,Fwd,FF,,290,3,57,,2,11.25,,,,,,,,,,,,,,,,,,,,,,,,11.25,-,,,,,,,,,,,,,,,,,,,,,,,,,-,-,,,,,,,,,,,,,,,,,,,,,,,,,
,04-22-2015,15:40:47, Lane 1 ,Fwd,FF,,291,3,58,,2,10.65,,,,,,,,,,,,,,,,,,,,,,,,10.65,-,,,,,,,,,,,,,,,,,,,,,,,,,-,-,,,,,,,,,,,,,,,,,,,,,,,,,
,04-22-2015,15:40:49, Lane 1 ,Fwd,FF,,292,2,58,,2,9.69,,,,,,,,,,,,,,,,,,,,,,,,9.69,-,,,,,,,,,,,,,,,,,,,,,,,,,-,-,,,,,,,,,,,,,,,,,,,,,,,,,
,04-22-2015,15:40:58, Lane 1 ,Fwd,FF,,293,3,55,,2,12.64,,,,,,,,,,,,,,,,,,,,,,,,12.64,-,,,,,,,,,,,,,,,,,,,,,,,,,-,-,,,,,,,,,,,,,,,,,,,,,,,,,
,04-22-2015,15:41:04, Lane 1 ,Fwd,FF,,294,2,66,,2,8.62,,,,,,,,,,,,,,,,,,,,,,,,8.62,-,,,,,,,,,,,,,,,,,,,,,,,,,-,-,,,,,,,,,,,,,,,,,,,,,,,,,
,04-22-2015,15:41:08, Lane 1 ,Fwd,FF,,295,2,61,,2,9.51,,,,,,,,,,,,,,,,,,,,,,,,9.51,-,,,,,,,,,,,,,,,,,,,,,,,,,-,-,,,,,,,,,,,,,,,,,,,,,,,,,
,04-22-2015,15:41:09, Lane 1 ,Fwd,FF,,296,2,62,,2,8.64,,,,,,,,,,,,,,,,,,,,,,,,8.64,-,,,,,,,,,,,,,,,,,,,,,,,,,-,-,,,,,,,,,,,,,,,,,,,,,,,,,
,04-22-2015,15:41:32, Lane 1 ,Fwd,FF,,297,2,54,,2,9.49,,,,,,,,,,,,,,,,,,,,,,,,9.49,-,,,,,,,,,,,,,,,,,,,,,,,,,-,-,,,,,,,,,,,,,,,,,,,,,,,,,
,04-22-2015,15:41:35, Lane 1 ,Fwd,FF,,298,3,58,,3,11.41,16.23,,,,,,,,,,,,,,,,,,,,,,,27.64,-,,,,,,,,,,,,,,,,,,,,,,,,,-,-,,,,,,,,,,,,,,,,,,,,,,,,,
,04-22-2015,15:41:47, Lane 1 ,Fwd,FF,,299,2,60,,2,8.15,,,,,,,,,,,,,,,,,,,,,,,,8.15,-,,,,,,,,,,,,,,,,,,,,,,,,,-,-,,,,,,,,,,,,,,,,,,,,,,,,,
,04-22-2015,15:41:57, Lane 1 ,Fwd,FF,,300,2,60,,2,8.65,,,,,,,,,,,,,,,,,,,,,,,,8.65,-,,,,,,,,,,,,,,,,,,,,,,,,,-,-,,,,,,,,,,,,,,,,,,,,,,,,,
,04-22-2015,15:42:03, Lane 1 ,Fwd,FF,,301,2,58,,2,8.68,,,,,,,,,,,,,,,,,,,,,,,,8.68,-,,,,,,,,,,,,,,,,,,,,,,,,,-,-,,,,,,,,,,,,,,,,,,,,,,,,,
,04-22-2015,15:42:05, Lane 1 ,Fwd,FF,,302,2,56,,2,8.44,,,,,,,,,,,,,,,,,,,,,,,,8.44,-,,,,,,,,,,,,,,,,,,,,,,,,,-,-,,,,,,,,,,,,,,,,,,,,,,,,,
,04-22-2015,15:42:09, Lane 1 ,Fwd,FF,,303,3,58,,2,10.31,,,,,,,,,,,,,,,,,,,,,,,,10.31,-,,,,,,,,,,,,,,,,,,,,,,,,,-,-,,,,,,,,,,,,,,,,,,,,,,,,,
,04-22-2015,15:42:11, Lane 1 ,Fwd,FF,,304,3,55,,2,11.52,,,,,,,,,,,,,,,,,,,,,,,,11.52,-,,,,,,,,,,,,,,,,,,,,,,,,,-,-,,,,,,,,,,,,,,,,,,,,,,,,,
,04-22-2015,15:42:12, Lane 1 ,Fwd,FF,,305,3,56,,2,11.42,,,,,,,,,,,,,,,,,,,,,,,,11.42,-,,,,,,,,,,,,,,,,,,,,,,,,,-,-,,,,,,,,,,,,,,,,,,,,,,,,,
,04-22-2015,15:42:15, Lane 1 ,Fwd,FF,,306,2,59,,2,8.00,,,,,,,,,,,,,,,,,,,,,,,,8.00,-,,,,,,,,,,,,,,,,,,,,,,,,,-,-,,,,,,,,,,,,,,,,,,,,,,,,,
,04-22-2015,15:42:33, Lane 1 ,Fwd,FF,,307,2,54,,2,8.86,,,,,,,,,,,,,,,,,,,,,,,,8.86,-,,,,,,,,,,,,,,,,,,,,,,,,,-,-,,,,,,,,,,,,,,,,,,,,,,,,,
,04-22-2015,15:43:17, Lane 1 ,Fwd,FF,,308,2,55,,2,8.80,,,,,,,,,,,,,,,,,,,,,,,,8.80,-,,,,,,,,,,,,,,,,,,,,,,,,,-,-,,,,,,,,,,,,,,,,,,,,,,,,,
,04-22-2015,15:43:22, Lane 1 ,Fwd,FF,,309,2,60,,2,9.71,,,,,,,,,,,,,,,,,,,,,,,,9.71,-,,,,,,,,,,,,,,,,,,,,,,,,,-,-,,,,,,,,,,,,,,,,,,,,,,,,,
,04-22-2015,15:43:26, Lane 1 ,Fwd,FF,,310,2,53,,2,8.65,,,,,,,,,,,,,,,,,,,,,,,,8.65,-,,,,,,,,,,,,,,,,,,,,,,,,,-,-,,,,,,,,,,,,,,,,,,,,,,,,,
,04-22-2015,15:43:29, Lane 1 ,Fwd,FF,,311,2,57,,2,8.81,,,,,,,,,,,,,,,,,,,,,,,,8.81,-,,,,,,,,,,,,,,,,,,,,,,,,,-,-,,,,,,,,,,,,,,,,,,,,,,,,,
,04-22-2015,15:43:31, Lane 1 ,Fwd,FF,,312,2,59,,2,8.72,,,,,,,,,,,,,,,,,,,,,,,,8.72,-,,,,,,,,,,,,,,,,,,,,,,,,,-,-,,,,,,,,,,,,,,,,,,,,,,,,,
,04-22-2015,15:43:34, Lane 1 ,Fwd,FF,,313,2,60,,2,8.56,,,,,,,,,,,,,,,,,,,,,,,,8.56,-,,,,,,,,,,,,,,,,,,,,,,,,,-,-,,,,,,,,,,,,,,,,,,,,,,,,,
,04-22-2015,15:43:38, Lane 1 ,Fwd,FF,,314,3,61,,2,11.11,,,,,,,,,,,,,,,,,,,,,,,,11.11,-,,,,,,,,,,,,,,,,,,,,,,,,,-,-,,,,,,,,,,,,,,,,,,,,,,,,,
,04-22-2015,15:43:40, Lane 1 ,Fwd,FF,,315,2,64,,2,8.98,,,,,,,,,,,,,,,,,,,,,,,,8.98,-,,,,,,,,,,,,,,,,,,,,,,,,,-,-,,,,,,,,,,,,,,,,,,,,,,,,,
,04-22-2015,15:43:49, Lane 1 ,Fwd,FF,,316,3,56,,2,10.85,,,,,,,,,,,,,,,,,,,,,,,,10.85,-,,,,,,,,,,,,,,,,,,,,,,,,,-,-,,,,,,,,,,,,,,,,,,,,,,,,,
,04-22-2015,15:43:52, Lane 1 ,Fwd,FF,,317,2,55,,2,8.64,,,,,,,,,,,,,,,,,,,,,,,,8.64,-,,,,,,,,,,,,,,,,,,,,,,,,,-,-,,,,,,,,,,,,,,,,,,,,,,,,,
,04-22-2015,15:43:53, Lane 1 ,Fwd,FF,,318,2,56,,2,9.77,,,,,,,,,,,,,,,,,,,,,,,,9.77,-,,,,,,,,,,,,,,,,,,,,,,,,,-,-,,,,,,,,,,,,,,,,,,,,,,,,,
,04-22-2015,15:43:55, Lane 1 ,Fwd,FF,,319,2,57,,2,9.17,,,,,,,,,,,,,,,,,,,,,,,,9.17,-,,,,,,,,,,,,,,,,,,,,,,,,,-,-,,,,,,,,,,,,,,,,,,,,,,,,,
,04-22-2015,15:43:57, Lane 1 ,Fwd,FF,,320,2,55,,2,9.02,,,,,,,,,,,,,,,,,,,,,,,,9.02,-,,,,,,,,,,,,,,,,,,,,,,,,,-,-,,,,,,,,,,,,,,,,,,,,,,,,,
,04-22-2015,15:44:01, Lane 1 ,Fwd,FF,,321,3,58,,2,11.07,,,,,,,,,,,,,,,,,,,,,,,,11.07,-,,,,,,,,,,,,,,,,,,,,,,,,,-,-,,,,,,,,,,,,,,,,,,,,,,,,,
,04-22-2015,15:44:07, Lane 1 ,Fwd,FF,,322,8,57,,3,12.84,18.29,,,,,,,,,,,,,,,,,,,,,,,31.13,-,,,,,,,,,,,,,,,,,,,,,,,,,-,-,,,,,,,,,,,,,,,,,,,,,,,,,
,04-22-2015,15:44:11, Lane 1 ,Fwd,FF,,323,2,55,,2,8.22,,,,,,,,,,,,,,,,,,,,,,,,8.22,-,,,,,,,,,,,,,,,,,,,,,,,,,-,-,,,,,,,,,,,,,,,,,,,,,,,,,
,04-22-2015,15:44:13, Lane 1 ,Fwd,FF,,324,3,55,,2,11.76,,,,,,,,,,,,,,,,,,,,,,,,11.76,-,,,,,,,,,,,,,,,,,,,,,,,,,-,-,,,,,,,,,,,,,,,,,,,,,,,,,
,04-22-2015,15:44:43, Lane 1 ,Fwd,FF,,325,3,59,,2,11.22,,,,,,,,,,,,,,,,,,,,,,,,11.22,-,,,,,,,,,,,,,,,,,,,,,,,,,-,-,,,,,,,,,,,,,,,,,,,,,,,,,
,04-22-2015,15:44:56, Lane 1 ,Fwd,FF,,326,4,48,,2,20.69,,,,,,,,,,,,,,,,,,,,,,,,20.69,-,,,,,,,,,,,,,,,,,,,,,,,,,-,-,,,,,,,,,,,,,,,,,,,,,,,,,
,04-22-2015,15:44:59, Lane 1 ,Fwd,FF,,327,3,50,,2,11.04,,,,,,,,,,,,,,,,,,,,,,,,11.04,-,,,,,,,,,,,,,,,,,,,,,,,,,-,-,,,,,,,,,,,,,,,,,,,,,,,,,
,04-22-2015,15:45:01, Lane 1 ,Fwd,FF,,328,2,49,,2,8.71,,,,,,,,,,,,,,,,,,,,,,,,8.71,-,,,,,,,,,,,,,,,,,,,,,,,,,-,-,,,,,,,,,,,,,,,,,,,,,,,,,
,04-22-2015,15:45:08, Lane 1 ,Fwd,FF,,329,9,51,,5,11.19,4.22,34.00,4.00,,,,,,,,,,,,,,,,,,,,,53.41,-,,,,,,,,,,,,,,,,,,,,,,,,,-,-,,,,,,,,,,,,,,,,,,,,,,,,,
,04-22-2015,15:45:11, Lane 1 ,Fwd,FF,,330,3,49,,2,11.93,,,,,,,,,,,,,,,,,,,,,,,,11.93,-,,,,,,,,,,,,,,,,,,,,,,,,,-,-,,,,,,,,,,,,,,,,,,,,,,,,,
,04-22-2015,15:45:18, Lane 1 ,Fwd,FF,,331,2,54,,2,9.73,,,,,,,,,,,,,,,,,,,,,,,,9.73,-,,,,,,,,,,,,,,,,,,,,,,,,,-,-,,,,,,,,,,,,,,,,,,,,,,,,,
,04-22-2015,15:45:20, Lane 1 ,Fwd,FF,,332,2,52,,2,10.03,,,,,,,,,,,,,,,,,,,,,,,,10.03,-,,,,,,,,,,,,,,,,,,,,,,,,,-,-,,,,,,,,,,,,,,,,,,,,,,,,,
,04-22-2015,15:45:21, Lane 1 ,Fwd,FF,,333,2,55,,2,8.27,,,,,,,,,,,,,,,,,,,,,,,,8.27,-,,,,,,,,,,,,,,,,,,,,,,,,,-,-,,,,,,,,,,,,,,,,,,,,,,,,,
,04-22-2015,15:45:30, Lane 1 ,Fwd,FF,,334,2,51,,2,8.78,,,,,,,,,,,,,,,,,,,,,,,,8.78,-,,,,,,,,,,,,,,,,,,,,,,,,,-,-,,,,,,,,,,,,,,,,,,,,,,,,,
,04-22-2015,15:45:31, Lane 1 ,Fwd,FF,,335,2,53,,2,9.76,,,,,,,,,,,,,,,,,,,,,,,,9.76,-,,,,,,,,,,,,,,,,,,,,,,,,,-,-,,,,,,,,,,,,,,,,,,,,,,,,,
,04-22-2015,15:45:32, Lane 1 ,Fwd,FF,,336,2,54,,2,9.00,,,,,,,,,,,,,,,,,,,,,,,,9.00,-,,,,,,,,,,,,,,,,,,,,,,,,,-,-,,,,,,,,,,,,,,,,,,,,,,,,,
,04-22-2015,15:45:34, Lane 1 ,Fwd,FF,,337,2,53,,2,8.52,,,,,,,,,,,,,,,,,,,,,,,,8.52,-,,,,,,,,,,,,,,,,,,,,,,,,,-,-,,,,,,,,,,,,,,,,,,,,,,,,,
,04-22-2015,15:45:36, Lane 1 ,Fwd,FF,,338,2,53,,2,8.46,,,,,,,,,,,,,,,,,,,,,,,,8.46,-,,,,,,,,,,,,,,,,,,,,,,,,,-,-,,,,,,,,,,,,,,,,,,,,,,,,,
,04-22-2015,15:45:37, Lane 1 ,Fwd,FF,,339,2,51,,2,8.02,,,,,,,,,,,,,,,,,,,,,,,,8.02,-,,,,,,,,,,,,,,,,,,,,,,,,,-,-,,,,,,,,,,,,,,,,,,,,,,,,,
,04-22-2015,15:45:39, Lane 1 ,Fwd,FF,,340,3,56,,2,10.68,,,,,,,,,,,,,,,,,,,,,,,,10.68,-,,,,,,,,,,,,,,,,,,,,,,,,,-,-,,,,,,,,,,,,,,,,,,,,,,,,,
,04-22-2015,15:45:41, Lane 1 ,Fwd,FF,,341,2,54,,2,8.90,,,,,,,,,,,,,,,,,,,,,,,,8.90,-,,,,,,,,,,,,,,,,,,,,,,,,,-,-,,,,,,,,,,,,,,,,,,,,,,,,,
,04-22-2015,15:45:42, Lane 1 ,Fwd,FF,,342,2,52,,2,8.33,,,,,,,,,,,,,,,,,,,,,,,,8.33,-,,,,,,,,,,,,,,,,,,,,,,,,,-,-,,,,,,,,,,,,,,,,,,,,,,,,,
,04-22-2015,15:45:44, Lane 1 ,Fwd,FF,,343,2,56,,2,9.35,,,,,,,,,,,,,,,,,,,,,,,,9.35,-,,,,,,,,,,,,,,,,,,,,,,,,,-,-,,,,,,,,,,,,,,,,,,,,,,,,,
,04-22-2015,15:45:47, Lane 1 ,Fwd,FF,,344,3,60,,2,12.35,,,,,,,,,,,,,,,,,,,,,,,,12.35,-,,,,,,,,,,,,,,,,,,,,,,,,,-,-,,,,,,,,,,,,,,,,,,,,,,,,,
,04-22-2015,15:46:03, Lane 1 ,Fwd,FF,,345,3,55,,3,11.11,16.30,,,,,,,,,,,,,,,,,,,,,,,27.41,-,,,,,,,,,,,,,,,,,,,,,,,,,-,-,,,,,,,,,,,,,,,,,,,,,,,,,
,04-22-2015,15:46:10, Lane 1 ,Fwd,FF,,346,3,54,,2,11.05,,,,,,,,,,,,,,,,,,,,,,,,11.05,-,,,,,,,,,,,,,,,,,,,,,,,,,-,-,,,,,,,,,,,,,,,,,,,,,,,,,
,04-22-2015,15:46:12, Lane 1 ,Fwd,FF,,347,3,57,,2,11.83,,,,,,,,,,,,,,,,,,,,,,,,11.83,-,,,,,,,,,,,,,,,,,,,,,,,,,-,-,,,,,,,,,,,,,,,,,,,,,,,,,
,04-22-2015,15:46:14, Lane 1 ,Fwd,FF,,348,2,58,,2,9.64,,,,,,,,,,,,,,,,,,,,,,,,9.64,-,,,,,,,,,,,,,,,,,,,,,,,,,-,-,,,,,,,,,,,,,,,,,,,,,,,,,
,04-22-2015,15:46:16, Lane 1 ,Fwd,FF,,349,2,58,,2,8.87,,,,,,,,,,,,,,,,,,,,,,,,8.87,-,,,,,,,,,,,,,,,,,,,,,,,,,-,-,,,,,,,,,,,,,,,,,,,,,,,,,
,04-22-2015,15:46:43, Lane 1 ,Fwd,FF,,350,2,64,,2,8.79,,,,,,,,,,,,,,,,,,,,,,,,8.79,-,,,,,,,,,,,,,,,,,,,,,,,,,-,-,,,,,,,,,,,,,,,,,,,,,,,,,
,04-22-2015,15:46:53, Lane 1 ,Fwd,FF,,351,3,54,,2,11.77,,,,,,,,,,,,,,,,,,,,,,,,11.77,-,,,,,,,,,,,,,,,,,,,,,,,,,-,-,,,,,,,,,,,,,,,,,,,,,,,,,
,04-22-2015,15:46:54, Lane 1 ,Fwd,FF,,352,2,55,,2,8.56,,,,,,,,,,,,,,,,,,,,,,,,8.56,-,,,,,,,,,,,,,,,,,,,,,,,,,-,-,,,,,,,,,,,,,,,,,,,,,,,,,
,04-22-2015,15:47:10, Lane 1 ,Fwd,FF,,353,2,58,,2,8.94,,,,,,,,,,,,,,,,,,,,,,,,8.94,-,,,,,,,,,,,,,,,,,,,,,,,,,-,-,,,,,,,,,,,,,,,,,,,,,,,,,
,04-22-2015,15:47:11, Lane 1 ,Fwd,FF,,354,2,59,,2,8.78,,,,,,,,,,,,,,,,,,,,,,,,8.78,-,,,,,,,,,,,,,,,,,,,,,,,,,-,-,,,,,,,,,,,,,,,,,,,,,,,,,
,04-22-2015,15:48:06, Lane 1 ,Fwd,FF,,355,2,63,,2,8.95,,,,,,,,,,,,,,,,,,,,,,,,8.95,-,,,,,,,,,,,,,,,,,,,,,,,,,-,-,,,,,,,,,,,,,,,,,,,,,,,,,
,04-22-2015,15:48:35, Lane 1 ,Fwd,FF,,356,4,46,,2,22.46,,,,,,,,,,,,,,,,,,,,,,,,22.46,-,,,,,,,,,,,,,,,,,,,,,,,,,-,-,,,,,,,,,,,,,,,,,,,,,,,,,
,04-22-2015,15:48:37, Lane 1 ,Fwd,FF,,357,2,49,,2,8.36,,,,,,,,,,,,,,,,,,,,,,,,8.36,-,,,,,,,,,,,,,,,,,,,,,,,,,-,-,,,,,,,,,,,,,,,,,,,,,,,,,
,04-22-2015,15:48:38, Lane 1 ,Fwd,FF,,358,2,49,,2,8.39,,,,,,,,,,,,,,,,,,,,,,,,8.39,-,,,,,,,,,,,,,,,,,,,,,,,,,-,-,,,,,,,,,,,,,,,,,,,,,,,,,
,04-22-2015,15:48:39, Lane 1 ,Fwd,FF,,359,2,51,,2,8.52,,,,,,,,,,,,,,,,,,,,,,,,8.52,-,,,,,,,,,,,,,,,,,,,,,,,,,-,-,,,,,,,,,,,,,,,,,,,,,,,,,
,04-22-2015,15:48:43, Lane 1 ,Fwd,FF,,360,2,54,,2,8.43,,,,,,,,,,,,,,,,,,,,,,,,8.43,-,,,,,,,,,,,,,,,,,,,,,,,,,-,-,,,,,,,,,,,,,,,,,,,,,,,,,
,04-22-2015,15:48:46, Lane 1 ,Fwd,FF,,361,2,56,,2,8.96,,,,,,,,,,,,,,,,,,,,,,,,8.96,-,,,,,,,,,,,,,,,,,,,,,,,,,-,-,,,,,,,,,,,,,,,,,,,,,,,,,
,04-22-2015,15:48:49, Lane 1 ,Fwd,FF,,362,3,62,,2,11.55,,,,,,,,,,,,,,,,,,,,,,,,11.55,-,,,,,,,,,,,,,,,,,,,,,,,,,-,-,,,,,,,,,,,,,,,,,,,,,,,,,
,04-22-2015,15:48:56, Lane 1 ,Fwd,FF,,363,2,57,,2,8.89,,,,,,,,,,,,,,,,,,,,,,,,8.89,-,,,,,,,,,,,,,,,,,,,,,,,,,-,-,,,,,,,,,,,,,,,,,,,,,,,,,
,04-22-2015,15:48:57, Lane 1 ,Fwd,FF,,364,2,57,,2,9.31,,,,,,,,,,,,,,,,,,,,,,,,9.31,-,,,,,,,,,,,,,,,,,,,,,,,,,-,-,,,,,,,,,,,,,,,,,,,,,,,,,
,04-22-2015,15:48:58, Lane 1 ,Fwd,FF,,365,3,58,,2,12.94,,,,,,,,,,,,,,,,,,,,,,,,12.94,-,,,,,,,,,,,,,,,,,,,,,,,,,-,-,,,,,,,,,,,,,,,,,,,,,,,,,
,04-22-2015,15:49:05, Lane 1 ,Fwd,FF,,366,2,57,,2,8.56,,,,,,,,,,,,,,,,,,,,,,,,8.56,-,,,,,,,,,,,,,,,,,,,,,,,,,-,-,,,,,,,,,,,,,,,,,,,,,,,,,
,04-22-2015,15:49:59, Lane 1 ,Fwd,FF,,367,2,61,,2,8.09,,,,,,,,,,,,,,,,,,,,,,,,8.09,-,,,,,,,,,,,,,,,,,,,,,,,,,-,-,,,,,,,,,,,,,,,,,,,,,,,,,
,04-22-2015,15:50:02, Lane 1 ,Fwd,FF,,368,2,62,,2,8.73,,,,,,,,,,,,,,,,,,,,,,,,8.73,-,,,,,,,,,,,,,,,,,,,,,,,,,-,-,,,,,,,,,,,,,,,,,,,,,,,,,
,04-22-2015,15:50:04, Lane 1 ,Fwd,FF,,369,2,62,,2,8.21,,,,,,,,,,,,,,,,,,,,,,,,8.21,-,,,,,,,,,,,,,,,,,,,,,,,,,-,-,,,,,,,,,,,,,,,,,,,,,,,,,
,04-22-2015,15:50:30, Lane 1 ,Fwd,FF,,370,1,55,,2,4.30,,,,,,,,,,,,,,,,,,,,,,,,4.30,-,,,,,,,,,,,,,,,,,,,,,,,,,-,-,,,,,,,,,,,,,,,,,,,,,,,,,
,04-22-2015,15:50:33, Lane 1 ,Fwd,FF,,371,2,52,,2,8.71,,,,,,,,,,,,,,,,,,,,,,,,8.71,-,,,,,,,,,,,,,,,,,,,,,,,,,-,-,,,,,,,,,,,,,,,,,,,,,,,,,
,04-22-2015,15:50:34, Lane 1 ,Fwd,FF,,372,2,53,,2,9.69,,,,,,,,,,,,,,,,,,,,,,,,9.69,-,,,,,,,,,,,,,,,,,,,,,,,,,-,-,,,,,,,,,,,,,,,,,,,,,,,,,
,04-22-2015,15:50:41, Lane 1 ,Fwd,FF,,373,2,55,,2,8.11,,,,,,,,,,,,,,,,,,,,,,,,8.11,-,,,,,,,,,,,,,,,,,,,,,,,,,-,-,,,,,,,,,,,,,,,,,,,,,,,,,
,04-22-2015,15:50:44, Lane 1 ,Fwd,FF,,374,2,56,,2,9.19,,,,,,,,,,,,,,,,,,,,,,,,9.19,-,,,,,,,,,,,,,,,,,,,,,,,,,-,-,,,,,,,,,,,,,,,,,,,,,,,,,
,04-22-2015,15:50:46, Lane 1 ,Fwd,FF,,375,2,56,,2,9.55,,,,,,,,,,,,,,,,,,,,,,,,9.55,-,,,,,,,,,,,,,,,,,,,,,,,,,-,-,,,,,,,,,,,,,,,,,,,,,,,,,
,04-22-2015,15:50:58, Lane 1 ,Fwd,FF,,376,3,53,,2,11.07,,,,,,,,,,,,,,,,,,,,,,,,11.07,-,,,,,,,,,,,,,,,,,,,,,,,,,-,-,,,,,,,,,,,,,,,,,,,,,,,,,
,04-22-2015,15:51:00, Lane 1 ,Fwd,FF,,377,2,54,,2,8.35,,,,,,,,,,,,,,,,,,,,,,,,8.35,-,,,,,,,,,,,,,,,,,,,,,,,,,-,-,,,,,,,,,,,,,,,,,,,,,,,,,
,04-22-2015,15:51:01, Lane 1 ,Fwd,FF,,378,8,53,,3,11.46,19.00,,,,,,,,,,,,,,,,,,,,,,,30.46,-,,,,,,,,,,,,,,,,,,,,,,,,,-,-,,,,,,,,,,,,,,,,,,,,,,,,,
,04-22-2015,15:51:03, Lane 1 ,Fwd,FF,,379,2,55,,2,8.78,,,,,,,,,,,,,,,,,,,,,,,,8.78,-,,,,,,,,,,,,,,,,,,,,,,,,,-,-,,,,,,,,,,,,,,,,,,,,,,,,,
,04-22-2015,15:51:04, Lane 1 ,Fwd,FF,,380,2,56,,2,9.70,,,,,,,,,,,,,,,,,,,,,,,,9.70,-,,,,,,,,,,,,,,,,,,,,,,,,,-,-,,,,,,,,,,,,,,,,,,,,,,,,,
,04-22-2015,15:51:21, Lane 1 ,Fwd,FF,,381,2,63,,2,9.90,,,,,,,,,,,,,,,,,,,,,,,,9.90,-,,,,,,,,,,,,,,,,,,,,,,,,,-,-,,,,,,,,,,,,,,,,,,,,,,,,,
,04-22-2015,15:51:24, Lane 1 ,Fwd,FF,,382,3,63,,2,11.26,,,,,,,,,,,,,,,,,,,,,,,,11.26,-,,,,,,,,,,,,,,,,,,,,,,,,,-,-,,,,,,,,,,,,,,,,,,,,,,,,,
,04-22-2015,15:51:29, Lane 1 ,Fwd,FF,,383,2,61,,2,9.16,,,,,,,,,,,,,,,,,,,,,,,,9.16,-,,,,,,,,,,,,,,,,,,,,,,,,,-,-,,,,,,,,,,,,,,,,,,,,,,,,,
,04-22-2015,15:51:30, Lane 1 ,Fwd,FF,,384,2,62,,2,9.11,,,,,,,,,,,,,,,,,,,,,,,,9.11,-,,,,,,,,,,,,,,,,,,,,,,,,,-,-,,,,,,,,,,,,,,,,,,,,,,,,,
,04-22-2015,15:52:26, Lane 1 ,Fwd,FF,,385,2,56,,2,8.44,,,,,,,,,,,,,,,,,,,,,,,,8.44,-,,,,,,,,,,,,,,,,,,,,,,,,,-,-,,,,,,,,,,,,,,,,,,,,,,,,,
,04-22-2015,15:52:28, Lane 1 ,Fwd,FF,,386,2,56,,2,9.37,,,,,,,,,,,,,,,,,,,,,,,,9.37,-,,,,,,,,,,,,,,,,,,,,,,,,,-,-,,,,,,,,,,,,,,,,,,,,,,,,,
,04-22-2015,15:52:31, Lane 1 ,Fwd,FF,,387,2,62,,2,8.75,,,,,,,,,,,,,,,,,,,,,,,,8.75,-,,,,,,,,,,,,,,,,,,,,,,,,,-,-,,,,,,,,,,,,,,,,,,,,,,,,,
,04-22-2015,15:52:36, Lane 1 ,Fwd,FF,,388,2,58,,2,7.83,,,,,,,,,,,,,,,,,,,,,,,,7.83,-,,,,,,,,,,,,,,,,,,,,,,,,,-,-,,,,,,,,,,,,,,,,,,,,,,,,,
,04-22-2015,15:52:40, Lane 1 ,Fwd,FF,,389,3,61,,2,10.94,,,,,,,,,,,,,,,,,,,,,,,,10.94,-,,,,,,,,,,,,,,,,,,,,,,,,,-,-,,,,,,,,,,,,,,,,,,,,,,,,,
,04-22-2015,15:52:48, Lane 1 ,Fwd,FF,,390,3,62,,2,11.27,,,,,,,,,,,,,,,,,,,,,,,,11.27,-,,,,,,,,,,,,,,,,,,,,,,,,,-,-,,,,,,,,,,,,,,,,,,,,,,,,,
,04-22-2015,15:52:50, Lane 1 ,Fwd,FF,,391,2,63,,2,8.98,,,,,,,,,,,,,,,,,,,,,,,,8.98,-,,,,,,,,,,,,,,,,,,,,,,,,,-,-,,,,,,,,,,,,,,,,,,,,,,,,,
,04-22-2015,15:52:52, Lane 1 ,Fwd,FF,,392,3,64,,2,11.81,,,,,,,,,,,,,,,,,,,,,,,,11.81,-,,,,,,,,,,,,,,,,,,,,,,,,,-,-,,,,,,,,,,,,,,,,,,,,,,,,,
,04-22-2015,15:52:54, Lane 1 ,Fwd,FF,,393,3,63,,2,10.62,,,,,,,,,,,,,,,,,,,,,,,,10.62,-,,,,,,,,,,,,,,,,,,,,,,,,,-,-,,,,,,,,,,,,,,,,,,,,,,,,,
,04-22-2015,15:53:16, Lane 1 ,Fwd,FF,,394,9,55,,5,15.84,4.16,32.72,4.00,,,,,,,,,,,,,,,,,,,,,56.72,-,,,,,,,,,,,,,,,,,,,,,,,,,-,-,,,,,,,,,,,,,,,,,,,,,,,,,
,04-22-2015,15:53:18, Lane 1 ,Fwd,FF,,395,2,53,,2,8.75,,,,,,,,,,,,,,,,,,,,,,,,8.75,-,,,,,,,,,,,,,,,,,,,,,,,,,-,-,,,,,,,,,,,,,,,,,,,,,,,,,
,04-22-2015,15:53:19, Lane 1 ,Fwd,FF,,396,2,54,,2,9.24,,,,,,,,,,,,,,,,,,,,,,,,9.24,-,,,,,,,,,,,,,,,,,,,,,,,,,-,-,,,,,,,,,,,,,,,,,,,,,,,,,
,04-22-2015,15:53:20, Lane 1 ,Fwd,FF,,397,2,53,,2,9.00,,,,,,,,,,,,,,,,,,,,,,,,9.00,-,,,,,,,,,,,,,,,,,,,,,,,,,-,-,,,,,,,,,,,,,,,,,,,,,,,,,
,04-22-2015,15:53:22, Lane 1 ,Fwd,FF,,398,2,49,,2,8.91,,,,,,,,,,,,,,,,,,,,,,,,8.91,-,,,,,,,,,,,,,,,,,,,,,,,,,-,-,,,,,,,,,,,,,,,,,,,,,,,,,
,04-22-2015,15:53:23, Lane 1 ,Fwd,FF,,399,2,51,,2,9.83,,,,,,,,,,,,,,,,,,,,,,,,9.83,-,,,,,,,,,,,,,,,,,,,,,,,,,-,-,,,,,,,,,,,,,,,,,,,,,,,,,
,04-22-2015,15:53:28, Lane 1 ,Fwd,FF,,400,2,63,,2,8.95,,,,,,,,,,,,,,,,,,,,,,,,8.95,-,,,,,,,,,,,,,,,,,,,,,,,,,-,-,,,,,,,,,,,,,,,,,,,,,,,,,
,04-22-2015,15:53:34, Lane 1 ,Fwd,FF,,401,2,61,,2,8.96,,,,,,,,,,,,,,,,,,,,,,,,8.96,-,,,,,,,,,,,,,,,,,,,,,,,,,-,-,,,,,,,,,,,,,,,,,,,,,,,,,
,04-22-2015,15:54:37, Lane 1 ,Fwd,FF,,402,2,56,,2,8.39,,,,,,,,,,,,,,,,,,,,,,,,8.39,-,,,,,,,,,,,,,,,,,,,,,,,,,-,-,,,,,,,,,,,,,,,,,,,,,,,,,
,04-22-2015,15:54:38, Lane 1 ,Fwd,FF,,403,3,57,,2,11.34,,,,,,,,,,,,,,,,,,,,,,,,11.34,-,,,,,,,,,,,,,,,,,,,,,,,,,-,-,,,,,,,,,,,,,,,,,,,,,,,,,
,04-22-2015,15:54:40, Lane 1 ,Fwd,FF,,404,2,58,,2,9.70,,,,,,,,,,,,,,,,,,,,,,,,9.70,-,,,,,,,,,,,,,,,,,,,,,,,,,-,-,,,,,,,,,,,,,,,,,,,,,,,,,
,04-22-2015,15:54:41, Lane 1 ,Fwd,FF,,405,2,58,,2,9.19,,,,,,,,,,,,,,,,,,,,,,,,9.19,-,,,,,,,,,,,,,,,,,,,,,,,,,-,-,,,,,,,,,,,,,,,,,,,,,,,,,
,04-22-2015,15:54:53, Lane 1 ,Fwd,FF,,406,3,55,,2,12.65,,,,,,,,,,,,,,,,,,,,,,,,12.65,-,,,,,,,,,,,,,,,,,,,,,,,,,-,-,,,,,,,,,,,,,,,,,,,,,,,,,
,04-22-2015,15:54:55, Lane 1 ,Fwd,FF,,407,3,54,,2,11.84,,,,,,,,,,,,,,,,,,,,,,,,11.84,-,,,,,,,,,,,,,,,,,,,,,,,,,-,-,,,,,,,,,,,,,,,,,,,,,,,,,
,04-22-2015,15:54:57, Lane 1 ,Fwd,FF,,408,2,54,,2,8.47,,,,,,,,,,,,,,,,,,,,,,,,8.47,-,,,,,,,,,,,,,,,,,,,,,,,,,-,-,,,,,,,,,,,,,,,,,,,,,,,,,
,04-22-2015,15:55:01, Lane 1 ,Fwd,FF,,409,2,53,,2,8.69,,,,,,,,,,,,,,,,,,,,,,,,8.69,-,,,,,,,,,,,,,,,,,,,,,,,,,-,-,,,,,,,,,,,,,,,,,,,,,,,,,
,04-22-2015,15:55:06, Lane 1 ,Fwd,FF,,410,3,58,,2,11.32,,,,,,,,,,,,,,,,,,,,,,,,11.32,-,,,,,,,,,,,,,,,,,,,,,,,,,-,-,,,,,,,,,,,,,,,,,,,,,,,,,
,04-22-2015,15:55:24, Lane 1 ,Fwd,FF,,411,2,56,,2,9.63,,,,,,,,,,,,,,,,,,,,,,,,9.63,-,,,,,,,,,,,,,,,,,,,,,,,,,-,-,,,,,,,,,,,,,,,,,,,,,,,,,
,04-22-2015,15:55:30, Lane 1 ,Fwd,FF,,412,2,63,,2,8.52,,,,,,,,,,,,,,,,,,,,,,,,8.52,-,,,,,,,,,,,,,,,,,,,,,,,,,-,-,,,,,,,,,,,,,,,,,,,,,,,,,
,04-22-2015,15:55:36, Lane 1 ,Fwd,FF,,413,3,67,,2,11.51,,,,,,,,,,,,,,,,,,,,,,,,11.51,-,,,,,,,,,,,,,,,,,,,,,,,,,-,-,,,,,,,,,,,,,,,,,,,,,,,,,
,04-22-2015,15:55:41, Lane 1 ,Fwd,FF,,414,3,58,,2,10.29,,,,,,,,,,,,,,,,,,,,,,,,10.29,-,,,,,,,,,,,,,,,,,,,,,,,,,-,-,,,,,,,,,,,,,,,,,,,,,,,,,
,04-22-2015,15:55:42, Lane 1 ,Fwd,FF,,415,2,58,,2,8.70,,,,,,,,,,,,,,,,,,,,,,,,8.70,-,,,,,,,,,,,,,,,,,,,,,,,,,-,-,,,,,,,,,,,,,,,,,,,,,,,,,
,04-22-2015,15:55:46, Lane 1 ,Fwd,FF,,416,2,60,,2,8.91,,,,,,,,,,,,,,,,,,,,,,,,8.91,-,,,,,,,,,,,,,,,,,,,,,,,,,-,-,,,,,,,,,,,,,,,,,,,,,,,,,
,04-22-2015,15:55:48, Lane 1 ,Fwd,FF,,417,2,60,,2,8.83,,,,,,,,,,,,,,,,,,,,,,,,8.83,-,,,,,,,,,,,,,,,,,,,,,,,,,-,-,,,,,,,,,,,,,,,,,,,,,,,,,
,04-22-2015,15:55:50, Lane 1 ,Fwd,FF,,418,3,60,,2,10.41,,,,,,,,,,,,,,,,,,,,,,,,10.41,-,,,,,,,,,,,,,,,,,,,,,,,,,-,-,,,,,,,,,,,,,,,,,,,,,,,,,
,04-22-2015,15:55:52, Lane 1 ,Fwd,FF,,419,2,59,,2,8.72,,,,,,,,,,,,,,,,,,,,,,,,8.72,-,,,,,,,,,,,,,,,,,,,,,,,,,-,-,,,,,,,,,,,,,,,,,,,,,,,,,
,04-22-2015,15:55:55, Lane 1 ,Fwd,FF,,420,2,59,,2,9.48,,,,,,,,,,,,,,,,,,,,,,,,9.48,-,,,,,,,,,,,,,,,,,,,,,,,,,-,-,,,,,,,,,,,,,,,,,,,,,,,,,
,04-22-2015,15:56:07, Lane 1 ,Fwd,FF,,421,3,61,,2,10.66,,,,,,,,,,,,,,,,,,,,,,,,10.66,-,,,,,,,,,,,,,,,,,,,,,,,,,-,-,,,,,,,,,,,,,,,,,,,,,,,,,
,04-22-2015,15:56:08, Lane 1 ,Fwd,FF,,422,2,60,,2,7.97,,,,,,,,,,,,,,,,,,,,,,,,7.97,-,,,,,,,,,,,,,,,,,,,,,,,,,-,-,,,,,,,,,,,,,,,,,,,,,,,,,
,04-22-2015,15:56:18, Lane 1 ,Fwd,FF,,423,2,63,,2,8.98,,,,,,,,,,,,,,,,,,,,,,,,8.98,-,,,,,,,,,,,,,,,,,,,,,,,,,-,-,,,,,,,,,,,,,,,,,,,,,,,,,
,04-22-2015,15:56:26, Lane 1 ,Fwd,FF,,424,2,56,,2,10.11,,,,,,,,,,,,,,,,,,,,,,,,10.11,-,,,,,,,,,,,,,,,,,,,,,,,,,-,-,,,,,,,,,,,,,,,,,,,,,,,,,
,04-22-2015,15:56:27, Lane 1 ,Fwd,FF,,425,3,56,,2,11.84,,,,,,,,,,,,,,,,,,,,,,,,11.84,-,,,,,,,,,,,,,,,,,,,,,,,,,-,-,,,,,,,,,,,,,,,,,,,,,,,,,
,04-22-2015,15:57:08, Lane 1 ,Fwd,FF,,426,2,59,,2,8.64,,,,,,,,,,,,,,,,,,,,,,,,8.64,-,,,,,,,,,,,,,,,,,,,,,,,,,-,-,,,,,,,,,,,,,,,,,,,,,,,,,
,04-22-2015,15:57:13, Lane 1 ,Fwd,FF,,427,3,60,,2,12.70,,,,,,,,,,,,,,,,,,,,,,,,12.70,-,,,,,,,,,,,,,,,,,,,,,,,,,-,-,,,,,,,,,,,,,,,,,,,,,,,,,
,04-22-2015,15:57:15, Lane 1 ,Fwd,FF,,428,2,58,,2,9.17,,,,,,,,,,,,,,,,,,,,,,,,9.17,-,,,,,,,,,,,,,,,,,,,,,,,,,-,-,,,,,,,,,,,,,,,,,,,,,,,,,
,04-22-2015,15:57:17, Lane 1 ,Fwd,FF,,429,2,59,,2,9.13,,,,,,,,,,,,,,,,,,,,,,,,9.13,-,,,,,,,,,,,,,,,,,,,,,,,,,-,-,,,,,,,,,,,,,,,,,,,,,,,,,
,04-22-2015,15:57:18, Lane 1 ,Fwd,FF,,430,2,58,,2,9.87,,,,,,,,,,,,,,,,,,,,,,,,9.87,-,,,,,,,,,,,,,,,,,,,,,,,,,-,-,,,,,,,,,,,,,,,,,,,,,,,,,
,04-22-2015,15:57:33, Lane 1 ,Fwd,FF,,431,3,61,,2,11.73,,,,,,,,,,,,,,,,,,,,,,,,11.73,-,,,,,,,,,,,,,,,,,,,,,,,,,-,-,,,,,,,,,,,,,,,,,,,,,,,,,
,04-22-2015,15:57:34, Lane 1 ,Fwd,FF,,432,2,61,,2,9.31,,,,,,,,,,,,,,,,,,,,,,,,9.31,-,,,,,,,,,,,,,,,,,,,,,,,,,-,-,,,,,,,,,,,,,,,,,,,,,,,,,
,04-22-2015,15:57:43, Lane 1 ,Fwd,FF,,433,2,63,,2,8.89,,,,,,,,,,,,,,,,,,,,,,,,8.89,-,,,,,,,,,,,,,,,,,,,,,,,,,-,-,,,,,,,,,,,,,,,,,,,,,,,,,
,04-22-2015,15:58:06, Lane 1 ,Fwd,FF,,434,2,64,,2,8.98,,,,,,,,,,,,,,,,,,,,,,,,8.98,-,,,,,,,,,,,,,,,,,,,,,,,,,-,-,,,,,,,,,,,,,,,,,,,,,,,,,
,04-22-2015,15:58:22, Lane 1 ,Fwd,FF,,435,2,71,,2,8.79,,,,,,,,,,,,,,,,,,,,,,,,8.79,-,,,,,,,,,,,,,,,,,,,,,,,,,-,-,,,,,,,,,,,,,,,,,,,,,,,,,
,04-22-2015,15:58:29, Lane 1 ,Fwd,FF,,436,1,65,,2,5.05,,,,,,,,,,,,,,,,,,,,,,,,5.05,-,,,,,,,,,,,,,,,,,,,,,,,,,-,-,,,,,,,,,,,,,,,,,,,,,,,,,
,04-22-2015,15:58:34, Lane 1 ,Fwd,FF,,437,3,68,,2,11.51,,,,,,,,,,,,,,,,,,,,,,,,11.51,-,,,,,,,,,,,,,,,,,,,,,,,,,-,-,,,,,,,,,,,,,,,,,,,,,,,,,
,04-22-2015,15:58:38, Lane 1 ,Fwd,FF,,438,2,66,,2,9.29,,,,,,,,,,,,,,,,,,,,,,,,9.29,-,,,,,,,,,,,,,,,,,,,,,,,,,-,-,,,,,,,,,,,,,,,,,,,,,,,,,
,04-22-2015,15:58:45, Lane 1 ,Fwd,FF,,439,2,62,,2,8.91,,,,,,,,,,,,,,,,,,,,,,,,8.91,-,,,,,,,,,,,,,,,,,,,,,,,,,-,-,,,,,,,,,,,,,,,,,,,,,,,,,
,04-22-2015,15:58:46, Lane 1 ,Fwd,FF,,440,2,64,,2,9.28,,,,,,,,,,,,,,,,,,,,,,,,9.28,-,,,,,,,,,,,,,,,,,,,,,,,,,-,-,,,,,,,,,,,,,,,,,,,,,,,,,
,04-22-2015,15:59:15, Lane 1 ,Fwd,FF,,441,8,54,,3,13.83,18.12,,,,,,,,,,,,,,,,,,,,,,,31.95,-,,,,,,,,,,,,,,,,,,,,,,,,,-,-,,,,,,,,,,,,,,,,,,,,,,,,,
,04-22-2015,15:59:16, Lane 1 ,Fwd,FF,,442,3,55,,2,11.44,,,,,,,,,,,,,,,,,,,,,,,,11.44,-,,,,,,,,,,,,,,,,,,,,,,,,,-,-,,,,,,,,,,,,,,,,,,,,,,,,,
,04-22-2015,15:59:18, Lane 1 ,Fwd,FF,,443,5,55,,2,16.27,,,,,,,,,,,,,,,,,,,,,,,,16.27,-,,,,,,,,,,,,,,,,,,,,,,,,,-,-,,,,,,,,,,,,,,,,,,,,,,,,,
,04-22-2015,15:59:20, Lane 1 ,Fwd,FF,,444,2,55,,2,9.32,,,,,,,,,,,,,,,,,,,,,,,,9.32,-,,,,,,,,,,,,,,,,,,,,,,,,,-,-,,,,,,,,,,,,,,,,,,,,,,,,,
,04-22-2015,15:59:22, Lane 1 ,Fwd,FF,,445,5,55,,2,14.66,,,,,,,,,,,,,,,,,,,,,,,,14.66,-,,,,,,,,,,,,,,,,,,,,,,,,,-,-,,,,,,,,,,,,,,,,,,,,,,,,,
,04-22-2015,15:59:24, Lane 1 ,Fwd,FF,,446,2,56,,2,8.82,,,,,,,,,,,,,,,,,,,,,,,,8.82,-,,,,,,,,,,,,,,,,,,,,,,,,,-,-,,,,,,,,,,,,,,,,,,,,,,,,,
,04-22-2015,15:59:26, Lane 1 ,Fwd,FF,,447,2,55,,2,9.25,,,,,,,,,,,,,,,,,,,,,,,,9.25,-,,,,,,,,,,,,,,,,,,,,,,,,,-,-,,,,,,,,,,,,,,,,,,,,,,,,,
,04-22-2015,16:00:28, Lane 1 ,Fwd,FF,,1,3,58,,2,11.32,,,,,,,,,,,,,,,,,,,,,,,,11.32,-,,,,,,,,,,,,,,,,,,,,,,,,,-,-,,,,,,,,,,,,,,,,,,,,,,,,,
,04-22-2015,16:00:31, Lane 1 ,Fwd,FF,,2,2,61,,2,8.89,,,,,,,,,,,,,,,,,,,,,,,,8.89,-,,,,,,,,,,,,,,,,,,,,,,,,,-,-,,,,,,,,,,,,,,,,,,,,,,,,,
,04-22-2015,16:00:32, Lane 1 ,Fwd,FF,,3,2,63,,2,8.70,,,,,,,,,,,,,,,,,,,,,,,,8.70,-,,,,,,,,,,,,,,,,,,,,,,,,,-,-,,,,,,,,,,,,,,,,,,,,,,,,,
,04-22-2015,16:00:36, Lane 1 ,Fwd,FF,,4,3,63,,2,10.26,,,,,,,,,,,,,,,,,,,,,,,,10.26,-,,,,,,,,,,,,,,,,,,,,,,,,,-,-,,,,,,,,,,,,,,,,,,,,,,,,,
,04-22-2015,16:00:37, Lane 1 ,Fwd,FF,,5,2,66,,2,8.93,,,,,,,,,,,,,,,,,,,,,,,,8.93,-,,,,,,,,,,,,,,,,,,,,,,,,,-,-,,,,,,,,,,,,,,,,,,,,,,,,,
,04-22-2015,16:00:38, Lane 1 ,Fwd,FF,,6,2,65,,2,9.81,,,,,,,,,,,,,,,,,,,,,,,,9.81,-,,,,,,,,,,,,,,,,,,,,,,,,,-,-,,,,,,,,,,,,,,,,,,,,,,,,,
,04-22-2015,16:00:41, Lane 1 ,Fwd,FF,,7,2,64,,2,7.97,,,,,,,,,,,,,,,,,,,,,,,,7.97,-,,,,,,,,,,,,,,,,,,,,,,,,,-,-,,,,,,,,,,,,,,,,,,,,,,,,,
,04-22-2015,16:00:46, Lane 1 ,Fwd,FF,,8,2,64,,2,9.83,,,,,,,,,,,,,,,,,,,,,,,,9.83,-,,,,,,,,,,,,,,,,,,,,,,,,,-,-,,,,,,,,,,,,,,,,,,,,,,,,,
,04-22-2015,16:01:14, Lane 1 ,Fwd,FF,,9,3,52,,3,12.92,13.30,,,,,,,,,,,,,,,,,,,,,,,26.22,-,,,,,,,,,,,,,,,,,,,,,,,,,-,-,,,,,,,,,,,,,,,,,,,,,,,,,
,04-22-2015,16:01:15, Lane 1 ,Fwd,FF,,10,5,53,,2,14.18,,,,,,,,,,,,,,,,,,,,,,,,14.18,-,,,,,,,,,,,,,,,,,,,,,,,,,-,-,,,,,,,,,,,,,,,,,,,,,,,,,
,04-22-2015,16:01:37, Lane 1 ,Fwd,FF,,11,2,60,,2,10.08,,,,,,,,,,,,,,,,,,,,,,,,10.08,-,,,,,,,,,,,,,,,,,,,,,,,,,-,-,,,,,,,,,,,,,,,,,,,,,,,,,
,04-22-2015,16:01:41, Lane 1 ,Fwd,FF,,12,2,63,,2,8.15,,,,,,,,,,,,,,,,,,,,,,,,8.15,-,,,,,,,,,,,,,,,,,,,,,,,,,-,-,,,,,,,,,,,,,,,,,,,,,,,,,
,04-22-2015,16:01:49, Lane 1 ,Fwd,FF,,13,2,61,,2,9.07,,,,,,,,,,,,,,,,,,,,,,,,9.07,-,,,,,,,,,,,,,,,,,,,,,,,,,-,-,,,,,,,,,,,,,,,,,,,,,,,,,
,04-22-2015,16:01:50, Lane 1 ,Fwd,FF,,14,2,59,,2,8.29,,,,,,,,,,,,,,,,,,,,,,,,8.29,-,,,,,,,,,,,,,,,,,,,,,,,,,-,-,,,,,,,,,,,,,,,,,,,,,,,,,
,04-22-2015,16:02:02, Lane 1 ,Fwd,FF,,15,2,56,,2,9.21,,,,,,,,,,,,,,,,,,,,,,,,9.21,-,,,,,,,,,,,,,,,,,,,,,,,,,-,-,,,,,,,,,,,,,,,,,,,,,,,,,
,04-22-2015,16:02:22, Lane 1 ,Fwd,FF,,16,2,55,,2,8.43,,,,,,,,,,,,,,,,,,,,,,,,8.43,-,,,,,,,,,,,,,,,,,,,,,,,,,-,-,,,,,,,,,,,,,,,,,,,,,,,,,
,04-22-2015,16:03:06, Lane 1 ,Fwd,FF,,17,2,55,,2,9.65,,,,,,,,,,,,,,,,,,,,,,,,9.65,-,,,,,,,,,,,,,,,,,,,,,,,,,-,-,,,,,,,,,,,,,,,,,,,,,,,,,
,04-22-2015,16:03:07, Lane 1 ,Fwd,FF,,18,2,56,,2,8.55,,,,,,,,,,,,,,,,,,,,,,,,8.55,-,,,,,,,,,,,,,,,,,,,,,,,,,-,-,,,,,,,,,,,,,,,,,,,,,,,,,
,04-22-2015,16:03:10, Lane 1 ,Fwd,FF,,19,2,55,,2,8.92,,,,,,,,,,,,,,,,,,,,,,,,8.92,-,,,,,,,,,,,,,,,,,,,,,,,,,-,-,,,,,,,,,,,,,,,,,,,,,,,,,
,04-22-2015,16:03:13, Lane 1 ,Fwd,FF,,20,2,58,,2,8.70,,,,,,,,,,,,,,,,,,,,,,,,8.70,-,,,,,,,,,,,,,,,,,,,,,,,,,-,-,,,,,,,,,,,,,,,,,,,,,,,,,
,04-22-2015,16:03:16, Lane 1 ,Fwd,FF,,21,2,59,,2,8.87,,,,,,,,,,,,,,,,,,,,,,,,8.87,-,,,,,,,,,,,,,,,,,,,,,,,,,-,-,,,,,,,,,,,,,,,,,,,,,,,,,
,04-22-2015,16:03:21, Lane 1 ,Fwd,FF,,22,3,53,,2,11.53,,,,,,,,,,,,,,,,,,,,,,,,11.53,-,,,,,,,,,,,,,,,,,,,,,,,,,-,-,,,,,,,,,,,,,,,,,,,,,,,,,
,04-22-2015,16:03:24, Lane 1 ,Fwd,FF,,23,3,56,,2,11.84,,,,,,,,,,,,,,,,,,,,,,,,11.84,-,,,,,,,,,,,,,,,,,,,,,,,,,-,-,,,,,,,,,,,,,,,,,,,,,,,,,
,04-22-2015,16:03:30, Lane 1 ,Fwd,FF,,24,3,52,,2,11.31,,,,,,,,,,,,,,,,,,,,,,,,11.31,-,,,,,,,,,,,,,,,,,,,,,,,,,-,-,,,,,,,,,,,,,,,,,,,,,,,,,
,04-22-2015,16:03:44, Lane 1 ,Fwd,FF,,25,2,54,,2,9.24,,,,,,,,,,,,,,,,,,,,,,,,9.24,-,,,,,,,,,,,,,,,,,,,,,,,,,-,-,,,,,,,,,,,,,,,,,,,,,,,,,
,04-22-2015,16:03:45, Lane 1 ,Fwd,FF,,26,2,53,,2,9.82,,,,,,,,,,,,,,,,,,,,,,,,9.82,-,,,,,,,,,,,,,,,,,,,,,,,,,-,-,,,,,,,,,,,,,,,,,,,,,,,,,
,04-22-2015,16:03:46, Lane 1 ,Fwd,FF,,27,3,55,,2,11.52,,,,,,,,,,,,,,,,,,,,,,,,11.52,-,,,,,,,,,,,,,,,,,,,,,,,,,-,-,,,,,,,,,,,,,,,,,,,,,,,,,
,04-22-2015,16:03:58, Lane 1 ,Fwd,FF,,28,2,58,,2,8.45,,,,,,,,,,,,,,,,,,,,,,,,8.45,-,,,,,,,,,,,,,,,,,,,,,,,,,-,-,,,,,,,,,,,,,,,,,,,,,,,,,
,04-22-2015,16:04:04, Lane 1 ,Fwd,FF,,29,2,58,,2,9.87,,,,,,,,,,,,,,,,,,,,,,,,9.87,-,,,,,,,,,,,,,,,,,,,,,,,,,-,-,,,,,,,,,,,,,,,,,,,,,,,,,
,04-22-2015,16:04:05, Lane 1 ,Fwd,FF,,30,2,59,,2,9.15,,,,,,,,,,,,,,,,,,,,,,,,9.15,-,,,,,,,,,,,,,,,,,,,,,,,,,-,-,,,,,,,,,,,,,,,,,,,,,,,,,
,04-22-2015,16:04:08, Lane 1 ,Fwd,FF,,31,2,60,,2,9.81,,,,,,,,,,,,,,,,,,,,,,,,9.81,-,,,,,,,,,,,,,,,,,,,,,,,,,-,-,,,,,,,,,,,,,,,,,,,,,,,,,
,04-22-2015,16:04:10, Lane 1 ,Fwd,FF,,32,2,61,,2,9.60,,,,,,,,,,,,,,,,,,,,,,,,9.60,-,,,,,,,,,,,,,,,,,,,,,,,,,-,-,,,,,,,,,,,,,,,,,,,,,,,,,
,04-22-2015,16:04:21, Lane 1 ,Rev,FF,,33,3,54,,2,10.81,,,,,,,,,,,,,,,,,,,,,,,,10.81,-,,,,,,,,,,,,,,,,,,,,,,,,,-,-,,,,,,,,,,,,,,,,,,,,,,,,,
,04-22-2015,16:04:27, Lane 1 ,Fwd,FF,,34,2,63,,2,9.23,,,,,,,,,,,,,,,,,,,,,,,,9.23,-,,,,,,,,,,,,,,,,,,,,,,,,,-,-,,,,,,,,,,,,,,,,,,,,,,,,,
,04-22-2015,16:04:29, Lane 1 ,Fwd,FF,,35,2,66,,2,9.10,,,,,,,,,,,,,,,,,,,,,,,,9.10,-,,,,,,,,,,,,,,,,,,,,,,,,,-,-,,,,,,,,,,,,,,,,,,,,,,,,,
,04-22-2015,16:04:33, Lane 1 ,Fwd,FF,,36,2,60,,2,8.67,,,,,,,,,,,,,,,,,,,,,,,,8.67,-,,,,,,,,,,,,,,,,,,,,,,,,,-,-,,,,,,,,,,,,,,,,,,,,,,,,,
,04-22-2015,16:04:34, Lane 1 ,Fwd,FF,,37,2,58,,2,8.40,,,,,,,,,,,,,,,,,,,,,,,,8.40,-,,,,,,,,,,,,,,,,,,,,,,,,,-,-,,,,,,,,,,,,,,,,,,,,,,,,,
,04-22-2015,16:04:45, Lane 1 ,Fwd,FF,,38,5,59,,2,14.35,,,,,,,,,,,,,,,,,,,,,,,,14.35,-,,,,,,,,,,,,,,,,,,,,,,,,,-,-,,,,,,,,,,,,,,,,,,,,,,,,,
,04-22-2015,16:04:47, Lane 1 ,Fwd,FF,,39,2,59,,2,9.05,,,,,,,,,,,,,,,,,,,,,,,,9.05,-,,,,,,,,,,,,,,,,,,,,,,,,,-,-,,,,,,,,,,,,,,,,,,,,,,,,,
,04-22-2015,16:04:55, Lane 1 ,Fwd,FF,,40,2,59,,2,8.44,,,,,,,,,,,,,,,,,,,,,,,,8.44,-,,,,,,,,,,,,,,,,,,,,,,,,,-,-,,,,,,,,,,,,,,,,,,,,,,,,,
,04-22-2015,16:05:17, Lane 1 ,Fwd,FF,,41,3,61,,2,10.66,,,,,,,,,,,,,,,,,,,,,,,,10.66,-,,,,,,,,,,,,,,,,,,,,,,,,,-,-,,,,,,,,,,,,,,,,,,,,,,,,,
,04-22-2015,16:05:19, Lane 1 ,Fwd,FF,,42,1,62,,2,5.18,,,,,,,,,,,,,,,,,,,,,,,,5.18,-,,,,,,,,,,,,,,,,,,,,,,,,,-,-,,,,,,,,,,,,,,,,,,,,,,,,,
,04-22-2015,16:05:29, Lane 1 ,Fwd,FF,,43,3,62,,2,10.65,,,,,,,,,,,,,,,,,,,,,,,,10.65,-,,,,,,,,,,,,,,,,,,,,,,,,,-,-,,,,,,,,,,,,,,,,,,,,,,,,,
,04-22-2015,16:05:35, Lane 1 ,Fwd,FF,,44,2,56,,2,8.90,,,,,,,,,,,,,,,,,,,,,,,,8.90,-,,,,,,,,,,,,,,,,,,,,,,,,,-,-,,,,,,,,,,,,,,,,,,,,,,,,,
,04-22-2015,16:05:37, Lane 1 ,Fwd,FF,,45,2,63,,2,8.65,,,,,,,,,,,,,,,,,,,,,,,,8.65,-,,,,,,,,,,,,,,,,,,,,,,,,,-,-,,,,,,,,,,,,,,,,,,,,,,,,,
,04-22-2015,16:06:11, Lane 1 ,Fwd,FF,,46,2,54,,3,13.67,11.29,,,,,,,,,,,,,,,,,,,,,,,24.96,-,,,,,,,,,,,,,,,,,,,,,,,,,-,-,,,,,,,,,,,,,,,,,,,,,,,,,
,04-22-2015,16:06:14, Lane 1 ,Fwd,FF,,47,2,57,,2,8.42,,,,,,,,,,,,,,,,,,,,,,,,8.42,-,,,,,,,,,,,,,,,,,,,,,,,,,-,-,,,,,,,,,,,,,,,,,,,,,,,,,
,04-22-2015,16:06:16, Lane 1 ,Fwd,FF,,48,2,55,,2,8.40,,,,,,,,,,,,,,,,,,,,,,,,8.40,-,,,,,,,,,,,,,,,,,,,,,,,,,-,-,,,,,,,,,,,,,,,,,,,,,,,,,
,04-22-2015,16:06:17, Lane 1 ,Fwd,FF,,49,3,57,,2,11.83,,,,,,,,,,,,,,,,,,,,,,,,11.83,-,,,,,,,,,,,,,,,,,,,,,,,,,-,-,,,,,,,,,,,,,,,,,,,,,,,,,
,04-22-2015,16:06:23, Lane 1 ,Fwd,FF,,50,2,54,,2,9.65,,,,,,,,,,,,,,,,,,,,,,,,9.65,-,,,,,,,,,,,,,,,,,,,,,,,,,-,-,,,,,,,,,,,,,,,,,,,,,,,,,
,04-22-2015,16:06:26, Lane 1 ,Fwd,FF,,51,2,56,,2,9.06,,,,,,,,,,,,,,,,,,,,,,,,9.06,-,,,,,,,,,,,,,,,,,,,,,,,,,-,-,,,,,,,,,,,,,,,,,,,,,,,,,
,04-22-2015,16:07:07, Lane 1 ,Fwd,FF,,52,2,51,,2,8.80,,,,,,,,,,,,,,,,,,,,,,,,8.80,-,,,,,,,,,,,,,,,,,,,,,,,,,-,-,,,,,,,,,,,,,,,,,,,,,,,,,
,04-22-2015,16:07:11, Lane 1 ,Fwd,FF,,53,2,56,,2,8.80,,,,,,,,,,,,,,,,,,,,,,,,8.80,-,,,,,,,,,,,,,,,,,,,,,,,,,-,-,,,,,,,,,,,,,,,,,,,,,,,,,
,04-22-2015,16:07:13, Lane 1 ,Fwd,FF,,54,2,56,,2,10.04,,,,,,,,,,,,,,,,,,,,,,,,10.04,-,,,,,,,,,,,,,,,,,,,,,,,,,-,-,,,,,,,,,,,,,,,,,,,,,,,,,
,04-22-2015,16:07:14, Lane 1 ,Fwd,FF,,55,2,55,,2,9.73,,,,,,,,,,,,,,,,,,,,,,,,9.73,-,,,,,,,,,,,,,,,,,,,,,,,,,-,-,,,,,,,,,,,,,,,,,,,,,,,,,
,04-22-2015,16:07:16, Lane 1 ,Fwd,FF,,56,3,57,,2,12.59,,,,,,,,,,,,,,,,,,,,,,,,12.59,-,,,,,,,,,,,,,,,,,,,,,,,,,-,-,,,,,,,,,,,,,,,,,,,,,,,,,
,04-22-2015,16:07:18, Lane 1 ,Fwd,FF,,57,2,53,,2,8.75,,,,,,,,,,,,,,,,,,,,,,,,8.75,-,,,,,,,,,,,,,,,,,,,,,,,,,-,-,,,,,,,,,,,,,,,,,,,,,,,,,
,04-22-2015,16:07:19, Lane 1 ,Fwd,FF,,58,3,53,,2,11.30,,,,,,,,,,,,,,,,,,,,,,,,11.30,-,,,,,,,,,,,,,,,,,,,,,,,,,-,-,,,,,,,,,,,,,,,,,,,,,,,,,
,04-22-2015,16:07:20, Lane 1 ,Fwd,FF,,59,2,52,,2,8.89,,,,,,,,,,,,,,,,,,,,,,,,8.89,-,,,,,,,,,,,,,,,,,,,,,,,,,-,-,,,,,,,,,,,,,,,,,,,,,,,,,
,04-22-2015,16:07:21, Lane 1 ,Fwd,FF,,60,2,53,,2,9.91,,,,,,,,,,,,,,,,,,,,,,,,9.91,-,,,,,,,,,,,,,,,,,,,,,,,,,-,-,,,,,,,,,,,,,,,,,,,,,,,,,
,04-22-2015,16:07:23, Lane 1 ,Fwd,FF,,61,2,58,,2,8.70,,,,,,,,,,,,,,,,,,,,,,,,8.70,-,,,,,,,,,,,,,,,,,,,,,,,,,-,-,,,,,,,,,,,,,,,,,,,,,,,,,
,04-22-2015,16:08:04, Lane 1 ,Fwd,FF,,62,3,65,,2,10.48,,,,,,,,,,,,,,,,,,,,,,,,10.48,-,,,,,,,,,,,,,,,,,,,,,,,,,-,-,,,,,,,,,,,,,,,,,,,,,,,,,
,04-22-2015,16:08:17, Lane 1 ,Fwd,FF,,63,3,60,,2,10.34,,,,,,,,,,,,,,,,,,,,,,,,10.34,-,,,,,,,,,,,,,,,,,,,,,,,,,-,-,,,,,,,,,,,,,,,,,,,,,,,,,
,04-22-2015,16:08:27, Lane 1 ,Fwd,FF,,64,2,58,,2,8.37,,,,,,,,,,,,,,,,,,,,,,,,8.37,-,,,,,,,,,,,,,,,,,,,,,,,,,-,-,,,,,,,,,,,,,,,,,,,,,,,,,
,04-22-2015,16:08:28, Lane 1 ,Fwd,FF,,65,2,58,,2,8.85,,,,,,,,,,,,,,,,,,,,,,,,8.85,-,,,,,,,,,,,,,,,,,,,,,,,,,-,-,,,,,,,,,,,,,,,,,,,,,,,,,
,04-22-2015,16:08:29, Lane 1 ,Fwd,FF,,66,2,58,,2,8.60,,,,,,,,,,,,,,,,,,,,,,,,8.60,-,,,,,,,,,,,,,,,,,,,,,,,,,-,-,,,,,,,,,,,,,,,,,,,,,,,,,
,04-22-2015,16:08:30, Lane 1 ,Fwd,FF,,67,2,59,,2,8.64,,,,,,,,,,,,,,,,,,,,,,,,8.64,-,,,,,,,,,,,,,,,,,,,,,,,,,-,-,,,,,,,,,,,,,,,,,,,,,,,,,
,04-22-2015,16:08:33, Lane 1 ,Fwd,FF,,68,2,58,,2,8.85,,,,,,,,,,,,,,,,,,,,,,,,8.85,-,,,,,,,,,,,,,,,,,,,,,,,,,-,-,,,,,,,,,,,,,,,,,,,,,,,,,
,04-22-2015,16:08:36, Lane 1 ,Fwd,FF,,69,2,63,,2,9.77,,,,,,,,,,,,,,,,,,,,,,,,9.77,-,,,,,,,,,,,,,,,,,,,,,,,,,-,-,,,,,,,,,,,,,,,,,,,,,,,,,
,04-22-2015,16:08:37, Lane 1 ,Fwd,FF,,70,2,63,,2,9.03,,,,,,,,,,,,,,,,,,,,,,,,9.03,-,,,,,,,,,,,,,,,,,,,,,,,,,-,-,,,,,,,,,,,,,,,,,,,,,,,,,
,04-22-2015,16:08:42, Lane 1 ,Fwd,FF,,71,2,57,,2,8.81,,,,,,,,,,,,,,,,,,,,,,,,8.81,-,,,,,,,,,,,,,,,,,,,,,,,,,-,-,,,,,,,,,,,,,,,,,,,,,,,,,
,04-22-2015,16:08:44, Lane 1 ,Fwd,FF,,72,2,62,,2,9.92,,,,,,,,,,,,,,,,,,,,,,,,9.92,-,,,,,,,,,,,,,,,,,,,,,,,,,-,-,,,,,,,,,,,,,,,,,,,,,,,,,
,04-22-2015,16:08:45, Lane 1 ,Fwd,FF,,73,2,61,,2,9.94,,,,,,,,,,,,,,,,,,,,,,,,9.94,-,,,,,,,,,,,,,,,,,,,,,,,,,-,-,,,,,,,,,,,,,,,,,,,,,,,,,
,04-22-2015,16:09:09, Lane 1 ,Fwd,FF,,74,2,61,,2,8.71,,,,,,,,,,,,,,,,,,,,,,,,8.71,-,,,,,,,,,,,,,,,,,,,,,,,,,-,-,,,,,,,,,,,,,,,,,,,,,,,,,
,04-22-2015,16:09:24, Lane 1 ,Fwd,FF,,75,3,62,,2,11.91,,,,,,,,,,,,,,,,,,,,,,,,11.91,-,,,,,,,,,,,,,,,,,,,,,,,,,-,-,,,,,,,,,,,,,,,,,,,,,,,,,
,04-22-2015,16:09:29, Lane 1 ,Fwd,FF,,76,2,60,,2,8.50,,,,,,,,,,,,,,,,,,,,,,,,8.50,-,,,,,,,,,,,,,,,,,,,,,,,,,-,-,,,,,,,,,,,,,,,,,,,,,,,,,
,04-22-2015,16:09:30, Lane 1 ,Fwd,FF,,77,2,61,,2,9.13,,,,,,,,,,,,,,,,,,,,,,,,9.13,-,,,,,,,,,,,,,,,,,,,,,,,,,-,-,,,,,,,,,,,,,,,,,,,,,,,,,
,04-22-2015,16:09:45, Lane 1 ,Fwd,FF,,78,2,55,,2,9.02,,,,,,,,,,,,,,,,,,,,,,,,9.02,-,,,,,,,,,,,,,,,,,,,,,,,,,-,-,,,,,,,,,,,,,,,,,,,,,,,,,
,04-22-2015,16:09:46, Lane 1 ,Fwd,FF,,79,2,56,,2,8.90,,,,,,,,,,,,,,,,,,,,,,,,8.90,-,,,,,,,,,,,,,,,,,,,,,,,,,-,-,,,,,,,,,,,,,,,,,,,,,,,,,
,04-22-2015,16:09:47, Lane 1 ,Fwd,FF,,80,2,56,,2,9.21,,,,,,,,,,,,,,,,,,,,,,,,9.21,-,,,,,,,,,,,,,,,,,,,,,,,,,-,-,,,,,,,,,,,,,,,,,,,,,,,,,
,04-22-2015,16:09:49, Lane 1 ,Fwd,FF,,81,2,56,,2,9.02,,,,,,,,,,,,,,,,,,,,,,,,9.02,-,,,,,,,,,,,,,,,,,,,,,,,,,-,-,,,,,,,,,,,,,,,,,,,,,,,,,
,04-22-2015,16:10:01, Lane 1 ,Fwd,FF,,82,3,54,,2,11.29,,,,,,,,,,,,,,,,,,,,,,,,11.29,-,,,,,,,,,,,,,,,,,,,,,,,,,-,-,,,,,,,,,,,,,,,,,,,,,,,,,
,04-22-2015,16:10:23, Lane 1 ,Fwd,FF,,83,2,62,,2,8.48,,,,,,,,,,,,,,,,,,,,,,,,8.48,-,,,,,,,,,,,,,,,,,,,,,,,,,-,-,,,,,,,,,,,,,,,,,,,,,,,,,
,04-22-2015,16:10:30, Lane 1 ,Fwd,FF,,84,3,57,,2,11.33,,,,,,,,,,,,,,,,,,,,,,,,11.33,-,,,,,,,,,,,,,,,,,,,,,,,,,-,-,,,,,,,,,,,,,,,,,,,,,,,,,
,04-22-2015,16:10:33, Lane 1 ,Fwd,FF,,85,2,60,,2,9.18,,,,,,,,,,,,,,,,,,,,,,,,9.18,-,,,,,,,,,,,,,,,,,,,,,,,,,-,-,,,,,,,,,,,,,,,,,,,,,,,,,
,04-22-2015,16:10:37, Lane 1 ,Fwd,FF,,86,2,57,,2,8.56,,,,,,,,,,,,,,,,,,,,,,,,8.56,-,,,,,,,,,,,,,,,,,,,,,,,,,-,-,,,,,,,,,,,,,,,,,,,,,,,,,
,04-22-2015,16:10:40, Lane 1 ,Fwd,FF,,87,1,59,,2,5.35,,,,,,,,,,,,,,,,,,,,,,,,5.35,-,,,,,,,,,,,,,,,,,,,,,,,,,-,-,,,,,,,,,,,,,,,,,,,,,,,,,
,04-22-2015,16:10:42, Lane 1 ,Fwd,FF,,88,3,59,,2,12.60,,,,,,,,,,,,,,,,,,,,,,,,12.60,-,,,,,,,,,,,,,,,,,,,,,,,,,-,-,,,,,,,,,,,,,,,,,,,,,,,,,
,04-22-2015,16:10:57, Lane 1 ,Fwd,FF,,89,2,56,,2,8.65,,,,,,,,,,,,,,,,,,,,,,,,8.65,-,,,,,,,,,,,,,,,,,,,,,,,,,-,-,,,,,,,,,,,,,,,,,,,,,,,,,
,04-22-2015,16:11:00, Lane 1 ,Fwd,FF,,90,3,61,,2,11.20,,,,,,,,,,,,,,,,,,,,,,,,11.20,-,,,,,,,,,,,,,,,,,,,,,,,,,-,-,,,,,,,,,,,,,,,,,,,,,,,,,
,04-22-2015,16:11:03, Lane 1 ,Fwd,FF,,91,2,62,,2,8.66,,,,,,,,,,,,,,,,,,,,,,,,8.66,-,,,,,,,,,,,,,,,,,,,,,,,,,-,-,,,,,,,,,,,,,,,,,,,,,,,,,
,04-22-2015,16:11:07, Lane 1 ,Fwd,FF,,92,2,59,,2,8.52,,,,,,,,,,,,,,,,,,,,,,,,8.52,-,,,,,,,,,,,,,,,,,,,,,,,,,-,-,,,,,,,,,,,,,,,,,,,,,,,,,
,04-22-2015,16:11:09, Lane 1 ,Fwd,FF,,93,2,60,,2,9.28,,,,,,,,,,,,,,,,,,,,,,,,9.28,-,,,,,,,,,,,,,,,,,,,,,,,,,-,-,,,,,,,,,,,,,,,,,,,,,,,,,
,04-22-2015,16:11:11, Lane 1 ,Fwd,FF,,94,2,63,,2,9.21,,,,,,,,,,,,,,,,,,,,,,,,9.21,-,,,,,,,,,,,,,,,,,,,,,,,,,-,-,,,,,,,,,,,,,,,,,,,,,,,,,
,04-22-2015,16:11:12, Lane 1 ,Fwd,FF,,95,2,63,,2,9.77,,,,,,,,,,,,,,,,,,,,,,,,9.77,-,,,,,,,,,,,,,,,,,,,,,,,,,-,-,,,,,,,,,,,,,,,,,,,,,,,,,
,04-22-2015,16:12:00, Lane 1 ,Fwd,FF,,96,2,53,,2,8.18,,,,,,,,,,,,,,,,,,,,,,,,8.18,-,,,,,,,,,,,,,,,,,,,,,,,,,-,-,,,,,,,,,,,,,,,,,,,,,,,,,
,04-22-2015,16:12:05, Lane 1 ,Fwd,FF,,97,2,63,,2,8.61,,,,,,,,,,,,,,,,,,,,,,,,8.61,-,,,,,,,,,,,,,,,,,,,,,,,,,-,-,,,,,,,,,,,,,,,,,,,,,,,,,
,04-22-2015,16:12:58, Lane 1 ,Fwd,FF,,98,3,62,,2,11.82,,,,,,,,,,,,,,,,,,,,,,,,11.82,-,,,,,,,,,,,,,,,,,,,,,,,,,-,-,,,,,,,,,,,,,,,,,,,,,,,,,
,04-22-2015,16:13:00, Lane 1 ,Fwd,FF,,99,2,60,,2,9.20,,,,,,,,,,,,,,,,,,,,,,,,9.20,-,,,,,,,,,,,,,,,,,,,,,,,,,-,-,,,,,,,,,,,,,,,,,,,,,,,,,
,04-22-2015,16:13:38, Lane 1 ,Fwd,FF,,100,2,56,,2,7.92,,,,,,,,,,,,,,,,,,,,,,,,7.92,-,,,,,,,,,,,,,,,,,,,,,,,,,-,-,,,,,,,,,,,,,,,,,,,,,,,,,
,04-22-2015,16:13:42, Lane 1 ,Fwd,FF,,101,2,62,,2,8.66,,,,,,,,,,,,,,,,,,,,,,,,8.66,-,,,,,,,,,,,,,,,,,,,,,,,,,-,-,,,,,,,,,,,,,,,,,,,,,,,,,
,04-22-2015,16:13:43, Lane 1 ,Fwd,FF,,102,2,62,,2,8.45,,,,,,,,,,,,,,,,,,,,,,,,8.45,-,,,,,,,,,,,,,,,,,,,,,,,,,-,-,,,,,,,,,,,,,,,,,,,,,,,,,
,04-22-2015,16:13:44, Lane 1 ,Fwd,FF,,103,2,60,,2,9.64,,,,,,,,,,,,,,,,,,,,,,,,9.64,-,,,,,,,,,,,,,,,,,,,,,,,,,-,-,,,,,,,,,,,,,,,,,,,,,,,,,
,04-22-2015,16:13:45, Lane 1 ,Fwd,FF,,104,3,61,,2,10.75,,,,,,,,,,,,,,,,,,,,,,,,10.75,-,,,,,,,,,,,,,,,,,,,,,,,,,-,-,,,,,,,,,,,,,,,,,,,,,,,,,
,04-22-2015,16:13:46, Lane 1 ,Fwd,FF,,105,2,61,,2,9.49,,,,,,,,,,,,,,,,,,,,,,,,9.49,-,,,,,,,,,,,,,,,,,,,,,,,,,-,-,,,,,,,,,,,,,,,,,,,,,,,,,
,04-22-2015,16:14:24, Lane 1 ,Fwd,FF,,106,2,56,,2,8.88,,,,,,,,,,,,,,,,,,,,,,,,8.88,-,,,,,,,,,,,,,,,,,,,,,,,,,-,-,,,,,,,,,,,,,,,,,,,,,,,,,
,04-22-2015,16:14:31, Lane 1 ,Fwd,FF,,107,5,67,,2,17.76,,,,,,,,,,,,,,,,,,,,,,,,17.76,-,,,,,,,,,,,,,,,,,,,,,,,,,-,-,,,,,,,,,,,,,,,,,,,,,,,,,
,04-22-2015,16:14:37, Lane 1 ,Fwd,FF,,108,2,63,,2,9.69,,,,,,,,,,,,,,,,,,,,,,,,9.69,-,,,,,,,,,,,,,,,,,,,,,,,,,-,-,,,,,,,,,,,,,,,,,,,,,,,,,
,04-22-2015,16:14:48, Lane 1 ,Fwd,FF,,109,2,62,,2,8.48,,,,,,,,,,,,,,,,,,,,,,,,8.48,-,,,,,,,,,,,,,,,,,,,,,,,,,-,-,,,,,,,,,,,,,,,,,,,,,,,,,
,04-22-2015,16:14:49, Lane 1 ,Fwd,FF,,110,2,63,,2,8.80,,,,,,,,,,,,,,,,,,,,,,,,8.80,-,,,,,,,,,,,,,,,,,,,,,,,,,-,-,,,,,,,,,,,,,,,,,,,,,,,,,
,04-22-2015,16:14:51, Lane 1 ,Fwd,FF,,111,3,66,,2,11.03,,,,,,,,,,,,,,,,,,,,,,,,11.03,-,,,,,,,,,,,,,,,,,,,,,,,,,-,-,,,,,,,,,,,,,,,,,,,,,,,,,
,04-22-2015,16:15:12, Lane 1 ,Fwd,FF,,112,2,58,,2,8.25,,,,,,,,,,,,,,,,,,,,,,,,8.25,-,,,,,,,,,,,,,,,,,,,,,,,,,-,-,,,,,,,,,,,,,,,,,,,,,,,,,
,04-22-2015,16:15:16, Lane 1 ,Fwd,FF,,113,2,59,,2,8.46,,,,,,,,,,,,,,,,,,,,,,,,8.46,-,,,,,,,,,,,,,,,,,,,,,,,,,-,-,,,,,,,,,,,,,,,,,,,,,,,,,
,04-22-2015,16:15:18, Lane 1 ,Fwd,FF,,114,9,60,,5,17.21,4.32,30.71,3.97,,,,,,,,,,,,,,,,,,,,,56.21,-,,,,,,,,,,,,,,,,,,,,,,,,,-,-,,,,,,,,,,,,,,,,,,,,,,,,,
,04-22-2015,16:15:45, Lane 1 ,Fwd,FF,,115,3,59,,2,11.31,,,,,,,,,,,,,,,,,,,,,,,,11.31,-,,,,,,,,,,,,,,,,,,,,,,,,,-,-,,,,,,,,,,,,,,,,,,,,,,,,,
,04-22-2015,16:15:51, Lane 1 ,Fwd,FF,,116,2,56,,2,8.69,,,,,,,,,,,,,,,,,,,,,,,,8.69,-,,,,,,,,,,,,,,,,,,,,,,,,,-,-,,,,,,,,,,,,,,,,,,,,,,,,,
,04-22-2015,16:15:54, Lane 1 ,Fwd,FF,,117,2,54,,2,9.78,,,,,,,,,,,,,,,,,,,,,,,,9.78,-,,,,,,,,,,,,,,,,,,,,,,,,,-,-,,,,,,,,,,,,,,,,,,,,,,,,,
,04-22-2015,16:16:30, Lane 1 ,Fwd,FF,,118,2,63,,2,8.52,,,,,,,,,,,,,,,,,,,,,,,,8.52,-,,,,,,,,,,,,,,,,,,,,,,,,,-,-,,,,,,,,,,,,,,,,,,,,,,,,,
,04-22-2015,16:17:01, Lane 1 ,Fwd,FF,,119,2,63,,2,8.19,,,,,,,,,,,,,,,,,,,,,,,,8.19,-,,,,,,,,,,,,,,,,,,,,,,,,,-,-,,,,,,,,,,,,,,,,,,,,,,,,,
,04-22-2015,16:17:05, Lane 1 ,Fwd,FF,,120,2,63,,2,9.23,,,,,,,,,,,,,,,,,,,,,,,,9.23,-,,,,,,,,,,,,,,,,,,,,,,,,,-,-,,,,,,,,,,,,,,,,,,,,,,,,,
,04-22-2015,16:17:07, Lane 1 ,Fwd,FF,,121,2,61,,2,8.96,,,,,,,,,,,,,,,,,,,,,,,,8.96,-,,,,,,,,,,,,,,,,,,,,,,,,,-,-,,,,,,,,,,,,,,,,,,,,,,,,,
,04-22-2015,16:17:15, Lane 1 ,Fwd,FF,,122,8,61,,4,10.52,3.39,23.97,,,,,,,,,,,,,,,,,,,,,,37.88,-,,,,,,,,,,,,,,,,,,,,,,,,,-,-,,,,,,,,,,,,,,,,,,,,,,,,,
,04-22-2015,16:17:19, Lane 1 ,Fwd,FF,,123,2,63,,2,8.43,,,,,,,,,,,,,,,,,,,,,,,,8.43,-,,,,,,,,,,,,,,,,,,,,,,,,,-,-,,,,,,,,,,,,,,,,,,,,,,,,,
,04-22-2015,16:17:24, Lane 1 ,Fwd,FF,,124,2,63,,2,8.95,,,,,,,,,,,,,,,,,,,,,,,,8.95,-,,,,,,,,,,,,,,,,,,,,,,,,,-,-,,,,,,,,,,,,,,,,,,,,,,,,,
,04-22-2015,16:17:27, Lane 1 ,Fwd,FF,,125,2,63,,2,8.89,,,,,,,,,,,,,,,,,,,,,,,,8.89,-,,,,,,,,,,,,,,,,,,,,,,,,,-,-,,,,,,,,,,,,,,,,,,,,,,,,,
,04-22-2015,16:17:28, Lane 1 ,Fwd,FF,,126,2,63,,2,8.77,,,,,,,,,,,,,,,,,,,,,,,,8.77,-,,,,,,,,,,,,,,,,,,,,,,,,,-,-,,,,,,,,,,,,,,,,,,,,,,,,,
,04-22-2015,16:17:43, Lane 1 ,Fwd,FF,,127,2,61,,2,9.40,,,,,,,,,,,,,,,,,,,,,,,,9.40,-,,,,,,,,,,,,,,,,,,,,,,,,,-,-,,,,,,,,,,,,,,,,,,,,,,,,,
,04-22-2015,16:17:46, Lane 1 ,Fwd,FF,,128,2,65,,2,8.86,,,,,,,,,,,,,,,,,,,,,,,,8.86,-,,,,,,,,,,,,,,,,,,,,,,,,,-,-,,,,,,,,,,,,,,,,,,,,,,,,,
,04-22-2015,16:17:56, Lane 1 ,Fwd,FF,,129,2,66,,2,9.00,,,,,,,,,,,,,,,,,,,,,,,,9.00,-,,,,,,,,,,,,,,,,,,,,,,,,,-,-,,,,,,,,,,,,,,,,,,,,,,,,,
,04-22-2015,16:18:03, Lane 1 ,Fwd,FF,,130,2,64,,2,9.75,,,,,,,,,,,,,,,,,,,,,,,,9.75,-,,,,,,,,,,,,,,,,,,,,,,,,,-,-,,,,,,,,,,,,,,,,,,,,,,,,,
,04-22-2015,16:18:10, Lane 1 ,Fwd,FF,,131,2,63,,2,8.59,,,,,,,,,,,,,,,,,,,,,,,,8.59,-,,,,,,,,,,,,,,,,,,,,,,,,,-,-,,,,,,,,,,,,,,,,,,,,,,,,,
,04-22-2015,16:18:23, Lane 1 ,Fwd,FF,,132,3,58,,2,10.37,,,,,,,,,,,,,,,,,,,,,,,,10.37,-,,,,,,,,,,,,,,,,,,,,,,,,,-,-,,,,,,,,,,,,,,,,,,,,,,,,,
,04-22-2015,16:18:36, Lane 1 ,Fwd,FF,,133,2,58,,2,9.34,,,,,,,,,,,,,,,,,,,,,,,,9.34,-,,,,,,,,,,,,,,,,,,,,,,,,,-,-,,,,,,,,,,,,,,,,,,,,,,,,,
,04-22-2015,16:19:16, Lane 1 ,Fwd,FF,,134,2,61,,2,8.69,,,,,,,,,,,,,,,,,,,,,,,,8.69,-,,,,,,,,,,,,,,,,,,,,,,,,,-,-,,,,,,,,,,,,,,,,,,,,,,,,,
,04-22-2015,16:19:20, Lane 1 ,Fwd,FF,,135,2,58,,2,9.87,,,,,,,,,,,,,,,,,,,,,,,,9.87,-,,,,,,,,,,,,,,,,,,,,,,,,,-,-,,,,,,,,,,,,,,,,,,,,,,,,,
,04-22-2015,16:19:49, Lane 1 ,Fwd,FF,,136,2,53,,2,9.20,,,,,,,,,,,,,,,,,,,,,,,,9.20,-,,,,,,,,,,,,,,,,,,,,,,,,,-,-,,,,,,,,,,,,,,,,,,,,,,,,,
,04-22-2015,16:19:58, Lane 1 ,Fwd,FF,,137,2,54,,2,10.03,,,,,,,,,,,,,,,,,,,,,,,,10.03,-,,,,,,,,,,,,,,,,,,,,,,,,,-,-,,,,,,,,,,,,,,,,,,,,,,,,,
,04-22-2015,16:19:59, Lane 1 ,Fwd,FF,,138,2,53,,2,8.49,,,,,,,,,,,,,,,,,,,,,,,,8.49,-,,,,,,,,,,,,,,,,,,,,,,,,,-,-,,,,,,,,,,,,,,,,,,,,,,,,,
,04-22-2015,16:20:39, Lane 1 ,Fwd,FF,,139,2,56,,2,8.30,,,,,,,,,,,,,,,,,,,,,,,,8.30,-,,,,,,,,,,,,,,,,,,,,,,,,,-,-,,,,,,,,,,,,,,,,,,,,,,,,,
,04-22-2015,16:20:40, Lane 1 ,Fwd,FF,,140,2,54,,2,9.81,,,,,,,,,,,,,,,,,,,,,,,,9.81,-,,,,,,,,,,,,,,,,,,,,,,,,,-,-,,,,,,,,,,,,,,,,,,,,,,,,,
,04-22-2015,16:20:42, Lane 1 ,Fwd,FF,,141,5,56,,2,14.32,,,,,,,,,,,,,,,,,,,,,,,,14.32,-,,,,,,,,,,,,,,,,,,,,,,,,,-,-,,,,,,,,,,,,,,,,,,,,,,,,,
,04-22-2015,16:21:04, Lane 1 ,Fwd,FF,,142,2,53,,3,17.69,21.43,,,,,,,,,,,,,,,,,,,,,,,39.12,-,,,,,,,,,,,,,,,,,,,,,,,,,-,-,,,,,,,,,,,,,,,,,,,,,,,,,
,04-22-2015,16:21:05, Lane 1 ,Fwd,FF,,143,2,54,,2,8.71,,,,,,,,,,,,,,,,,,,,,,,,8.71,-,,,,,,,,,,,,,,,,,,,,,,,,,-,-,,,,,,,,,,,,,,,,,,,,,,,,,
,04-22-2015,16:21:07, Lane 1 ,Fwd,FF,,144,2,54,,2,8.71,,,,,,,,,,,,,,,,,,,,,,,,8.71,-,,,,,,,,,,,,,,,,,,,,,,,,,-,-,,,,,,,,,,,,,,,,,,,,,,,,,
,04-22-2015,16:21:08, Lane 1 ,Fwd,FF,,145,3,53,,2,11.77,,,,,,,,,,,,,,,,,,,,,,,,11.77,-,,,,,,,,,,,,,,,,,,,,,,,,,-,-,,,,,,,,,,,,,,,,,,,,,,,,,
,04-22-2015,16:21:10, Lane 1 ,Fwd,FF,,146,2,52,,2,8.33,,,,,,,,,,,,,,,,,,,,,,,,8.33,-,,,,,,,,,,,,,,,,,,,,,,,,,-,-,,,,,,,,,,,,,,,,,,,,,,,,,
,04-22-2015,16:21:31, Lane 1 ,Fwd,FF,,147,2,54,,2,8.82,,,,,,,,,,,,,,,,,,,,,,,,8.82,-,,,,,,,,,,,,,,,,,,,,,,,,,-,-,,,,,,,,,,,,,,,,,,,,,,,,,
,04-22-2015,16:21:48, Lane 1 ,Fwd,FF,,148,2,60,,2,9.64,,,,,,,,,,,,,,,,,,,,,,,,9.64,-,,,,,,,,,,,,,,,,,,,,,,,,,-,-,,,,,,,,,,,,,,,,,,,,,,,,,
,04-22-2015,16:21:51, Lane 1 ,Fwd,FF,,149,2,60,,2,9.72,,,,,,,,,,,,,,,,,,,,,,,,9.72,-,,,,,,,,,,,,,,,,,,,,,,,,,-,-,,,,,,,,,,,,,,,,,,,,,,,,,
,04-22-2015,16:21:54, Lane 1 ,Fwd,FF,,150,2,59,,2,9.74,,,,,,,,,,,,,,,,,,,,,,,,9.74,-,,,,,,,,,,,,,,,,,,,,,,,,,-,-,,,,,,,,,,,,,,,,,,,,,,,,,
,04-22-2015,16:22:07, Lane 1 ,Fwd,FF,,151,2,60,,2,9.20,,,,,,,,,,,,,,,,,,,,,,,,9.20,-,,,,,,,,,,,,,,,,,,,,,,,,,-,-,,,,,,,,,,,,,,,,,,,,,,,,,
,04-22-2015,16:22:10, Lane 1 ,Fwd,FF,,152,2,58,,2,8.85,,,,,,,,,,,,,,,,,,,,,,,,8.85,-,,,,,,,,,,,,,,,,,,,,,,,,,-,-,,,,,,,,,,,,,,,,,,,,,,,,,
,04-22-2015,16:22:11, Lane 1 ,Fwd,FF,,153,3,58,,2,11.24,,,,,,,,,,,,,,,,,,,,,,,,11.24,-,,,,,,,,,,,,,,,,,,,,,,,,,-,-,,,,,,,,,,,,,,,,,,,,,,,,,
,04-22-2015,16:22:13, Lane 1 ,Fwd,FF,,154,2,60,,2,10.16,,,,,,,,,,,,,,,,,,,,,,,,10.16,-,,,,,,,,,,,,,,,,,,,,,,,,,-,-,,,,,,,,,,,,,,,,,,,,,,,,,
,04-22-2015,16:22:14, Lane 1 ,Fwd,FF,,155,2,60,,2,9.00,,,,,,,,,,,,,,,,,,,,,,,,9.00,-,,,,,,,,,,,,,,,,,,,,,,,,,-,-,,,,,,,,,,,,,,,,,,,,,,,,,
,04-22-2015,16:22:16, Lane 1 ,Fwd,FF,,156,2,61,,2,7.91,,,,,,,,,,,,,,,,,,,,,,,,7.91,-,,,,,,,,,,,,,,,,,,,,,,,,,-,-,,,,,,,,,,,,,,,,,,,,,,,,,
,04-22-2015,16:22:17, Lane 1 ,Fwd,FF,,157,2,63,,2,8.46,,,,,,,,,,,,,,,,,,,,,,,,8.46,-,,,,,,,,,,,,,,,,,,,,,,,,,-,-,,,,,,,,,,,,,,,,,,,,,,,,,
,04-22-2015,16:22:24, Lane 1 ,Fwd,FF,,158,2,60,,2,8.47,,,,,,,,,,,,,,,,,,,,,,,,8.47,-,,,,,,,,,,,,,,,,,,,,,,,,,-,-,,,,,,,,,,,,,,,,,,,,,,,,,
,04-22-2015,16:22:26, Lane 1 ,Fwd,FF,,159,2,61,,2,8.80,,,,,,,,,,,,,,,,,,,,,,,,8.80,-,,,,,,,,,,,,,,,,,,,,,,,,,-,-,,,,,,,,,,,,,,,,,,,,,,,,,
,04-22-2015,16:22:29, Lane 1 ,Fwd,FF,,160,2,56,,2,8.96,,,,,,,,,,,,,,,,,,,,,,,,8.96,-,,,,,,,,,,,,,,,,,,,,,,,,,-,-,,,,,,,,,,,,,,,,,,,,,,,,,
,04-22-2015,16:22:33, Lane 1 ,Fwd,FF,,161,2,58,,2,8.37,,,,,,,,,,,,,,,,,,,,,,,,8.37,-,,,,,,,,,,,,,,,,,,,,,,,,,-,-,,,,,,,,,,,,,,,,,,,,,,,,,
,04-22-2015,16:22:44, Lane 1 ,Fwd,FF,,162,1,35,,2,4.17,,,,,,,,,,,,,,,,,,,,,,,,4.17,-,,,,,,,,,,,,,,,,,,,,,,,,,-,-,,,,,,,,,,,,,,,,,,,,,,,,,
,04-22-2015,16:22:51, Lane 1 ,Fwd,FF,,163,7,52,,4,17.28,4.13,4.05,,,,,,,,,,,,,,,,,,,,,,25.46,-,,,,,,,,,,,,,,,,,,,,,,,,,-,-,,,,,,,,,,,,,,,,,,,,,,,,,
,04-22-2015,16:22:55, Lane 1 ,Fwd,FF,,164,3,60,,2,12.18,,,,,,,,,,,,,,,,,,,,,,,,12.18,-,,,,,,,,,,,,,,,,,,,,,,,,,-,-,,,,,,,,,,,,,,,,,,,,,,,,,
,04-22-2015,16:23:03, Lane 1 ,Fwd,FF,,165,2,58,,2,8.37,,,,,,,,,,,,,,,,,,,,,,,,8.37,-,,,,,,,,,,,,,,,,,,,,,,,,,-,-,,,,,,,,,,,,,,,,,,,,,,,,,
,04-22-2015,16:23:04, Lane 1 ,Fwd,FF,,166,2,58,,2,9.69,,,,,,,,,,,,,,,,,,,,,,,,9.69,-,,,,,,,,,,,,,,,,,,,,,,,,,-,-,,,,,,,,,,,,,,,,,,,,,,,,,
,04-22-2015,16:23:06, Lane 1 ,Fwd,FF,,167,2,59,,2,9.32,,,,,,,,,,,,,,,,,,,,,,,,9.32,-,,,,,,,,,,,,,,,,,,,,,,,,,-,-,,,,,,,,,,,,,,,,,,,,,,,,,
,04-22-2015,16:23:13, Lane 1 ,Fwd,FF,,168,2,52,,2,8.43,,,,,,,,,,,,,,,,,,,,,,,,8.43,-,,,,,,,,,,,,,,,,,,,,,,,,,-,-,,,,,,,,,,,,,,,,,,,,,,,,,
,04-22-2015,16:23:16, Lane 1 ,Fwd,FF,,169,2,52,,2,8.41,,,,,,,,,,,,,,,,,,,,,,,,8.41,-,,,,,,,,,,,,,,,,,,,,,,,,,-,-,,,,,,,,,,,,,,,,,,,,,,,,,
,04-22-2015,16:23:17, Lane 1 ,Fwd,FF,,170,2,54,,2,9.88,,,,,,,,,,,,,,,,,,,,,,,,9.88,-,,,,,,,,,,,,,,,,,,,,,,,,,-,-,,,,,,,,,,,,,,,,,,,,,,,,,
,04-22-2015,16:23:19, Lane 1 ,Fwd,FF,,171,2,57,,2,8.75,,,,,,,,,,,,,,,,,,,,,,,,8.75,-,,,,,,,,,,,,,,,,,,,,,,,,,-,-,,,,,,,,,,,,,,,,,,,,,,,,,
,04-22-2015,16:23:23, Lane 1 ,Fwd,FF,,172,2,60,,2,8.38,,,,,,,,,,,,,,,,,,,,,,,,8.38,-,,,,,,,,,,,,,,,,,,,,,,,,,-,-,,,,,,,,,,,,,,,,,,,,,,,,,
,04-22-2015,16:23:25, Lane 1 ,Fwd,FF,,173,2,60,,2,9.02,,,,,,,,,,,,,,,,,,,,,,,,9.02,-,,,,,,,,,,,,,,,,,,,,,,,,,-,-,,,,,,,,,,,,,,,,,,,,,,,,,
,04-22-2015,16:23:35, Lane 1 ,Fwd,FF,,174,2,52,,2,8.66,,,,,,,,,,,,,,,,,,,,,,,,8.66,-,,,,,,,,,,,,,,,,,,,,,,,,,-,-,,,,,,,,,,,,,,,,,,,,,,,,,
,04-22-2015,16:23:37, Lane 1 ,Fwd,FF,,175,2,56,,2,8.47,,,,,,,,,,,,,,,,,,,,,,,,8.47,-,,,,,,,,,,,,,,,,,,,,,,,,,-,-,,,,,,,,,,,,,,,,,,,,,,,,,
,04-22-2015,16:23:39, Lane 1 ,Fwd,FF,,176,2,54,,2,9.95,,,,,,,,,,,,,,,,,,,,,,,,9.95,-,,,,,,,,,,,,,,,,,,,,,,,,,-,-,,,,,,,,,,,,,,,,,,,,,,,,,
,04-22-2015,16:23:42, Lane 1 ,Fwd,FF,,177,2,56,,2,8.71,,,,,,,,,,,,,,,,,,,,,,,,8.71,-,,,,,,,,,,,,,,,,,,,,,,,,,-,-,,,,,,,,,,,,,,,,,,,,,,,,,
,04-22-2015,16:24:16, Lane 1 ,Fwd,FF,,178,3,56,,2,11.84,,,,,,,,,,,,,,,,,,,,,,,,11.84,-,,,,,,,,,,,,,,,,,,,,,,,,,-,-,,,,,,,,,,,,,,,,,,,,,,,,,
,04-22-2015,16:24:26, Lane 1 ,Fwd,FF,,179,2,53,,2,8.46,,,,,,,,,,,,,,,,,,,,,,,,8.46,-,,,,,,,,,,,,,,,,,,,,,,,,,-,-,,,,,,,,,,,,,,,,,,,,,,,,,
,04-22-2015,16:24:27, Lane 1 ,Fwd,FF,,180,2,54,,2,8.74,,,,,,,,,,,,,,,,,,,,,,,,8.74,-,,,,,,,,,,,,,,,,,,,,,,,,,-,-,,,,,,,,,,,,,,,,,,,,,,,,,
,04-22-2015,16:24:28, Lane 1 ,Fwd,FF,,181,3,53,,2,11.30,,,,,,,,,,,,,,,,,,,,,,,,11.30,-,,,,,,,,,,,,,,,,,,,,,,,,,-,-,,,,,,,,,,,,,,,,,,,,,,,,,
,04-22-2015,16:24:30, Lane 1 ,Fwd,FF,,182,3,53,,2,11.31,,,,,,,,,,,,,,,,,,,,,,,,11.31,-,,,,,,,,,,,,,,,,,,,,,,,,,-,-,,,,,,,,,,,,,,,,,,,,,,,,,
,04-22-2015,16:24:38, Lane 1 ,Rev,FF,,183,3,56,,2,11.18,,,,,,,,,,,,,,,,,,,,,,,,11.18,-,,,,,,,,,,,,,,,,,,,,,,,,,-,-,,,,,,,,,,,,,,,,,,,,,,,,,
,04-22-2015,16:25:12, Lane 1 ,Fwd,FF,,184,2,64,,2,7.78,,,,,,,,,,,,,,,,,,,,,,,,7.78,-,,,,,,,,,,,,,,,,,,,,,,,,,-,-,,,,,,,,,,,,,,,,,,,,,,,,,
,04-22-2015,16:25:17, Lane 1 ,Fwd,FF,,185,2,60,,2,8.85,,,,,,,,,,,,,,,,,,,,,,,,8.85,-,,,,,,,,,,,,,,,,,,,,,,,,,-,-,,,,,,,,,,,,,,,,,,,,,,,,,
,04-22-2015,16:25:20, Lane 1 ,Fwd,FF,,186,3,60,,2,10.60,,,,,,,,,,,,,,,,,,,,,,,,10.60,-,,,,,,,,,,,,,,,,,,,,,,,,,-,-,,,,,,,,,,,,,,,,,,,,,,,,,
,04-22-2015,16:25:30, Lane 1 ,Fwd,FF,,187,2,53,,2,8.26,,,,,,,,,,,,,,,,,,,,,,,,8.26,-,,,,,,,,,,,,,,,,,,,,,,,,,-,-,,,,,,,,,,,,,,,,,,,,,,,,,
,04-22-2015,16:25:36, Lane 1 ,Fwd,FF,,188,2,53,,2,8.08,,,,,,,,,,,,,,,,,,,,,,,,8.08,-,,,,,,,,,,,,,,,,,,,,,,,,,-,-,,,,,,,,,,,,,,,,,,,,,,,,,
,04-22-2015,16:25:37, Lane 1 ,Fwd,FF,,189,2,53,,2,9.12,,,,,,,,,,,,,,,,,,,,,,,,9.12,-,,,,,,,,,,,,,,,,,,,,,,,,,-,-,,,,,,,,,,,,,,,,,,,,,,,,,
,04-22-2015,16:25:43, Lane 1 ,Fwd,FF,,190,2,60,,2,8.94,,,,,,,,,,,,,,,,,,,,,,,,8.94,-,,,,,,,,,,,,,,,,,,,,,,,,,-,-,,,,,,,,,,,,,,,,,,,,,,,,,
,04-22-2015,16:25:50, Lane 1 ,Fwd,FF,,191,2,58,,2,9.80,,,,,,,,,,,,,,,,,,,,,,,,9.80,-,,,,,,,,,,,,,,,,,,,,,,,,,-,-,,,,,,,,,,,,,,,,,,,,,,,,,
,04-22-2015,16:25:57, Lane 1 ,Fwd,FF,,192,2,60,,2,9.88,,,,,,,,,,,,,,,,,,,,,,,,9.88,-,,,,,,,,,,,,,,,,,,,,,,,,,-,-,,,,,,,,,,,,,,,,,,,,,,,,,
,04-22-2015,16:26:17, Lane 1 ,Fwd,FF,,193,3,57,,2,12.67,,,,,,,,,,,,,,,,,,,,,,,,12.67,-,,,,,,,,,,,,,,,,,,,,,,,,,-,-,,,,,,,,,,,,,,,,,,,,,,,,,
,04-22-2015,16:26:23, Lane 1 ,Fwd,FF,,194,2,60,,2,8.76,,,,,,,,,,,,,,,,,,,,,,,,8.76,-,,,,,,,,,,,,,,,,,,,,,,,,,-,-,,,,,,,,,,,,,,,,,,,,,,,,,
,04-22-2015,16:26:37, Lane 1 ,Fwd,FF,,195,2,62,,2,8.93,,,,,,,,,,,,,,,,,,,,,,,,8.93,-,,,,,,,,,,,,,,,,,,,,,,,,,-,-,,,,,,,,,,,,,,,,,,,,,,,,,
,04-22-2015,16:26:38, Lane 1 ,Fwd,FF,,196,3,59,,2,10.45,,,,,,,,,,,,,,,,,,,,,,,,10.45,-,,,,,,,,,,,,,,,,,,,,,,,,,-,-,,,,,,,,,,,,,,,,,,,,,,,,,
,04-22-2015,16:26:40, Lane 1 ,Fwd,FF,,197,2,58,,2,9.00,,,,,,,,,,,,,,,,,,,,,,,,9.00,-,,,,,,,,,,,,,,,,,,,,,,,,,-,-,,,,,,,,,,,,,,,,,,,,,,,,,
,04-22-2015,16:26:42, Lane 1 ,Fwd,FF,,198,2,61,,2,8.53,,,,,,,,,,,,,,,,,,,,,,,,8.53,-,,,,,,,,,,,,,,,,,,,,,,,,,-,-,,,,,,,,,,,,,,,,,,,,,,,,,
,04-22-2015,16:26:43, Lane 1 ,Fwd,FF,,199,2,59,,2,8.44,,,,,,,,,,,,,,,,,,,,,,,,8.44,-,,,,,,,,,,,,,,,,,,,,,,,,,-,-,,,,,,,,,,,,,,,,,,,,,,,,,
,04-22-2015,16:26:45, Lane 1 ,Fwd,FF,,200,3,61,,2,11.91,,,,,,,,,,,,,,,,,,,,,,,,11.91,-,,,,,,,,,,,,,,,,,,,,,,,,,-,-,,,,,,,,,,,,,,,,,,,,,,,,,
,04-22-2015,16:26:47, Lane 1 ,Fwd,FF,,201,2,61,,2,8.89,,,,,,,,,,,,,,,,,,,,,,,,8.89,-,,,,,,,,,,,,,,,,,,,,,,,,,-,-,,,,,,,,,,,,,,,,,,,,,,,,,
,04-22-2015,16:26:49, Lane 1 ,Fwd,FF,,202,5,59,,2,13.13,,,,,,,,,,,,,,,,,,,,,,,,13.13,-,,,,,,,,,,,,,,,,,,,,,,,,,-,-,,,,,,,,,,,,,,,,,,,,,,,,,
,04-22-2015,16:26:52, Lane 1 ,Fwd,FF,,203,3,60,,2,11.48,,,,,,,,,,,,,,,,,,,,,,,,11.48,-,,,,,,,,,,,,,,,,,,,,,,,,,-,-,,,,,,,,,,,,,,,,,,,,,,,,,
,04-22-2015,16:26:58, Lane 1 ,Fwd,FF,,204,2,57,,2,9.00,,,,,,,,,,,,,,,,,,,,,,,,9.00,-,,,,,,,,,,,,,,,,,,,,,,,,,-,-,,,,,,,,,,,,,,,,,,,,,,,,,
,04-22-2015,16:27:08, Lane 1 ,Fwd,FF,,205,3,58,,2,10.31,,,,,,,,,,,,,,,,,,,,,,,,10.31,-,,,,,,,,,,,,,,,,,,,,,,,,,-,-,,,,,,,,,,,,,,,,,,,,,,,,,
,04-22-2015,16:27:13, Lane 1 ,Fwd,FF,,206,3,61,,2,11.20,,,,,,,,,,,,,,,,,,,,,,,,11.20,-,,,,,,,,,,,,,,,,,,,,,,,,,-,-,,,,,,,,,,,,,,,,,,,,,,,,,
,04-22-2015,16:27:40, Lane 1 ,Fwd,FF,,207,2,58,,2,9.09,,,,,,,,,,,,,,,,,,,,,,,,9.09,-,,,,,,,,,,,,,,,,,,,,,,,,,-,-,,,,,,,,,,,,,,,,,,,,,,,,,
,04-22-2015,16:27:42, Lane 1 ,Fwd,FF,,208,2,58,,2,9.02,,,,,,,,,,,,,,,,,,,,,,,,9.02,-,,,,,,,,,,,,,,,,,,,,,,,,,-,-,,,,,,,,,,,,,,,,,,,,,,,,,
,04-22-2015,16:27:44, Lane 1 ,Fwd,FF,,209,2,56,,2,8.39,,,,,,,,,,,,,,,,,,,,,,,,8.39,-,,,,,,,,,,,,,,,,,,,,,,,,,-,-,,,,,,,,,,,,,,,,,,,,,,,,,
,04-22-2015,16:27:45, Lane 1 ,Fwd,FF,,210,2,51,,2,7.88,,,,,,,,,,,,,,,,,,,,,,,,7.88,-,,,,,,,,,,,,,,,,,,,,,,,,,-,-,,,,,,,,,,,,,,,,,,,,,,,,,
,04-22-2015,16:27:50, Lane 1 ,Fwd,FF,,211,2,53,,2,8.69,,,,,,,,,,,,,,,,,,,,,,,,8.69,-,,,,,,,,,,,,,,,,,,,,,,,,,-,-,,,,,,,,,,,,,,,,,,,,,,,,,
,04-22-2015,16:27:52, Lane 1 ,Fwd,FF,,212,2,55,,2,8.62,,,,,,,,,,,,,,,,,,,,,,,,8.62,-,,,,,,,,,,,,,,,,,,,,,,,,,-,-,,,,,,,,,,,,,,,,,,,,,,,,,
,04-22-2015,16:27:54, Lane 1 ,Fwd,FF,,213,5,55,,2,13.69,,,,,,,,,,,,,,,,,,,,,,,,13.69,-,,,,,,,,,,,,,,,,,,,,,,,,,-,-,,,,,,,,,,,,,,,,,,,,,,,,,
,04-22-2015,16:27:55, Lane 1 ,Fwd,FF,,214,2,53,,2,8.62,,,,,,,,,,,,,,,,,,,,,,,,8.62,-,,,,,,,,,,,,,,,,,,,,,,,,,-,-,,,,,,,,,,,,,,,,,,,,,,,,,
,04-22-2015,16:27:58, Lane 1 ,Fwd,FF,,215,1,60,,2,5.56,,,,,,,,,,,,,,,,,,,,,,,,5.56,-,,,,,,,,,,,,,,,,,,,,,,,,,-,-,,,,,,,,,,,,,,,,,,,,,,,,,
,04-22-2015,16:28:12, Lane 1 ,Fwd,FF,,216,2,59,,2,8.89,,,,,,,,,,,,,,,,,,,,,,,,8.89,-,,,,,,,,,,,,,,,,,,,,,,,,,-,-,,,,,,,,,,,,,,,,,,,,,,,,,
,04-22-2015,16:28:30, Lane 1 ,Fwd,FF,,217,3,54,,2,11.29,,,,,,,,,,,,,,,,,,,,,,,,11.29,-,,,,,,,,,,,,,,,,,,,,,,,,,-,-,,,,,,,,,,,,,,,,,,,,,,,,,
,04-22-2015,16:28:48, Lane 1 ,Fwd,FF,,218,2,61,,2,8.69,,,,,,,,,,,,,,,,,,,,,,,,8.69,-,,,,,,,,,,,,,,,,,,,,,,,,,-,-,,,,,,,,,,,,,,,,,,,,,,,,,
,04-22-2015,16:29:12, Lane 1 ,Fwd,FF,,219,2,63,,2,9.23,,,,,,,,,,,,,,,,,,,,,,,,9.23,-,,,,,,,,,,,,,,,,,,,,,,,,,-,-,,,,,,,,,,,,,,,,,,,,,,,,,
,04-22-2015,16:29:22, Lane 1 ,Fwd,FF,,220,2,63,,2,8.75,,,,,,,,,,,,,,,,,,,,,,,,8.75,-,,,,,,,,,,,,,,,,,,,,,,,,,-,-,,,,,,,,,,,,,,,,,,,,,,,,,
,04-22-2015,16:29:35, Lane 1 ,Fwd,FF,,221,1,58,,2,5.14,,,,,,,,,,,,,,,,,,,,,,,,5.14,-,,,,,,,,,,,,,,,,,,,,,,,,,-,-,,,,,,,,,,,,,,,,,,,,,,,,,
,04-22-2015,16:29:36, Lane 1 ,Fwd,FF,,222,2,58,,2,8.34,,,,,,,,,,,,,,,,,,,,,,,,8.34,-,,,,,,,,,,,,,,,,,,,,,,,,,-,-,,,,,,,,,,,,,,,,,,,,,,,,,
,04-22-2015,16:29:38, Lane 1 ,Fwd,FF,,223,3,59,,2,11.66,,,,,,,,,,,,,,,,,,,,,,,,11.66,-,,,,,,,,,,,,,,,,,,,,,,,,,-,-,,,,,,,,,,,,,,,,,,,,,,,,,
,04-22-2015,16:29:40, Lane 1 ,Fwd,FF,,224,2,57,,2,8.65,,,,,,,,,,,,,,,,,,,,,,,,8.65,-,,,,,,,,,,,,,,,,,,,,,,,,,-,-,,,,,,,,,,,,,,,,,,,,,,,,,
,04-22-2015,16:29:42, Lane 1 ,Fwd,FF,,225,2,63,,2,8.89,,,,,,,,,,,,,,,,,,,,,,,,8.89,-,,,,,,,,,,,,,,,,,,,,,,,,,-,-,,,,,,,,,,,,,,,,,,,,,,,,,
,04-22-2015,16:29:45, Lane 1 ,Fwd,FF,,226,3,62,,3,12.81,14.17,,,,,,,,,,,,,,,,,,,,,,,26.98,-,,,,,,,,,,,,,,,,,,,,,,,,,-,-,,,,,,,,,,,,,,,,,,,,,,,,,
,04-22-2015,16:29:48, Lane 1 ,Fwd,FF,,227,2,59,,2,8.96,,,,,,,,,,,,,,,,,,,,,,,,8.96,-,,,,,,,,,,,,,,,,,,,,,,,,,-,-,,,,,,,,,,,,,,,,,,,,,,,,,
,04-22-2015,16:30:06, Lane 1 ,Fwd,FF,,228,2,56,,2,8.71,,,,,,,,,,,,,,,,,,,,,,,,8.71,-,,,,,,,,,,,,,,,,,,,,,,,,,-,-,,,,,,,,,,,,,,,,,,,,,,,,,
,04-22-2015,16:30:07, Lane 1 ,Fwd,FF,,229,2,57,,2,9.58,,,,,,,,,,,,,,,,,,,,,,,,9.58,-,,,,,,,,,,,,,,,,,,,,,,,,,-,-,,,,,,,,,,,,,,,,,,,,,,,,,
,04-22-2015,16:30:08, Lane 1 ,Fwd,FF,,230,2,57,,2,8.89,,,,,,,,,,,,,,,,,,,,,,,,8.89,-,,,,,,,,,,,,,,,,,,,,,,,,,-,-,,,,,,,,,,,,,,,,,,,,,,,,,
,04-22-2015,16:30:17, Lane 1 ,Fwd,FF,,231,2,56,,2,8.22,,,,,,,,,,,,,,,,,,,,,,,,8.22,-,,,,,,,,,,,,,,,,,,,,,,,,,-,-,,,,,,,,,,,,,,,,,,,,,,,,,
,04-22-2015,16:30:32, Lane 1 ,Fwd,FF,,232,2,53,,2,9.39,,,,,,,,,,,,,,,,,,,,,,,,9.39,-,,,,,,,,,,,,,,,,,,,,,,,,,-,-,,,,,,,,,,,,,,,,,,,,,,,,,
,04-22-2015,16:30:56, Lane 1 ,Fwd,FF,,233,2,58,,2,9.11,,,,,,,,,,,,,,,,,,,,,,,,9.11,-,,,,,,,,,,,,,,,,,,,,,,,,,-,-,,,,,,,,,,,,,,,,,,,,,,,,,
,04-22-2015,16:31:14, Lane 1 ,Fwd,FF,,234,4,45,,2,22.81,,,,,,,,,,,,,,,,,,,,,,,,22.81,-,,,,,,,,,,,,,,,,,,,,,,,,,-,-,,,,,,,,,,,,,,,,,,,,,,,,,
,04-22-2015,16:31:17, Lane 1 ,Fwd,FF,,235,8,46,,3,9.20,19.33,,,,,,,,,,,,,,,,,,,,,,,28.53,-,,,,,,,,,,,,,,,,,,,,,,,,,-,-,,,,,,,,,,,,,,,,,,,,,,,,,
,04-22-2015,16:31:19, Lane 1 ,Fwd,FF,,236,2,45,,2,7.76,,,,,,,,,,,,,,,,,,,,,,,,7.76,-,,,,,,,,,,,,,,,,,,,,,,,,,-,-,,,,,,,,,,,,,,,,,,,,,,,,,
,04-22-2015,16:31:20, Lane 1 ,Fwd,FF,,237,2,46,,2,8.92,,,,,,,,,,,,,,,,,,,,,,,,8.92,-,,,,,,,,,,,,,,,,,,,,,,,,,-,-,,,,,,,,,,,,,,,,,,,,,,,,,
,04-22-2015,16:31:21, Lane 1 ,Fwd,FF,,238,3,44,,2,11.75,,,,,,,,,,,,,,,,,,,,,,,,11.75,-,,,,,,,,,,,,,,,,,,,,,,,,,-,-,,,,,,,,,,,,,,,,,,,,,,,,,
,04-22-2015,16:31:22, Lane 1 ,Fwd,FF,,239,2,44,,2,9.06,,,,,,,,,,,,,,,,,,,,,,,,9.06,-,,,,,,,,,,,,,,,,,,,,,,,,,-,-,,,,,,,,,,,,,,,,,,,,,,,,,
,04-22-2015,16:31:24, Lane 1 ,Fwd,FF,,240,5,46,,2,13.88,,,,,,,,,,,,,,,,,,,,,,,,13.88,-,,,,,,,,,,,,,,,,,,,,,,,,,-,-,,,,,,,,,,,,,,,,,,,,,,,,,
,04-22-2015,16:31:25, Lane 1 ,Fwd,FF,,241,2,47,,2,8.52,,,,,,,,,,,,,,,,,,,,,,,,8.52,-,,,,,,,,,,,,,,,,,,,,,,,,,-,-,,,,,,,,,,,,,,,,,,,,,,,,,
,04-22-2015,16:31:26, Lane 1 ,Fwd,FF,,242,3,47,,2,10.27,,,,,,,,,,,,,,,,,,,,,,,,10.27,-,,,,,,,,,,,,,,,,,,,,,,,,,-,-,,,,,,,,,,,,,,,,,,,,,,,,,
,04-22-2015,16:31:28, Lane 1 ,Fwd,FF,,243,2,49,,2,9.26,,,,,,,,,,,,,,,,,,,,,,,,9.26,-,,,,,,,,,,,,,,,,,,,,,,,,,-,-,,,,,,,,,,,,,,,,,,,,,,,,,
,04-22-2015,16:31:30, Lane 1 ,Fwd,FF,,244,2,49,,2,8.48,,,,,,,,,,,,,,,,,,,,,,,,8.48,-,,,,,,,,,,,,,,,,,,,,,,,,,-,-,,,,,,,,,,,,,,,,,,,,,,,,,
,04-22-2015,16:31:57, Lane 1 ,Fwd,FF,,245,3,55,,2,11.12,,,,,,,,,,,,,,,,,,,,,,,,11.12,-,,,,,,,,,,,,,,,,,,,,,,,,,-,-,,,,,,,,,,,,,,,,,,,,,,,,,
,04-22-2015,16:32:00, Lane 1 ,Fwd,FF,,246,2,59,,2,8.29,,,,,,,,,,,,,,,,,,,,,,,,8.29,-,,,,,,,,,,,,,,,,,,,,,,,,,-,-,,,,,,,,,,,,,,,,,,,,,,,,,
,04-22-2015,16:32:16, Lane 1 ,Fwd,FF,,247,5,62,,2,14.44,,,,,,,,,,,,,,,,,,,,,,,,14.44,-,,,,,,,,,,,,,,,,,,,,,,,,,-,-,,,,,,,,,,,,,,,,,,,,,,,,,
,04-22-2015,16:32:17, Lane 1 ,Fwd,FF,,248,3,63,,2,11.73,,,,,,,,,,,,,,,,,,,,,,,,11.73,-,,,,,,,,,,,,,,,,,,,,,,,,,-,-,,,,,,,,,,,,,,,,,,,,,,,,,
,04-22-2015,16:32:20, Lane 1 ,Fwd,FF,,249,2,62,,2,8.66,,,,,,,,,,,,,,,,,,,,,,,,8.66,-,,,,,,,,,,,,,,,,,,,,,,,,,-,-,,,,,,,,,,,,,,,,,,,,,,,,,
,04-22-2015,16:32:29, Lane 1 ,Fwd,FF,,250,2,61,,2,9.31,,,,,,,,,,,,,,,,,,,,,,,,9.31,-,,,,,,,,,,,,,,,,,,,,,,,,,-,-,,,,,,,,,,,,,,,,,,,,,,,,,
,04-22-2015,16:32:30, Lane 1 ,Fwd,FF,,251,8,60,,3,13.75,17.08,,,,,,,,,,,,,,,,,,,,,,,30.83,-,,,,,,,,,,,,,,,,,,,,,,,,,-,-,,,,,,,,,,,,,,,,,,,,,,,,,
,04-22-2015,16:32:32, Lane 1 ,Fwd,FF,,252,2,59,,2,8.89,,,,,,,,,,,,,,,,,,,,,,,,8.89,-,,,,,,,,,,,,,,,,,,,,,,,,,-,-,,,,,,,,,,,,,,,,,,,,,,,,,
,04-22-2015,16:32:34, Lane 1 ,Fwd,FF,,253,2,59,,2,9.06,,,,,,,,,,,,,,,,,,,,,,,,9.06,-,,,,,,,,,,,,,,,,,,,,,,,,,-,-,,,,,,,,,,,,,,,,,,,,,,,,,
,04-22-2015,16:32:37, Lane 1 ,Fwd,FF,,254,2,62,,2,8.64,,,,,,,,,,,,,,,,,,,,,,,,8.64,-,,,,,,,,,,,,,,,,,,,,,,,,,-,-,,,,,,,,,,,,,,,,,,,,,,,,,
,04-22-2015,16:32:40, Lane 1 ,Fwd,FF,,255,3,58,,2,11.40,,,,,,,,,,,,,,,,,,,,,,,,11.40,-,,,,,,,,,,,,,,,,,,,,,,,,,-,-,,,,,,,,,,,,,,,,,,,,,,,,,
,04-22-2015,16:32:43, Lane 1 ,Fwd,FF,,256,2,58,,2,8.66,,,,,,,,,,,,,,,,,,,,,,,,8.66,-,,,,,,,,,,,,,,,,,,,,,,,,,-,-,,,,,,,,,,,,,,,,,,,,,,,,,
,04-22-2015,16:32:45, Lane 1 ,Fwd,FF,,257,2,56,,2,8.80,,,,,,,,,,,,,,,,,,,,,,,,8.80,-,,,,,,,,,,,,,,,,,,,,,,,,,-,-,,,,,,,,,,,,,,,,,,,,,,,,,
,04-22-2015,16:32:46, Lane 1 ,Fwd,FF,,258,2,56,,2,8.94,,,,,,,,,,,,,,,,,,,,,,,,8.94,-,,,,,,,,,,,,,,,,,,,,,,,,,-,-,,,,,,,,,,,,,,,,,,,,,,,,,
,04-22-2015,16:33:00, Lane 1 ,Fwd,FF,,259,2,56,,2,9.47,,,,,,,,,,,,,,,,,,,,,,,,9.47,-,,,,,,,,,,,,,,,,,,,,,,,,,-,-,,,,,,,,,,,,,,,,,,,,,,,,,
,04-22-2015,16:33:02, Lane 1 ,Fwd,FF,,260,2,57,,2,9.17,,,,,,,,,,,,,,,,,,,,,,,,9.17,-,,,,,,,,,,,,,,,,,,,,,,,,,-,-,,,,,,,,,,,,,,,,,,,,,,,,,
,04-22-2015,16:33:05, Lane 1 ,Fwd,FF,,261,3,56,,2,10.84,,,,,,,,,,,,,,,,,,,,,,,,10.84,-,,,,,,,,,,,,,,,,,,,,,,,,,-,-,,,,,,,,,,,,,,,,,,,,,,,,,
,04-22-2015,16:33:17, Lane 1 ,Fwd,FF,,262,2,55,,2,8.27,,,,,,,,,,,,,,,,,,,,,,,,8.27,-,,,,,,,,,,,,,,,,,,,,,,,,,-,-,,,,,,,,,,,,,,,,,,,,,,,,,
,04-22-2015,16:33:19, Lane 1 ,Fwd,FF,,263,3,59,,2,11.91,,,,,,,,,,,,,,,,,,,,,,,,11.91,-,,,,,,,,,,,,,,,,,,,,,,,,,-,-,,,,,,,,,,,,,,,,,,,,,,,,,
,04-22-2015,16:33:23, Lane 1 ,Fwd,FF,,264,2,56,,2,9.69,,,,,,,,,,,,,,,,,,,,,,,,9.69,-,,,,,,,,,,,,,,,,,,,,,,,,,-,-,,,,,,,,,,,,,,,,,,,,,,,,,
,04-22-2015,16:33:25, Lane 1 ,Fwd,FF,,265,2,57,,2,8.65,,,,,,,,,,,,,,,,,,,,,,,,8.65,-,,,,,,,,,,,,,,,,,,,,,,,,,-,-,,,,,,,,,,,,,,,,,,,,,,,,,
,04-22-2015,16:33:52, Lane 1 ,Fwd,FF,,266,2,59,,2,8.61,,,,,,,,,,,,,,,,,,,,,,,,8.61,-,,,,,,,,,,,,,,,,,,,,,,,,,-,-,,,,,,,,,,,,,,,,,,,,,,,,,
,04-22-2015,16:33:56, Lane 1 ,Fwd,FF,,267,3,57,,2,11.83,,,,,,,,,,,,,,,,,,,,,,,,11.83,-,,,,,,,,,,,,,,,,,,,,,,,,,-,-,,,,,,,,,,,,,,,,,,,,,,,,,
,04-22-2015,16:33:57, Lane 1 ,Fwd,FF,,268,2,57,,2,9.08,,,,,,,,,,,,,,,,,,,,,,,,9.08,-,,,,,,,,,,,,,,,,,,,,,,,,,-,-,,,,,,,,,,,,,,,,,,,,,,,,,
,04-22-2015,16:34:01, Lane 1 ,Fwd,FF,,269,2,60,,2,8.74,,,,,,,,,,,,,,,,,,,,,,,,8.74,-,,,,,,,,,,,,,,,,,,,,,,,,,-,-,,,,,,,,,,,,,,,,,,,,,,,,,
,04-22-2015,16:34:21, Lane 1 ,Fwd,FF,,270,2,62,,2,9.82,,,,,,,,,,,,,,,,,,,,,,,,9.82,-,,,,,,,,,,,,,,,,,,,,,,,,,-,-,,,,,,,,,,,,,,,,,,,,,,,,,
,04-22-2015,16:34:26, Lane 1 ,Fwd,FF,,271,2,55,,2,8.88,,,,,,,,,,,,,,,,,,,,,,,,8.88,-,,,,,,,,,,,,,,,,,,,,,,,,,-,-,,,,,,,,,,,,,,,,,,,,,,,,,
,04-22-2015,16:35:13, Lane 1 ,Fwd,FF,,272,2,59,,2,8.98,,,,,,,,,,,,,,,,,,,,,,,,8.98,-,,,,,,,,,,,,,,,,,,,,,,,,,-,-,,,,,,,,,,,,,,,,,,,,,,,,,
,04-22-2015,16:35:16, Lane 1 ,Fwd,FF,,273,3,58,,3,12.60,15.07,,,,,,,,,,,,,,,,,,,,,,,27.67,-,,,,,,,,,,,,,,,,,,,,,,,,,-,-,,,,,,,,,,,,,,,,,,,,,,,,,
,04-22-2015,16:35:17, Lane 1 ,Fwd,FF,,274,2,58,,2,9.04,,,,,,,,,,,,,,,,,,,,,,,,9.04,-,,,,,,,,,,,,,,,,,,,,,,,,,-,-,,,,,,,,,,,,,,,,,,,,,,,,,
,04-22-2015,16:35:19, Lane 1 ,Fwd,FF,,275,2,59,,2,8.38,,,,,,,,,,,,,,,,,,,,,,,,8.38,-,,,,,,,,,,,,,,,,,,,,,,,,,-,-,,,,,,,,,,,,,,,,,,,,,,,,,
,04-22-2015,16:35:20, Lane 1 ,Fwd,FF,,276,3,57,,2,11.67,,,,,,,,,,,,,,,,,,,,,,,,11.67,-,,,,,,,,,,,,,,,,,,,,,,,,,-,-,,,,,,,,,,,,,,,,,,,,,,,,,
,04-22-2015,16:35:24, Lane 1 ,Fwd,FF,,277,2,58,,2,8.51,,,,,,,,,,,,,,,,,,,,,,,,8.51,-,,,,,,,,,,,,,,,,,,,,,,,,,-,-,,,,,,,,,,,,,,,,,,,,,,,,,
,04-22-2015,16:35:27, Lane 1 ,Fwd,FF,,278,2,53,,2,8.88,,,,,,,,,,,,,,,,,,,,,,,,8.88,-,,,,,,,,,,,,,,,,,,,,,,,,,-,-,,,,,,,,,,,,,,,,,,,,,,,,,
,04-22-2015,16:35:28, Lane 1 ,Fwd,FF,,279,2,55,,2,8.70,,,,,,,,,,,,,,,,,,,,,,,,8.70,-,,,,,,,,,,,,,,,,,,,,,,,,,-,-,,,,,,,,,,,,,,,,,,,,,,,,,
,04-22-2015,16:35:32, Lane 1 ,Fwd,FF,,280,2,51,,2,8.05,,,,,,,,,,,,,,,,,,,,,,,,8.05,-,,,,,,,,,,,,,,,,,,,,,,,,,-,-,,,,,,,,,,,,,,,,,,,,,,,,,
,04-22-2015,16:35:34, Lane 1 ,Fwd,FF,,281,2,52,,2,9.80,,,,,,,,,,,,,,,,,,,,,,,,9.80,-,,,,,,,,,,,,,,,,,,,,,,,,,-,-,,,,,,,,,,,,,,,,,,,,,,,,,
,04-22-2015,16:35:35, Lane 1 ,Fwd,FF,,282,2,53,,2,8.39,,,,,,,,,,,,,,,,,,,,,,,,8.39,-,,,,,,,,,,,,,,,,,,,,,,,,,-,-,,,,,,,,,,,,,,,,,,,,,,,,,
,04-22-2015,16:35:37, Lane 1 ,Fwd,FF,,283,2,50,,2,9.15,,,,,,,,,,,,,,,,,,,,,,,,9.15,-,,,,,,,,,,,,,,,,,,,,,,,,,-,-,,,,,,,,,,,,,,,,,,,,,,,,,
,04-22-2015,16:35:46, Lane 1 ,Fwd,FF,,284,3,53,,2,11.54,,,,,,,,,,,,,,,,,,,,,,,,11.54,-,,,,,,,,,,,,,,,,,,,,,,,,,-,-,,,,,,,,,,,,,,,,,,,,,,,,,
,04-22-2015,16:35:48, Lane 1 ,Fwd,FF,,285,2,53,,2,9.60,,,,,,,,,,,,,,,,,,,,,,,,9.60,-,,,,,,,,,,,,,,,,,,,,,,,,,-,-,,,,,,,,,,,,,,,,,,,,,,,,,
,04-22-2015,16:35:55, Lane 1 ,Fwd,FF,,286,3,54,,2,11.45,,,,,,,,,,,,,,,,,,,,,,,,11.45,-,,,,,,,,,,,,,,,,,,,,,,,,,-,-,,,,,,,,,,,,,,,,,,,,,,,,,
,04-22-2015,16:36:27, Lane 1 ,Fwd,FF,,287,2,63,,2,9.69,,,,,,,,,,,,,,,,,,,,,,,,9.69,-,,,,,,,,,,,,,,,,,,,,,,,,,-,-,,,,,,,,,,,,,,,,,,,,,,,,,
,04-22-2015,16:36:39, Lane 1 ,Fwd,FF,,288,2,60,,2,8.85,,,,,,,,,,,,,,,,,,,,,,,,8.85,-,,,,,,,,,,,,,,,,,,,,,,,,,-,-,,,,,,,,,,,,,,,,,,,,,,,,,
,04-22-2015,16:36:43, Lane 1 ,Fwd,FF,,289,3,56,,2,11.18,,,,,,,,,,,,,,,,,,,,,,,,11.18,-,,,,,,,,,,,,,,,,,,,,,,,,,-,-,,,,,,,,,,,,,,,,,,,,,,,,,
,04-22-2015,16:36:57, Lane 1 ,Fwd,FF,,290,2,61,,2,9.96,,,,,,,,,,,,,,,,,,,,,,,,9.96,-,,,,,,,,,,,,,,,,,,,,,,,,,-,-,,,,,,,,,,,,,,,,,,,,,,,,,
,04-22-2015,16:37:06, Lane 1 ,Fwd,FF,,291,2,58,,2,9.62,,,,,,,,,,,,,,,,,,,,,,,,9.62,-,,,,,,,,,,,,,,,,,,,,,,,,,-,-,,,,,,,,,,,,,,,,,,,,,,,,,
,04-22-2015,16:37:21, Lane 1 ,Fwd,FF,,292,3,58,,2,12.86,,,,,,,,,,,,,,,,,,,,,,,,12.86,-,,,,,,,,,,,,,,,,,,,,,,,,,-,-,,,,,,,,,,,,,,,,,,,,,,,,,
,04-22-2015,16:37:22, Lane 1 ,Fwd,FF,,293,3,58,,2,11.75,,,,,,,,,,,,,,,,,,,,,,,,11.75,-,,,,,,,,,,,,,,,,,,,,,,,,,-,-,,,,,,,,,,,,,,,,,,,,,,,,,
,04-22-2015,16:37:23, Lane 1 ,Fwd,FF,,294,2,59,,2,9.32,,,,,,,,,,,,,,,,,,,,,,,,9.32,-,,,,,,,,,,,,,,,,,,,,,,,,,-,-,,,,,,,,,,,,,,,,,,,,,,,,,
,04-22-2015,16:37:31, Lane 1 ,Fwd,FF,,295,5,63,,2,15.76,,,,,,,,,,,,,,,,,,,,,,,,15.76,-,,,,,,,,,,,,,,,,,,,,,,,,,-,-,,,,,,,,,,,,,,,,,,,,,,,,,
,04-22-2015,16:37:32, Lane 1 ,Fwd,FF,,296,2,63,,2,9.69,,,,,,,,,,,,,,,,,,,,,,,,9.69,-,,,,,,,,,,,,,,,,,,,,,,,,,-,-,,,,,,,,,,,,,,,,,,,,,,,,,
,04-22-2015,16:37:35, Lane 1 ,Fwd,FF,,297,2,64,,2,9.07,,,,,,,,,,,,,,,,,,,,,,,,9.07,-,,,,,,,,,,,,,,,,,,,,,,,,,-,-,,,,,,,,,,,,,,,,,,,,,,,,,
,04-22-2015,16:37:37, Lane 1 ,Fwd,FF,,298,2,61,,2,9.51,,,,,,,,,,,,,,,,,,,,,,,,9.51,-,,,,,,,,,,,,,,,,,,,,,,,,,-,-,,,,,,,,,,,,,,,,,,,,,,,,,
,04-22-2015,16:37:44, Lane 1 ,Fwd,FF,,299,8,60,,4,14.89,4.47,12.97,,,,,,,,,,,,,,,,,,,,,,32.33,-,,,,,,,,,,,,,,,,,,,,,,,,,-,-,,,,,,,,,,,,,,,,,,,,,,,,,
,04-22-2015,16:37:51, Lane 1 ,Fwd,FF,,300,2,56,,2,9.52,,,,,,,,,,,,,,,,,,,,,,,,9.52,-,,,,,,,,,,,,,,,,,,,,,,,,,-,-,,,,,,,,,,,,,,,,,,,,,,,,,
,04-22-2015,16:37:52, Lane 1 ,Fwd,FF,,301,2,58,,2,8.68,,,,,,,,,,,,,,,,,,,,,,,,8.68,-,,,,,,,,,,,,,,,,,,,,,,,,,-,-,,,,,,,,,,,,,,,,,,,,,,,,,
,04-22-2015,16:37:55, Lane 1 ,Fwd,FF,,302,2,59,,2,9.93,,,,,,,,,,,,,,,,,,,,,,,,9.93,-,,,,,,,,,,,,,,,,,,,,,,,,,-,-,,,,,,,,,,,,,,,,,,,,,,,,,
,04-22-2015,16:37:57, Lane 1 ,Fwd,FF,,303,2,60,,2,8.94,,,,,,,,,,,,,,,,,,,,,,,,8.94,-,,,,,,,,,,,,,,,,,,,,,,,,,-,-,,,,,,,,,,,,,,,,,,,,,,,,,
,04-22-2015,16:38:00, Lane 1 ,Fwd,FF,,304,3,63,,2,12.84,,,,,,,,,,,,,,,,,,,,,,,,12.84,-,,,,,,,,,,,,,,,,,,,,,,,,,-,-,,,,,,,,,,,,,,,,,,,,,,,,,
,04-22-2015,16:38:08, Lane 1 ,Fwd,FF,,305,2,62,,2,8.45,,,,,,,,,,,,,,,,,,,,,,,,8.45,-,,,,,,,,,,,,,,,,,,,,,,,,,-,-,,,,,,,,,,,,,,,,,,,,,,,,,
,04-22-2015,16:38:15, Lane 1 ,Fwd,FF,,306,2,63,,2,9.80,,,,,,,,,,,,,,,,,,,,,,,,9.80,-,,,,,,,,,,,,,,,,,,,,,,,,,-,-,,,,,,,,,,,,,,,,,,,,,,,,,
,04-22-2015,16:38:27, Lane 1 ,Fwd,FF,,307,2,64,,2,8.50,,,,,,,,,,,,,,,,,,,,,,,,8.50,-,,,,,,,,,,,,,,,,,,,,,,,,,-,-,,,,,,,,,,,,,,,,,,,,,,,,,
,04-22-2015,16:39:00, Lane 1 ,Fwd,FF,,308,3,59,,2,11.39,,,,,,,,,,,,,,,,,,,,,,,,11.39,-,,,,,,,,,,,,,,,,,,,,,,,,,-,-,,,,,,,,,,,,,,,,,,,,,,,,,
,04-22-2015,16:39:05, Lane 1 ,Fwd,FF,,309,2,59,,2,8.70,,,,,,,,,,,,,,,,,,,,,,,,8.70,-,,,,,,,,,,,,,,,,,,,,,,,,,-,-,,,,,,,,,,,,,,,,,,,,,,,,,
,04-22-2015,16:39:07, Lane 1 ,Fwd,FF,,310,2,58,,2,9.34,,,,,,,,,,,,,,,,,,,,,,,,9.34,-,,,,,,,,,,,,,,,,,,,,,,,,,-,-,,,,,,,,,,,,,,,,,,,,,,,,,
,04-22-2015,16:39:08, Lane 1 ,Fwd,FF,,311,2,58,,2,9.17,,,,,,,,,,,,,,,,,,,,,,,,9.17,-,,,,,,,,,,,,,,,,,,,,,,,,,-,-,,,,,,,,,,,,,,,,,,,,,,,,,
,04-22-2015,16:39:10, Lane 1 ,Fwd,FF,,312,2,59,,2,8.35,,,,,,,,,,,,,,,,,,,,,,,,8.35,-,,,,,,,,,,,,,,,,,,,,,,,,,-,-,,,,,,,,,,,,,,,,,,,,,,,,,
,04-22-2015,16:39:11, Lane 1 ,Fwd,FF,,313,2,60,,2,9.46,,,,,,,,,,,,,,,,,,,,,,,,9.46,-,,,,,,,,,,,,,,,,,,,,,,,,,-,-,,,,,,,,,,,,,,,,,,,,,,,,,
,04-22-2015,16:39:38, Lane 1 ,Fwd,FF,,314,3,57,,2,11.83,,,,,,,,,,,,,,,,,,,,,,,,11.83,-,,,,,,,,,,,,,,,,,,,,,,,,,-,-,,,,,,,,,,,,,,,,,,,,,,,,,
,04-22-2015,16:39:47, Lane 1 ,Fwd,FF,,315,2,59,,2,9.24,,,,,,,,,,,,,,,,,,,,,,,,9.24,-,,,,,,,,,,,,,,,,,,,,,,,,,-,-,,,,,,,,,,,,,,,,,,,,,,,,,
,04-22-2015,16:39:49, Lane 1 ,Fwd,FF,,316,3,60,,2,11.74,,,,,,,,,,,,,,,,,,,,,,,,11.74,-,,,,,,,,,,,,,,,,,,,,,,,,,-,-,,,,,,,,,,,,,,,,,,,,,,,,,
,04-22-2015,16:40:00, Lane 1 ,Fwd,FF,,317,2,54,,2,8.71,,,,,,,,,,,,,,,,,,,,,,,,8.71,-,,,,,,,,,,,,,,,,,,,,,,,,,-,-,,,,,,,,,,,,,,,,,,,,,,,,,
,04-22-2015,16:40:06, Lane 1 ,Fwd,FF,,318,4,54,,2,21.80,,,,,,,,,,,,,,,,,,,,,,,,21.80,-,,,,,,,,,,,,,,,,,,,,,,,,,-,-,,,,,,,,,,,,,,,,,,,,,,,,,
,04-22-2015,16:40:07, Lane 1 ,Fwd,FF,,319,2,53,,2,8.54,,,,,,,,,,,,,,,,,,,,,,,,8.54,-,,,,,,,,,,,,,,,,,,,,,,,,,-,-,,,,,,,,,,,,,,,,,,,,,,,,,
,04-22-2015,16:40:08, Lane 1 ,Fwd,FF,,320,2,53,,2,8.73,,,,,,,,,,,,,,,,,,,,,,,,8.73,-,,,,,,,,,,,,,,,,,,,,,,,,,-,-,,,,,,,,,,,,,,,,,,,,,,,,,
,04-22-2015,16:40:09, Lane 1 ,Fwd,FF,,321,2,55,,2,8.86,,,,,,,,,,,,,,,,,,,,,,,,8.86,-,,,,,,,,,,,,,,,,,,,,,,,,,-,-,,,,,,,,,,,,,,,,,,,,,,,,,
,04-22-2015,16:40:10, Lane 1 ,Fwd,FF,,322,3,54,,2,10.67,,,,,,,,,,,,,,,,,,,,,,,,10.67,-,,,,,,,,,,,,,,,,,,,,,,,,,-,-,,,,,,,,,,,,,,,,,,,,,,,,,
,04-22-2015,16:40:11, Lane 1 ,Fwd,FF,,323,2,55,,2,8.88,,,,,,,,,,,,,,,,,,,,,,,,8.88,-,,,,,,,,,,,,,,,,,,,,,,,,,-,-,,,,,,,,,,,,,,,,,,,,,,,,,
,04-22-2015,16:40:13, Lane 1 ,Fwd,FF,,324,3,52,,2,11.25,,,,,,,,,,,,,,,,,,,,,,,,11.25,-,,,,,,,,,,,,,,,,,,,,,,,,,-,-,,,,,,,,,,,,,,,,,,,,,,,,,
,04-22-2015,16:40:14, Lane 1 ,Fwd,FF,,325,3,50,,2,11.85,,,,,,,,,,,,,,,,,,,,,,,,11.85,-,,,,,,,,,,,,,,,,,,,,,,,,,-,-,,,,,,,,,,,,,,,,,,,,,,,,,
,04-22-2015,16:40:30, Lane 1 ,Fwd,FF,,326,2,58,,2,7.97,,,,,,,,,,,,,,,,,,,,,,,,7.97,-,,,,,,,,,,,,,,,,,,,,,,,,,-,-,,,,,,,,,,,,,,,,,,,,,,,,,
,04-22-2015,16:40:41, Lane 1 ,Fwd,FF,,327,2,66,,2,9.78,,,,,,,,,,,,,,,,,,,,,,,,9.78,-,,,,,,,,,,,,,,,,,,,,,,,,,-,-,,,,,,,,,,,,,,,,,,,,,,,,,
,04-22-2015,16:40:51, Lane 1 ,Fwd,FF,,328,2,55,,2,8.54,,,,,,,,,,,,,,,,,,,,,,,,8.54,-,,,,,,,,,,,,,,,,,,,,,,,,,-,-,,,,,,,,,,,,,,,,,,,,,,,,,
,04-22-2015,16:40:52, Lane 1 ,Fwd,FF,,329,2,59,,2,8.98,,,,,,,,,,,,,,,,,,,,,,,,8.98,-,,,,,,,,,,,,,,,,,,,,,,,,,-,-,,,,,,,,,,,,,,,,,,,,,,,,,
,04-22-2015,16:41:00, Lane 1 ,Fwd,FF,,330,2,54,,2,8.66,,,,,,,,,,,,,,,,,,,,,,,,8.66,-,,,,,,,,,,,,,,,,,,,,,,,,,-,-,,,,,,,,,,,,,,,,,,,,,,,,,
,04-22-2015,16:41:01, Lane 1 ,Fwd,FF,,331,2,55,,2,8.19,,,,,,,,,,,,,,,,,,,,,,,,8.19,-,,,,,,,,,,,,,,,,,,,,,,,,,-,-,,,,,,,,,,,,,,,,,,,,,,,,,
,04-22-2015,16:41:10, Lane 1 ,Fwd,FF,,332,2,56,,2,8.85,,,,,,,,,,,,,,,,,,,,,,,,8.85,-,,,,,,,,,,,,,,,,,,,,,,,,,-,-,,,,,,,,,,,,,,,,,,,,,,,,,
,04-22-2015,16:41:11, Lane 1 ,Fwd,FF,,333,2,56,,2,8.98,,,,,,,,,,,,,,,,,,,,,,,,8.98,-,,,,,,,,,,,,,,,,,,,,,,,,,-,-,,,,,,,,,,,,,,,,,,,,,,,,,
,04-22-2015,16:41:33, Lane 1 ,Fwd,FF,,334,3,54,,2,10.42,,,,,,,,,,,,,,,,,,,,,,,,10.42,-,,,,,,,,,,,,,,,,,,,,,,,,,-,-,,,,,,,,,,,,,,,,,,,,,,,,,
,04-22-2015,16:42:11, Lane 1 ,Fwd,FF,,335,5,48,,2,16.56,,,,,,,,,,,,,,,,,,,,,,,,16.56,-,,,,,,,,,,,,,,,,,,,,,,,,,-,-,,,,,,,,,,,,,,,,,,,,,,,,,
,04-22-2015,16:42:14, Lane 1 ,Fwd,FF,,336,3,47,,2,10.42,,,,,,,,,,,,,,,,,,,,,,,,10.42,-,,,,,,,,,,,,,,,,,,,,,,,,,-,-,,,,,,,,,,,,,,,,,,,,,,,,,
,04-22-2015,16:42:15, Lane 1 ,Fwd,FF,,337,3,49,,2,11.78,,,,,,,,,,,,,,,,,,,,,,,,11.78,-,,,,,,,,,,,,,,,,,,,,,,,,,-,-,,,,,,,,,,,,,,,,,,,,,,,,,
,04-22-2015,16:42:28, Lane 1 ,Fwd,FF,,338,2,66,,2,8.52,,,,,,,,,,,,,,,,,,,,,,,,8.52,-,,,,,,,,,,,,,,,,,,,,,,,,,-,-,,,,,,,,,,,,,,,,,,,,,,,,,
,04-22-2015,16:42:32, Lane 1 ,Fwd,FF,,339,2,72,,2,9.69,,,,,,,,,,,,,,,,,,,,,,,,9.69,-,,,,,,,,,,,,,,,,,,,,,,,,,-,-,,,,,,,,,,,,,,,,,,,,,,,,,
,04-22-2015,16:42:40, Lane 1 ,Fwd,FF,,340,2,62,,2,8.91,,,,,,,,,,,,,,,,,,,,,,,,8.91,-,,,,,,,,,,,,,,,,,,,,,,,,,-,-,,,,,,,,,,,,,,,,,,,,,,,,,
,04-22-2015,16:42:54, Lane 1 ,Fwd,FF,,341,2,59,,2,8.72,,,,,,,,,,,,,,,,,,,,,,,,8.72,-,,,,,,,,,,,,,,,,,,,,,,,,,-,-,,,,,,,,,,,,,,,,,,,,,,,,,
,04-22-2015,16:43:07, Lane 1 ,Fwd,FF,,342,3,61,,2,11.29,,,,,,,,,,,,,,,,,,,,,,,,11.29,-,,,,,,,,,,,,,,,,,,,,,,,,,-,-,,,,,,,,,,,,,,,,,,,,,,,,,
,04-22-2015,16:43:32, Lane 1 ,Fwd,FF,,343,2,58,,2,8.54,,,,,,,,,,,,,,,,,,,,,,,,8.54,-,,,,,,,,,,,,,,,,,,,,,,,,,-,-,,,,,,,,,,,,,,,,,,,,,,,,,
,04-22-2015,16:43:40, Lane 1 ,Fwd,FF,,344,4,58,,3,20.29,4.31,,,,,,,,,,,,,,,,,,,,,,,24.60,-,,,,,,,,,,,,,,,,,,,,,,,,,-,-,,,,,,,,,,,,,,,,,,,,,,,,,
,04-22-2015,16:43:43, Lane 1 ,Fwd,FF,,345,3,57,,2,11.92,,,,,,,,,,,,,,,,,,,,,,,,11.92,-,,,,,,,,,,,,,,,,,,,,,,,,,-,-,,,,,,,,,,,,,,,,,,,,,,,,,
,04-22-2015,16:43:44, Lane 1 ,Fwd,FF,,346,5,56,,2,13.57,,,,,,,,,,,,,,,,,,,,,,,,13.57,-,,,,,,,,,,,,,,,,,,,,,,,,,-,-,,,,,,,,,,,,,,,,,,,,,,,,,
,04-22-2015,16:44:34, Lane 1 ,Fwd,FF,,347,5,57,,2,13.08,,,,,,,,,,,,,,,,,,,,,,,,13.08,-,,,,,,,,,,,,,,,,,,,,,,,,,-,-,,,,,,,,,,,,,,,,,,,,,,,,,
,04-22-2015,16:44:39, Lane 1 ,Fwd,FF,,348,8,56,,3,16.77,22.19,,,,,,,,,,,,,,,,,,,,,,,38.96,-,,,,,,,,,,,,,,,,,,,,,,,,,-,-,,,,,,,,,,,,,,,,,,,,,,,,,
,04-22-2015,16:44:40, Lane 1 ,Fwd,FF,,349,2,55,,2,8.68,,,,,,,,,,,,,,,,,,,,,,,,8.68,-,,,,,,,,,,,,,,,,,,,,,,,,,-,-,,,,,,,,,,,,,,,,,,,,,,,,,
,04-22-2015,16:44:42, Lane 1 ,Fwd,FF,,350,2,56,,2,9.12,,,,,,,,,,,,,,,,,,,,,,,,9.12,-,,,,,,,,,,,,,,,,,,,,,,,,,-,-,,,,,,,,,,,,,,,,,,,,,,,,,
,04-22-2015,16:44:43, Lane 1 ,Fwd,FF,,351,2,56,,2,9.78,,,,,,,,,,,,,,,,,,,,,,,,9.78,-,,,,,,,,,,,,,,,,,,,,,,,,,-,-,,,,,,,,,,,,,,,,,,,,,,,,,
,04-22-2015,16:44:56, Lane 1 ,Fwd,FF,,352,4,54,,2,20.63,,,,,,,,,,,,,,,,,,,,,,,,20.63,-,,,,,,,,,,,,,,,,,,,,,,,,,-,-,,,,,,,,,,,,,,,,,,,,,,,,,
,04-22-2015,16:44:57, Lane 1 ,Fwd,FF,,353,2,56,,2,8.49,,,,,,,,,,,,,,,,,,,,,,,,8.49,-,,,,,,,,,,,,,,,,,,,,,,,,,-,-,,,,,,,,,,,,,,,,,,,,,,,,,
,04-22-2015,16:45:29, Lane 1 ,Fwd,FF,,354,3,60,,2,10.85,,,,,,,,,,,,,,,,,,,,,,,,10.85,-,,,,,,,,,,,,,,,,,,,,,,,,,-,-,,,,,,,,,,,,,,,,,,,,,,,,,
,04-22-2015,16:45:38, Lane 1 ,Fwd,FF,,355,3,53,,2,11.30,,,,,,,,,,,,,,,,,,,,,,,,11.30,-,,,,,,,,,,,,,,,,,,,,,,,,,-,-,,,,,,,,,,,,,,,,,,,,,,,,,
,04-22-2015,16:45:39, Lane 1 ,Fwd,FF,,356,2,53,,2,8.23,,,,,,,,,,,,,,,,,,,,,,,,8.23,-,,,,,,,,,,,,,,,,,,,,,,,,,-,-,,,,,,,,,,,,,,,,,,,,,,,,,
,04-22-2015,16:45:40, Lane 1 ,Fwd,FF,,357,5,54,,2,14.07,,,,,,,,,,,,,,,,,,,,,,,,14.07,-,,,,,,,,,,,,,,,,,,,,,,,,,-,-,,,,,,,,,,,,,,,,,,,,,,,,,
,04-22-2015,16:45:41, Lane 1 ,Fwd,FF,,358,2,56,,2,8.88,,,,,,,,,,,,,,,,,,,,,,,,8.88,-,,,,,,,,,,,,,,,,,,,,,,,,,-,-,,,,,,,,,,,,,,,,,,,,,,,,,
,04-22-2015,16:45:46, Lane 1 ,Fwd,FF,,359,2,58,,2,7.69,,,,,,,,,,,,,,,,,,,,,,,,7.69,-,,,,,,,,,,,,,,,,,,,,,,,,,-,-,,,,,,,,,,,,,,,,,,,,,,,,,
,04-22-2015,16:45:47, Lane 1 ,Fwd,FF,,360,2,58,,2,8.62,,,,,,,,,,,,,,,,,,,,,,,,8.62,-,,,,,,,,,,,,,,,,,,,,,,,,,-,-,,,,,,,,,,,,,,,,,,,,,,,,,
,04-22-2015,16:46:38, Lane 1 ,Fwd,FF,,361,2,67,,2,8.85,,,,,,,,,,,,,,,,,,,,,,,,8.85,-,,,,,,,,,,,,,,,,,,,,,,,,,-,-,,,,,,,,,,,,,,,,,,,,,,,,,
,04-22-2015,16:46:40, Lane 1 ,Fwd,FF,,362,2,65,,2,8.57,,,,,,,,,,,,,,,,,,,,,,,,8.57,-,,,,,,,,,,,,,,,,,,,,,,,,,-,-,,,,,,,,,,,,,,,,,,,,,,,,,
,04-22-2015,16:46:52, Lane 1 ,Fwd,FF,,363,3,64,,2,10.49,,,,,,,,,,,,,,,,,,,,,,,,10.49,-,,,,,,,,,,,,,,,,,,,,,,,,,-,-,,,,,,,,,,,,,,,,,,,,,,,,,
,04-22-2015,16:47:03, Lane 1 ,Fwd,FF,,364,3,60,,2,10.86,,,,,,,,,,,,,,,,,,,,,,,,10.86,-,,,,,,,,,,,,,,,,,,,,,,,,,-,-,,,,,,,,,,,,,,,,,,,,,,,,,
,04-22-2015,16:47:05, Lane 1 ,Fwd,FF,,365,2,58,,2,8.68,,,,,,,,,,,,,,,,,,,,,,,,8.68,-,,,,,,,,,,,,,,,,,,,,,,,,,-,-,,,,,,,,,,,,,,,,,,,,,,,,,
,04-22-2015,16:47:08, Lane 1 ,Fwd,FF,,366,3,59,,2,10.26,,,,,,,,,,,,,,,,,,,,,,,,10.26,-,,,,,,,,,,,,,,,,,,,,,,,,,-,-,,,,,,,,,,,,,,,,,,,,,,,,,
,04-22-2015,16:47:10, Lane 1 ,Fwd,FF,,367,2,59,,2,9.91,,,,,,,,,,,,,,,,,,,,,,,,9.91,-,,,,,,,,,,,,,,,,,,,,,,,,,-,-,,,,,,,,,,,,,,,,,,,,,,,,,
,04-22-2015,16:47:11, Lane 1 ,Fwd,FF,,368,2,55,,2,9.42,,,,,,,,,,,,,,,,,,,,,,,,9.42,-,,,,,,,,,,,,,,,,,,,,,,,,,-,-,,,,,,,,,,,,,,,,,,,,,,,,,
,04-22-2015,16:47:17, Lane 1 ,Fwd,FF,,369,2,55,,2,9.00,,,,,,,,,,,,,,,,,,,,,,,,9.00,-,,,,,,,,,,,,,,,,,,,,,,,,,-,-,,,,,,,,,,,,,,,,,,,,,,,,,
,04-22-2015,16:47:18, Lane 1 ,Fwd,FF,,370,3,56,,2,11.43,,,,,,,,,,,,,,,,,,,,,,,,11.43,-,,,,,,,,,,,,,,,,,,,,,,,,,-,-,,,,,,,,,,,,,,,,,,,,,,,,,
,04-22-2015,16:47:40, Lane 1 ,Fwd,FF,,371,3,66,,2,12.87,,,,,,,,,,,,,,,,,,,,,,,,12.87,-,,,,,,,,,,,,,,,,,,,,,,,,,-,-,,,,,,,,,,,,,,,,,,,,,,,,,
,04-22-2015,16:47:45, Lane 1 ,Fwd,FF,,372,2,64,,2,8.60,,,,,,,,,,,,,,,,,,,,,,,,8.60,-,,,,,,,,,,,,,,,,,,,,,,,,,-,-,,,,,,,,,,,,,,,,,,,,,,,,,
,04-22-2015,16:47:55, Lane 1 ,Fwd,FF,,373,3,63,,2,11.82,,,,,,,,,,,,,,,,,,,,,,,,11.82,-,,,,,,,,,,,,,,,,,,,,,,,,,-,-,,,,,,,,,,,,,,,,,,,,,,,,,
,04-22-2015,16:48:32, Lane 1 ,Fwd,FF,,374,2,62,,2,9.92,,,,,,,,,,,,,,,,,,,,,,,,9.92,-,,,,,,,,,,,,,,,,,,,,,,,,,-,-,,,,,,,,,,,,,,,,,,,,,,,,,
,04-22-2015,16:48:33, Lane 1 ,Fwd,FF,,375,2,61,,2,8.87,,,,,,,,,,,,,,,,,,,,,,,,8.87,-,,,,,,,,,,,,,,,,,,,,,,,,,-,-,,,,,,,,,,,,,,,,,,,,,,,,,
,04-22-2015,16:48:35, Lane 1 ,Fwd,FF,,376,3,62,,2,11.46,,,,,,,,,,,,,,,,,,,,,,,,11.46,-,,,,,,,,,,,,,,,,,,,,,,,,,-,-,,,,,,,,,,,,,,,,,,,,,,,,,
,04-22-2015,16:48:36, Lane 1 ,Fwd,FF,,377,2,63,,2,8.68,,,,,,,,,,,,,,,,,,,,,,,,8.68,-,,,,,,,,,,,,,,,,,,,,,,,,,-,-,,,,,,,,,,,,,,,,,,,,,,,,,
,04-22-2015,16:48:37, Lane 1 ,Fwd,FF,,378,2,63,,2,9.05,,,,,,,,,,,,,,,,,,,,,,,,9.05,-,,,,,,,,,,,,,,,,,,,,,,,,,-,-,,,,,,,,,,,,,,,,,,,,,,,,,
,04-22-2015,16:48:39, Lane 1 ,Fwd,FF,,379,2,63,,2,8.37,,,,,,,,,,,,,,,,,,,,,,,,8.37,-,,,,,,,,,,,,,,,,,,,,,,,,,-,-,,,,,,,,,,,,,,,,,,,,,,,,,
,04-22-2015,16:48:54, Lane 1 ,Fwd,FF,,380,2,54,,2,10.17,,,,,,,,,,,,,,,,,,,,,,,,10.17,-,,,,,,,,,,,,,,,,,,,,,,,,,-,-,,,,,,,,,,,,,,,,,,,,,,,,,
,04-22-2015,16:49:01, Lane 1 ,Fwd,FF,,381,2,58,,2,8.60,,,,,,,,,,,,,,,,,,,,,,,,8.60,-,,,,,,,,,,,,,,,,,,,,,,,,,-,-,,,,,,,,,,,,,,,,,,,,,,,,,
,04-22-2015,16:49:23, Lane 1 ,Fwd,FF,,382,2,63,,2,9.07,,,,,,,,,,,,,,,,,,,,,,,,9.07,-,,,,,,,,,,,,,,,,,,,,,,,,,-,-,,,,,,,,,,,,,,,,,,,,,,,,,
,04-22-2015,16:49:28, Lane 1 ,Fwd,FF,,383,2,64,,2,8.60,,,,,,,,,,,,,,,,,,,,,,,,8.60,-,,,,,,,,,,,,,,,,,,,,,,,,,-,-,,,,,,,,,,,,,,,,,,,,,,,,,
,04-22-2015,16:49:31, Lane 1 ,Fwd,FF,,384,2,65,,2,8.67,,,,,,,,,,,,,,,,,,,,,,,,8.67,-,,,,,,,,,,,,,,,,,,,,,,,,,-,-,,,,,,,,,,,,,,,,,,,,,,,,,
,04-22-2015,16:50:05, Lane 1 ,Fwd,FF,,385,5,65,,2,14.38,,,,,,,,,,,,,,,,,,,,,,,,14.38,-,,,,,,,,,,,,,,,,,,,,,,,,,-,-,,,,,,,,,,,,,,,,,,,,,,,,,
,04-22-2015,16:50:08, Lane 1 ,Fwd,FF,,386,3,60,,2,11.83,,,,,,,,,,,,,,,,,,,,,,,,11.83,-,,,,,,,,,,,,,,,,,,,,,,,,,-,-,,,,,,,,,,,,,,,,,,,,,,,,,
,04-22-2015,16:50:36, Lane 1 ,Fwd,FF,,387,3,55,,2,10.87,,,,,,,,,,,,,,,,,,,,,,,,10.87,-,,,,,,,,,,,,,,,,,,,,,,,,,-,-,,,,,,,,,,,,,,,,,,,,,,,,,
,04-22-2015,16:50:37, Lane 1 ,Fwd,FF,,388,2,55,,2,8.92,,,,,,,,,,,,,,,,,,,,,,,,8.92,-,,,,,,,,,,,,,,,,,,,,,,,,,-,-,,,,,,,,,,,,,,,,,,,,,,,,,
,04-22-2015,16:50:38, Lane 1 ,Fwd,FF,,389,2,54,,2,8.26,,,,,,,,,,,,,,,,,,,,,,,,8.26,-,,,,,,,,,,,,,,,,,,,,,,,,,-,-,,,,,,,,,,,,,,,,,,,,,,,,,
,04-22-2015,16:50:40, Lane 1 ,Fwd,FF,,390,2,52,,2,8.89,,,,,,,,,,,,,,,,,,,,,,,,8.89,-,,,,,,,,,,,,,,,,,,,,,,,,,-,-,,,,,,,,,,,,,,,,,,,,,,,,,
,04-22-2015,16:50:41, Lane 1 ,Fwd,FF,,391,3,52,,2,11.93,,,,,,,,,,,,,,,,,,,,,,,,11.93,-,,,,,,,,,,,,,,,,,,,,,,,,,-,-,,,,,,,,,,,,,,,,,,,,,,,,,
,04-22-2015,16:50:42, Lane 1 ,Fwd,FF,,392,2,50,,2,8.84,,,,,,,,,,,,,,,,,,,,,,,,8.84,-,,,,,,,,,,,,,,,,,,,,,,,,,-,-,,,,,,,,,,,,,,,,,,,,,,,,,
,04-22-2015,16:50:48, Lane 1 ,Fwd,FF,,393,3,57,,2,11.92,,,,,,,,,,,,,,,,,,,,,,,,11.92,-,,,,,,,,,,,,,,,,,,,,,,,,,-,-,,,,,,,,,,,,,,,,,,,,,,,,,
,04-22-2015,16:50:56, Lane 1 ,Fwd,FF,,394,2,53,,2,9.04,,,,,,,,,,,,,,,,,,,,,,,,9.04,-,,,,,,,,,,,,,,,,,,,,,,,,,-,-,,,,,,,,,,,,,,,,,,,,,,,,,
,04-22-2015,16:50:59, Lane 1 ,Fwd,FF,,395,2,58,,2,8.51,,,,,,,,,,,,,,,,,,,,,,,,8.51,-,,,,,,,,,,,,,,,,,,,,,,,,,-,-,,,,,,,,,,,,,,,,,,,,,,,,,
,04-22-2015,16:51:02, Lane 1 ,Fwd,FF,,396,2,60,,2,8.91,,,,,,,,,,,,,,,,,,,,,,,,8.91,-,,,,,,,,,,,,,,,,,,,,,,,,,-,-,,,,,,,,,,,,,,,,,,,,,,,,,
,04-22-2015,16:51:20, Lane 1 ,Fwd,FF,,397,2,55,,2,8.62,,,,,,,,,,,,,,,,,,,,,,,,8.62,-,,,,,,,,,,,,,,,,,,,,,,,,,-,-,,,,,,,,,,,,,,,,,,,,,,,,,
,04-22-2015,16:51:49, Lane 1 ,Fwd,FF,,398,2,63,,2,8.75,,,,,,,,,,,,,,,,,,,,,,,,8.75,-,,,,,,,,,,,,,,,,,,,,,,,,,-,-,,,,,,,,,,,,,,,,,,,,,,,,,
,04-22-2015,16:51:55, Lane 1 ,Fwd,FF,,399,3,63,,2,10.89,,,,,,,,,,,,,,,,,,,,,,,,10.89,-,,,,,,,,,,,,,,,,,,,,,,,,,-,-,,,,,,,,,,,,,,,,,,,,,,,,,
,04-22-2015,16:52:13, Lane 1 ,Fwd,FF,,400,2,57,,2,8.89,,,,,,,,,,,,,,,,,,,,,,,,8.89,-,,,,,,,,,,,,,,,,,,,,,,,,,-,-,,,,,,,,,,,,,,,,,,,,,,,,,
,04-22-2015,16:52:21, Lane 1 ,Fwd,FF,,401,2,57,,2,9.23,,,,,,,,,,,,,,,,,,,,,,,,9.23,-,,,,,,,,,,,,,,,,,,,,,,,,,-,-,,,,,,,,,,,,,,,,,,,,,,,,,
,04-22-2015,16:52:25, Lane 1 ,Fwd,FF,,402,3,59,,2,12.70,,,,,,,,,,,,,,,,,,,,,,,,12.70,-,,,,,,,,,,,,,,,,,,,,,,,,,-,-,,,,,,,,,,,,,,,,,,,,,,,,,
,04-22-2015,16:52:27, Lane 1 ,Fwd,FF,,403,2,58,,2,9.09,,,,,,,,,,,,,,,,,,,,,,,,9.09,-,,,,,,,,,,,,,,,,,,,,,,,,,-,-,,,,,,,,,,,,,,,,,,,,,,,,,
,04-22-2015,16:52:31, Lane 1 ,Fwd,FF,,404,3,60,,2,11.74,,,,,,,,,,,,,,,,,,,,,,,,11.74,-,,,,,,,,,,,,,,,,,,,,,,,,,-,-,,,,,,,,,,,,,,,,,,,,,,,,,
,04-22-2015,16:52:33, Lane 1 ,Fwd,FF,,405,3,63,,2,10.63,,,,,,,,,,,,,,,,,,,,,,,,10.63,-,,,,,,,,,,,,,,,,,,,,,,,,,-,-,,,,,,,,,,,,,,,,,,,,,,,,,
,04-22-2015,16:52:34, Lane 1 ,Fwd,FF,,406,2,61,,2,8.71,,,,,,,,,,,,,,,,,,,,,,,,8.71,-,,,,,,,,,,,,,,,,,,,,,,,,,-,-,,,,,,,,,,,,,,,,,,,,,,,,,
,04-22-2015,16:52:37, Lane 1 ,Fwd,FF,,407,2,60,,2,8.41,,,,,,,,,,,,,,,,,,,,,,,,8.41,-,,,,,,,,,,,,,,,,,,,,,,,,,-,-,,,,,,,,,,,,,,,,,,,,,,,,,
,04-22-2015,16:52:38, Lane 1 ,Fwd,FF,,408,2,59,,2,8.64,,,,,,,,,,,,,,,,,,,,,,,,8.64,-,,,,,,,,,,,,,,,,,,,,,,,,,-,-,,,,,,,,,,,,,,,,,,,,,,,,,
,04-22-2015,16:52:39, Lane 1 ,Fwd,FF,,409,2,60,,2,9.09,,,,,,,,,,,,,,,,,,,,,,,,9.09,-,,,,,,,,,,,,,,,,,,,,,,,,,-,-,,,,,,,,,,,,,,,,,,,,,,,,,
,04-22-2015,16:52:41, Lane 1 ,Fwd,FF,,410,2,61,,2,8.44,,,,,,,,,,,,,,,,,,,,,,,,8.44,-,,,,,,,,,,,,,,,,,,,,,,,,,-,-,,,,,,,,,,,,,,,,,,,,,,,,,
,04-22-2015,16:52:47, Lane 1 ,Fwd,FF,,411,3,59,,2,10.52,,,,,,,,,,,,,,,,,,,,,,,,10.52,-,,,,,,,,,,,,,,,,,,,,,,,,,-,-,,,,,,,,,,,,,,,,,,,,,,,,,
,04-22-2015,16:52:56, Lane 1 ,Fwd,FF,,412,2,54,,2,8.29,,,,,,,,,,,,,,,,,,,,,,,,8.29,-,,,,,,,,,,,,,,,,,,,,,,,,,-,-,,,,,,,,,,,,,,,,,,,,,,,,,
,04-22-2015,16:53:00, Lane 1 ,Fwd,FF,,413,2,60,,2,8.94,,,,,,,,,,,,,,,,,,,,,,,,8.94,-,,,,,,,,,,,,,,,,,,,,,,,,,-,-,,,,,,,,,,,,,,,,,,,,,,,,,
,04-22-2015,16:53:01, Lane 1 ,Fwd,FF,,414,2,58,,2,8.96,,,,,,,,,,,,,,,,,,,,,,,,8.96,-,,,,,,,,,,,,,,,,,,,,,,,,,-,-,,,,,,,,,,,,,,,,,,,,,,,,,
,04-22-2015,16:53:06, Lane 1 ,Fwd,FF,,415,2,56,,2,9.71,,,,,,,,,,,,,,,,,,,,,,,,9.71,-,,,,,,,,,,,,,,,,,,,,,,,,,-,-,,,,,,,,,,,,,,,,,,,,,,,,,
,04-22-2015,16:53:08, Lane 1 ,Fwd,FF,,416,2,59,,2,8.52,,,,,,,,,,,,,,,,,,,,,,,,8.52,-,,,,,,,,,,,,,,,,,,,,,,,,,-,-,,,,,,,,,,,,,,,,,,,,,,,,,
,04-22-2015,16:53:09, Lane 1 ,Fwd,FF,,417,2,62,,2,8.91,,,,,,,,,,,,,,,,,,,,,,,,8.91,-,,,,,,,,,,,,,,,,,,,,,,,,,-,-,,,,,,,,,,,,,,,,,,,,,,,,,
,04-22-2015,16:53:19, Lane 1 ,Fwd,FF,,418,3,61,,2,12.27,,,,,,,,,,,,,,,,,,,,,,,,12.27,-,,,,,,,,,,,,,,,,,,,,,,,,,-,-,,,,,,,,,,,,,,,,,,,,,,,,,
,04-22-2015,16:53:20, Lane 1 ,Fwd,FF,,419,2,63,,2,8.68,,,,,,,,,,,,,,,,,,,,,,,,8.68,-,,,,,,,,,,,,,,,,,,,,,,,,,-,-,,,,,,,,,,,,,,,,,,,,,,,,,
,04-22-2015,16:53:23, Lane 1 ,Fwd,FF,,420,3,63,,2,10.35,,,,,,,,,,,,,,,,,,,,,,,,10.35,-,,,,,,,,,,,,,,,,,,,,,,,,,-,-,,,,,,,,,,,,,,,,,,,,,,,,,
,04-22-2015,16:54:01, Lane 1 ,Fwd,FF,,421,3,56,,2,12.82,,,,,,,,,,,,,,,,,,,,,,,,12.82,-,,,,,,,,,,,,,,,,,,,,,,,,,-,-,,,,,,,,,,,,,,,,,,,,,,,,,
,04-22-2015,16:54:02, Lane 1 ,Fwd,FF,,422,2,56,,2,8.77,,,,,,,,,,,,,,,,,,,,,,,,8.77,-,,,,,,,,,,,,,,,,,,,,,,,,,-,-,,,,,,,,,,,,,,,,,,,,,,,,,
,04-22-2015,16:54:04, Lane 1 ,Fwd,FF,,423,3,57,,2,12.59,,,,,,,,,,,,,,,,,,,,,,,,12.59,-,,,,,,,,,,,,,,,,,,,,,,,,,-,-,,,,,,,,,,,,,,,,,,,,,,,,,
,04-22-2015,16:54:45, Lane 1 ,Fwd,FF,,424,2,52,,2,8.76,,,,,,,,,,,,,,,,,,,,,,,,8.76,-,,,,,,,,,,,,,,,,,,,,,,,,,-,-,,,,,,,,,,,,,,,,,,,,,,,,,
,04-22-2015,16:54:47, Lane 1 ,Fwd,FF,,425,2,55,,2,8.40,,,,,,,,,,,,,,,,,,,,,,,,8.40,-,,,,,,,,,,,,,,,,,,,,,,,,,-,-,,,,,,,,,,,,,,,,,,,,,,,,,
,04-22-2015,16:54:51, Lane 1 ,Fwd,FF,,426,2,58,,2,8.79,,,,,,,,,,,,,,,,,,,,,,,,8.79,-,,,,,,,,,,,,,,,,,,,,,,,,,-,-,,,,,,,,,,,,,,,,,,,,,,,,,
,04-22-2015,16:54:53, Lane 1 ,Fwd,FF,,427,2,57,,2,9.25,,,,,,,,,,,,,,,,,,,,,,,,9.25,-,,,,,,,,,,,,,,,,,,,,,,,,,-,-,,,,,,,,,,,,,,,,,,,,,,,,,
,04-22-2015,16:54:56, Lane 1 ,Fwd,FF,,428,2,58,,2,9.00,,,,,,,,,,,,,,,,,,,,,,,,9.00,-,,,,,,,,,,,,,,,,,,,,,,,,,-,-,,,,,,,,,,,,,,,,,,,,,,,,,
,04-22-2015,16:54:57, Lane 1 ,Fwd,FF,,429,2,57,,2,9.40,,,,,,,,,,,,,,,,,,,,,,,,9.40,-,,,,,,,,,,,,,,,,,,,,,,,,,-,-,,,,,,,,,,,,,,,,,,,,,,,,,
,04-22-2015,16:55:37, Lane 1 ,Fwd,FF,,430,3,68,,2,11.80,,,,,,,,,,,,,,,,,,,,,,,,11.80,-,,,,,,,,,,,,,,,,,,,,,,,,,-,-,,,,,,,,,,,,,,,,,,,,,,,,,
,04-22-2015,16:55:50, Lane 1 ,Fwd,FF,,431,2,59,,2,9.22,,,,,,,,,,,,,,,,,,,,,,,,9.22,-,,,,,,,,,,,,,,,,,,,,,,,,,-,-,,,,,,,,,,,,,,,,,,,,,,,,,
,04-22-2015,16:56:23, Lane 1 ,Fwd,FF,,432,2,61,,2,8.53,,,,,,,,,,,,,,,,,,,,,,,,8.53,-,,,,,,,,,,,,,,,,,,,,,,,,,-,-,,,,,,,,,,,,,,,,,,,,,,,,,
,04-22-2015,16:57:09, Lane 1 ,Fwd,FF,,433,3,51,,4,10.67,16.82,2.74,,,,,,,,,,,,,,,,,,,,,,30.23,-,,,,,,,,,,,,,,,,,,,,,,,,,-,-,,,,,,,,,,,,,,,,,,,,,,,,,
,04-22-2015,16:57:11, Lane 1 ,Fwd,FF,,434,2,49,,2,8.39,,,,,,,,,,,,,,,,,,,,,,,,8.39,-,,,,,,,,,,,,,,,,,,,,,,,,,-,-,,,,,,,,,,,,,,,,,,,,,,,,,
,04-22-2015,16:57:13, Lane 1 ,Fwd,FF,,435,2,52,,2,8.28,,,,,,,,,,,,,,,,,,,,,,,,8.28,-,,,,,,,,,,,,,,,,,,,,,,,,,-,-,,,,,,,,,,,,,,,,,,,,,,,,,
,04-22-2015,16:57:15, Lane 1 ,Fwd,FF,,436,3,55,,2,12.00,,,,,,,,,,,,,,,,,,,,,,,,12.00,-,,,,,,,,,,,,,,,,,,,,,,,,,-,-,,,,,,,,,,,,,,,,,,,,,,,,,
,04-22-2015,16:57:17, Lane 1 ,Fwd,FF,,437,2,56,,2,9.19,,,,,,,,,,,,,,,,,,,,,,,,9.19,-,,,,,,,,,,,,,,,,,,,,,,,,,-,-,,,,,,,,,,,,,,,,,,,,,,,,,
,04-22-2015,16:57:19, Lane 1 ,Fwd,FF,,438,3,57,,2,11.75,,,,,,,,,,,,,,,,,,,,,,,,11.75,-,,,,,,,,,,,,,,,,,,,,,,,,,-,-,,,,,,,,,,,,,,,,,,,,,,,,,
,04-22-2015,16:57:22, Lane 1 ,Fwd,FF,,439,2,62,,2,9.02,,,,,,,,,,,,,,,,,,,,,,,,9.02,-,,,,,,,,,,,,,,,,,,,,,,,,,-,-,,,,,,,,,,,,,,,,,,,,,,,,,
,04-22-2015,16:57:24, Lane 1 ,Fwd,FF,,440,8,61,,3,11.82,19.44,,,,,,,,,,,,,,,,,,,,,,,31.26,-,,,,,,,,,,,,,,,,,,,,,,,,,-,-,,,,,,,,,,,,,,,,,,,,,,,,,
,04-22-2015,16:57:26, Lane 1 ,Fwd,FF,,441,2,62,,2,8.73,,,,,,,,,,,,,,,,,,,,,,,,8.73,-,,,,,,,,,,,,,,,,,,,,,,,,,-,-,,,,,,,,,,,,,,,,,,,,,,,,,
,04-22-2015,16:57:34, Lane 1 ,Fwd,FF,,442,3,54,,2,10.90,,,,,,,,,,,,,,,,,,,,,,,,10.90,-,,,,,,,,,,,,,,,,,,,,,,,,,-,-,,,,,,,,,,,,,,,,,,,,,,,,,
,04-22-2015,16:57:36, Lane 1 ,Fwd,FF,,443,2,55,,2,8.46,,,,,,,,,,,,,,,,,,,,,,,,8.46,-,,,,,,,,,,,,,,,,,,,,,,,,,-,-,,,,,,,,,,,,,,,,,,,,,,,,,
,04-22-2015,16:57:39, Lane 1 ,Fwd,FF,,444,2,55,,2,9.12,,,,,,,,,,,,,,,,,,,,,,,,9.12,-,,,,,,,,,,,,,,,,,,,,,,,,,-,-,,,,,,,,,,,,,,,,,,,,,,,,,
,04-22-2015,16:57:49, Lane 1 ,Fwd,FF,,445,3,58,,2,11.83,,,,,,,,,,,,,,,,,,,,,,,,11.83,-,,,,,,,,,,,,,,,,,,,,,,,,,-,-,,,,,,,,,,,,,,,,,,,,,,,,,
,04-22-2015,16:57:55, Lane 1 ,Fwd,FF,,446,5,63,,2,14.40,,,,,,,,,,,,,,,,,,,,,,,,14.40,-,,,,,,,,,,,,,,,,,,,,,,,,,-,-,,,,,,,,,,,,,,,,,,,,,,,,,
,04-22-2015,16:58:06, Lane 1 ,Fwd,FF,,447,3,61,,2,10.67,,,,,,,,,,,,,,,,,,,,,,,,10.67,-,,,,,,,,,,,,,,,,,,,,,,,,,-,-,,,,,,,,,,,,,,,,,,,,,,,,,
,04-22-2015,16:58:16, Lane 1 ,Fwd,FF,,448,2,60,,2,8.65,,,,,,,,,,,,,,,,,,,,,,,,8.65,-,,,,,,,,,,,,,,,,,,,,,,,,,-,-,,,,,,,,,,,,,,,,,,,,,,,,,
,04-22-2015,16:58:32, Lane 1 ,Rev,FF,,449,2,61,,2,9.07,,,,,,,,,,,,,,,,,,,,,,,,9.07,-,,,,,,,,,,,,,,,,,,,,,,,,,-,-,,,,,,,,,,,,,,,,,,,,,,,,,
,04-22-2015,16:59:12, Lane 1 ,Fwd,FF,,450,3,55,,2,11.04,,,,,,,,,,,,,,,,,,,,,,,,11.04,-,,,,,,,,,,,,,,,,,,,,,,,,,-,-,,,,,,,,,,,,,,,,,,,,,,,,,
,04-22-2015,16:59:13, Lane 1 ,Fwd,FF,,451,2,54,,2,8.82,,,,,,,,,,,,,,,,,,,,,,,,8.82,-,,,,,,,,,,,,,,,,,,,,,,,,,-,-,,,,,,,,,,,,,,,,,,,,,,,,,
,04-22-2015,16:59:22, Lane 1 ,Fwd,FF,,452,3,58,,3,12.94,16.55,,,,,,,,,,,,,,,,,,,,,,,29.49,-,,,,,,,,,,,,,,,,,,,,,,,,,-,-,,,,,,,,,,,,,,,,,,,,,,,,,
,04-22-2015,16:59:29, Lane 1 ,Fwd,FF,,453,9,57,,5,14.77,4.11,34.66,3.94,,,,,,,,,,,,,,,,,,,,,57.48,-,,,,,,,,,,,,,,,,,,,,,,,,,-,-,,,,,,,,,,,,,,,,,,,,,,,,,
,04-22-2015,16:59:33, Lane 1 ,Fwd,FF,,454,3,56,,2,11.75,,,,,,,,,,,,,,,,,,,,,,,,11.75,-,,,,,,,,,,,,,,,,,,,,,,,,,-,-,,,,,,,,,,,,,,,,,,,,,,,,,
,04-22-2015,16:59:34, Lane 1 ,Fwd,FF,,455,2,53,,2,8.44,,,,,,,,,,,,,,,,,,,,,,,,8.44,-,,,,,,,,,,,,,,,,,,,,,,,,,-,-,,,,,,,,,,,,,,,,,,,,,,,,,
,04-22-2015,16:59:35, Lane 1 ,Fwd,FF,,456,2,53,,2,9.12,,,,,,,,,,,,,,,,,,,,,,,,9.12,-,,,,,,,,,,,,,,,,,,,,,,,,,-,-,,,,,,,,,,,,,,,,,,,,,,,,,
,04-22-2015,16:59:38, Lane 1 ,Fwd,FF,,457,2,46,,2,8.88,,,,,,,,,,,,,,,,,,,,,,,,8.88,-,,,,,,,,,,,,,,,,,,,,,,,,,-,-,,,,,,,,,,,,,,,,,,,,,,,,,
,04-22-2015,16:59:39, Lane 1 ,Fwd,FF,,458,2,45,,2,8.55,,,,,,,,,,,,,,,,,,,,,,,,8.55,-,,,,,,,,,,,,,,,,,,,,,,,,,-,-,,,,,,,,,,,,,,,,,,,,,,,,,
,04-22-2015,16:59:40, Lane 1 ,Fwd,FF,,459,2,48,,2,8.73,,,,,,,,,,,,,,,,,,,,,,,,8.73,-,,,,,,,,,,,,,,,,,,,,,,,,,-,-,,,,,,,,,,,,,,,,,,,,,,,,,
,04-22-2015,16:59:52, Lane 1 ,Fwd,FF,,460,3,62,,2,11.18,,,,,,,,,,,,,,,,,,,,,,,,11.18,-,,,,,,,,,,,,,,,,,,,,,,,,,-,-,,,,,,,,,,,,,,,,,,,,,,,,,
,04-22-2015,16:59:54, Lane 1 ,Fwd,FF,,461,3,61,,2,12.54,,,,,,,,,,,,,,,,,,,,,,,,12.54,-,,,,,,,,,,,,,,,,,,,,,,,,,-,-,,,,,,,,,,,,,,,,,,,,,,,,,
,04-22-2015,16:59:57, Lane 1 ,Fwd,FF,,462,2,58,,2,8.79,,,,,,,,,,,,,,,,,,,,,,,,8.79,-,,,,,,,,,,,,,,,,,,,,,,,,,-,-,,,,,,,,,,,,,,,,,,,,,,,,,
,04-22-2015,17:00:02, Lane 1 ,Fwd,FF,,1,2,62,,2,8.27,,,,,,,,,,,,,,,,,,,,,,,,8.27,-,,,,,,,,,,,,,,,,,,,,,,,,,-,-,,,,,,,,,,,,,,,,,,,,,,,,,
,04-22-2015,17:00:04, Lane 1 ,Fwd,FF,,2,2,61,,2,8.27,,,,,,,,,,,,,,,,,,,,,,,,8.27,-,,,,,,,,,,,,,,,,,,,,,,,,,-,-,,,,,,,,,,,,,,,,,,,,,,,,,
,04-22-2015,17:00:08, Lane 1 ,Fwd,FF,,3,2,60,,2,8.74,,,,,,,,,,,,,,,,,,,,,,,,8.74,-,,,,,,,,,,,,,,,,,,,,,,,,,-,-,,,,,,,,,,,,,,,,,,,,,,,,,
,04-22-2015,17:00:23, Lane 1 ,Fwd,FF,,4,3,63,,2,11.82,,,,,,,,,,,,,,,,,,,,,,,,11.82,-,,,,,,,,,,,,,,,,,,,,,,,,,-,-,,,,,,,,,,,,,,,,,,,,,,,,,
,04-22-2015,17:00:42, Lane 1 ,Fwd,FF,,5,2,58,,2,8.96,,,,,,,,,,,,,,,,,,,,,,,,8.96,-,,,,,,,,,,,,,,,,,,,,,,,,,-,-,,,,,,,,,,,,,,,,,,,,,,,,,
,04-22-2015,17:00:43, Lane 1 ,Fwd,FF,,6,2,58,,2,8.45,,,,,,,,,,,,,,,,,,,,,,,,8.45,-,,,,,,,,,,,,,,,,,,,,,,,,,-,-,,,,,,,,,,,,,,,,,,,,,,,,,
,04-22-2015,17:00:48, Lane 1 ,Fwd,FF,,7,2,56,,2,9.78,,,,,,,,,,,,,,,,,,,,,,,,9.78,-,,,,,,,,,,,,,,,,,,,,,,,,,-,-,,,,,,,,,,,,,,,,,,,,,,,,,
,04-22-2015,17:00:51, Lane 1 ,Fwd,FF,,8,2,54,,2,9.10,,,,,,,,,,,,,,,,,,,,,,,,9.10,-,,,,,,,,,,,,,,,,,,,,,,,,,-,-,,,,,,,,,,,,,,,,,,,,,,,,,
,04-22-2015,17:00:53, Lane 1 ,Fwd,FF,,9,2,55,,2,9.32,,,,,,,,,,,,,,,,,,,,,,,,9.32,-,,,,,,,,,,,,,,,,,,,,,,,,,-,-,,,,,,,,,,,,,,,,,,,,,,,,,
,04-22-2015,17:00:54, Lane 1 ,Fwd,FF,,10,2,58,,2,8.14,,,,,,,,,,,,,,,,,,,,,,,,8.14,-,,,,,,,,,,,,,,,,,,,,,,,,,-,-,,,,,,,,,,,,,,,,,,,,,,,,,
,04-22-2015,17:00:55, Lane 1 ,Fwd,FF,,11,3,58,,2,10.99,,,,,,,,,,,,,,,,,,,,,,,,10.99,-,,,,,,,,,,,,,,,,,,,,,,,,,-,-,,,,,,,,,,,,,,,,,,,,,,,,,
,04-22-2015,17:00:56, Lane 1 ,Fwd,FF,,12,3,57,,2,10.25,,,,,,,,,,,,,,,,,,,,,,,,10.25,-,,,,,,,,,,,,,,,,,,,,,,,,,-,-,,,,,,,,,,,,,,,,,,,,,,,,,
,04-22-2015,17:01:15, Lane 1 ,Fwd,FF,,13,2,64,,2,8.72,,,,,,,,,,,,,,,,,,,,,,,,8.72,-,,,,,,,,,,,,,,,,,,,,,,,,,-,-,,,,,,,,,,,,,,,,,,,,,,,,,
,04-22-2015,17:01:16, Lane 1 ,Fwd,FF,,14,2,63,,2,8.98,,,,,,,,,,,,,,,,,,,,,,,,8.98,-,,,,,,,,,,,,,,,,,,,,,,,,,-,-,,,,,,,,,,,,,,,,,,,,,,,,,
,04-22-2015,17:01:23, Lane 1 ,Fwd,FF,,15,2,62,,2,9.02,,,,,,,,,,,,,,,,,,,,,,,,9.02,-,,,,,,,,,,,,,,,,,,,,,,,,,-,-,,,,,,,,,,,,,,,,,,,,,,,,,
,04-22-2015,17:01:25, Lane 1 ,Fwd,FF,,16,2,60,,2,8.76,,,,,,,,,,,,,,,,,,,,,,,,8.76,-,,,,,,,,,,,,,,,,,,,,,,,,,-,-,,,,,,,,,,,,,,,,,,,,,,,,,
,04-22-2015,17:01:27, Lane 1 ,Fwd,FF,,17,3,62,,2,11.73,,,,,,,,,,,,,,,,,,,,,,,,11.73,-,,,,,,,,,,,,,,,,,,,,,,,,,-,-,,,,,,,,,,,,,,,,,,,,,,,,,
,04-22-2015,17:01:32, Lane 1 ,Fwd,FF,,18,2,62,,2,9.09,,,,,,,,,,,,,,,,,,,,,,,,9.09,-,,,,,,,,,,,,,,,,,,,,,,,,,-,-,,,,,,,,,,,,,,,,,,,,,,,,,
,04-22-2015,17:01:34, Lane 1 ,Fwd,FF,,19,3,58,,2,11.83,,,,,,,,,,,,,,,,,,,,,,,,11.83,-,,,,,,,,,,,,,,,,,,,,,,,,,-,-,,,,,,,,,,,,,,,,,,,,,,,,,
,04-22-2015,17:01:35, Lane 1 ,Fwd,FF,,20,5,59,,2,16.75,,,,,,,,,,,,,,,,,,,,,,,,16.75,-,,,,,,,,,,,,,,,,,,,,,,,,,-,-,,,,,,,,,,,,,,,,,,,,,,,,,
,04-22-2015,17:02:05, Lane 1 ,Fwd,FF,,21,2,50,,2,9.00,,,,,,,,,,,,,,,,,,,,,,,,9.00,-,,,,,,,,,,,,,,,,,,,,,,,,,-,-,,,,,,,,,,,,,,,,,,,,,,,,,
,04-22-2015,17:02:09, Lane 1 ,Fwd,FF,,22,3,57,,2,11.25,,,,,,,,,,,,,,,,,,,,,,,,11.25,-,,,,,,,,,,,,,,,,,,,,,,,,,-,-,,,,,,,,,,,,,,,,,,,,,,,,,
,04-22-2015,17:02:10, Lane 1 ,Fwd,FF,,23,2,56,,2,8.71,,,,,,,,,,,,,,,,,,,,,,,,8.71,-,,,,,,,,,,,,,,,,,,,,,,,,,-,-,,,,,,,,,,,,,,,,,,,,,,,,,
,04-22-2015,17:02:12, Lane 1 ,Fwd,FF,,24,2,57,,2,9.31,,,,,,,,,,,,,,,,,,,,,,,,9.31,-,,,,,,,,,,,,,,,,,,,,,,,,,-,-,,,,,,,,,,,,,,,,,,,,,,,,,
,04-22-2015,17:02:28, Lane 1 ,Fwd,FF,,25,2,61,,2,9.76,,,,,,,,,,,,,,,,,,,,,,,,9.76,-,,,,,,,,,,,,,,,,,,,,,,,,,-,-,,,,,,,,,,,,,,,,,,,,,,,,,
,04-22-2015,17:02:33, Lane 1 ,Fwd,FF,,26,2,62,,2,8.37,,,,,,,,,,,,,,,,,,,,,,,,8.37,-,,,,,,,,,,,,,,,,,,,,,,,,,-,-,,,,,,,,,,,,,,,,,,,,,,,,,
,04-22-2015,17:02:45, Lane 1 ,Fwd,FF,,27,2,55,,2,8.68,,,,,,,,,,,,,,,,,,,,,,,,8.68,-,,,,,,,,,,,,,,,,,,,,,,,,,-,-,,,,,,,,,,,,,,,,,,,,,,,,,
,04-22-2015,17:02:57, Lane 1 ,Fwd,FF,,28,3,53,,2,12.93,,,,,,,,,,,,,,,,,,,,,,,,12.93,-,,,,,,,,,,,,,,,,,,,,,,,,,-,-,,,,,,,,,,,,,,,,,,,,,,,,,
,04-22-2015,17:03:11, Lane 1 ,Fwd,FF,,29,2,59,,2,9.91,,,,,,,,,,,,,,,,,,,,,,,,9.91,-,,,,,,,,,,,,,,,,,,,,,,,,,-,-,,,,,,,,,,,,,,,,,,,,,,,,,
,04-22-2015,17:03:14, Lane 1 ,Fwd,FF,,30,2,68,,2,9.20,,,,,,,,,,,,,,,,,,,,,,,,9.20,-,,,,,,,,,,,,,,,,,,,,,,,,,-,-,,,,,,,,,,,,,,,,,,,,,,,,,
,04-22-2015,17:03:22, Lane 1 ,Fwd,FF,,31,2,62,,2,9.74,,,,,,,,,,,,,,,,,,,,,,,,9.74,-,,,,,,,,,,,,,,,,,,,,,,,,,-,-,,,,,,,,,,,,,,,,,,,,,,,,,
,04-22-2015,17:03:29, Lane 1 ,Fwd,FF,,32,2,59,,2,9.05,,,,,,,,,,,,,,,,,,,,,,,,9.05,-,,,,,,,,,,,,,,,,,,,,,,,,,-,-,,,,,,,,,,,,,,,,,,,,,,,,,
,04-22-2015,17:03:31, Lane 1 ,Fwd,FF,,33,2,57,,2,9.82,,,,,,,,,,,,,,,,,,,,,,,,9.82,-,,,,,,,,,,,,,,,,,,,,,,,,,-,-,,,,,,,,,,,,,,,,,,,,,,,,,
,04-22-2015,17:03:33, Lane 1 ,Fwd,FF,,34,2,58,,2,9.04,,,,,,,,,,,,,,,,,,,,,,,,9.04,-,,,,,,,,,,,,,,,,,,,,,,,,,-,-,,,,,,,,,,,,,,,,,,,,,,,,,
,04-22-2015,17:03:35, Lane 1 ,Fwd,FF,,35,2,60,,2,8.41,,,,,,,,,,,,,,,,,,,,,,,,8.41,-,,,,,,,,,,,,,,,,,,,,,,,,,-,-,,,,,,,,,,,,,,,,,,,,,,,,,
,04-22-2015,17:03:52, Lane 1 ,Fwd,FF,,36,2,52,,2,9.06,,,,,,,,,,,,,,,,,,,,,,,,9.06,-,,,,,,,,,,,,,,,,,,,,,,,,,-,-,,,,,,,,,,,,,,,,,,,,,,,,,
,04-22-2015,17:03:54, Lane 1 ,Fwd,FF,,37,2,50,,2,8.73,,,,,,,,,,,,,,,,,,,,,,,,8.73,-,,,,,,,,,,,,,,,,,,,,,,,,,-,-,,,,,,,,,,,,,,,,,,,,,,,,,
,04-22-2015,17:03:55, Lane 1 ,Fwd,FF,,38,2,51,,2,9.90,,,,,,,,,,,,,,,,,,,,,,,,9.90,-,,,,,,,,,,,,,,,,,,,,,,,,,-,-,,,,,,,,,,,,,,,,,,,,,,,,,
,04-22-2015,17:03:56, Lane 1 ,Fwd,FF,,39,3,50,,2,11.49,,,,,,,,,,,,,,,,,,,,,,,,11.49,-,,,,,,,,,,,,,,,,,,,,,,,,,-,-,,,,,,,,,,,,,,,,,,,,,,,,,
,04-22-2015,17:03:58, Lane 1 ,Fwd,FF,,40,2,50,,2,9.24,,,,,,,,,,,,,,,,,,,,,,,,9.24,-,,,,,,,,,,,,,,,,,,,,,,,,,-,-,,,,,,,,,,,,,,,,,,,,,,,,,
,04-22-2015,17:03:59, Lane 1 ,Fwd,FF,,41,2,51,,2,8.74,,,,,,,,,,,,,,,,,,,,,,,,8.74,-,,,,,,,,,,,,,,,,,,,,,,,,,-,-,,,,,,,,,,,,,,,,,,,,,,,,,
,04-22-2015,17:04:01, Lane 1 ,Fwd,FF,,42,3,46,,2,12.47,,,,,,,,,,,,,,,,,,,,,,,,12.47,-,,,,,,,,,,,,,,,,,,,,,,,,,-,-,,,,,,,,,,,,,,,,,,,,,,,,,
,04-22-2015,17:04:04, Lane 1 ,Fwd,FF,,43,2,49,,2,8.75,,,,,,,,,,,,,,,,,,,,,,,,8.75,-,,,,,,,,,,,,,,,,,,,,,,,,,-,-,,,,,,,,,,,,,,,,,,,,,,,,,
,04-22-2015,17:04:06, Lane 1 ,Fwd,FF,,44,2,54,,2,9.18,,,,,,,,,,,,,,,,,,,,,,,,9.18,-,,,,,,,,,,,,,,,,,,,,,,,,,-,-,,,,,,,,,,,,,,,,,,,,,,,,,
,04-22-2015,17:04:09, Lane 1 ,Fwd,FF,,45,2,50,,2,9.07,,,,,,,,,,,,,,,,,,,,,,,,9.07,-,,,,,,,,,,,,,,,,,,,,,,,,,-,-,,,,,,,,,,,,,,,,,,,,,,,,,
,04-22-2015,17:04:10, Lane 1 ,Fwd,FF,,46,2,51,,2,9.11,,,,,,,,,,,,,,,,,,,,,,,,9.11,-,,,,,,,,,,,,,,,,,,,,,,,,,-,-,,,,,,,,,,,,,,,,,,,,,,,,,
,04-22-2015,17:04:11, Lane 1 ,Fwd,FF,,47,3,50,,2,10.61,,,,,,,,,,,,,,,,,,,,,,,,10.61,-,,,,,,,,,,,,,,,,,,,,,,,,,-,-,,,,,,,,,,,,,,,,,,,,,,,,,
,04-22-2015,17:04:13, Lane 1 ,Fwd,FF,,48,2,51,,2,8.42,,,,,,,,,,,,,,,,,,,,,,,,8.42,-,,,,,,,,,,,,,,,,,,,,,,,,,-,-,,,,,,,,,,,,,,,,,,,,,,,,,
,04-22-2015,17:04:53, Lane 1 ,Fwd,FF,,49,2,50,,2,10.03,,,,,,,,,,,,,,,,,,,,,,,,10.03,-,,,,,,,,,,,,,,,,,,,,,,,,,-,-,,,,,,,,,,,,,,,,,,,,,,,,,
,04-22-2015,17:04:55, Lane 1 ,Fwd,FF,,50,2,52,,2,8.73,,,,,,,,,,,,,,,,,,,,,,,,8.73,-,,,,,,,,,,,,,,,,,,,,,,,,,-,-,,,,,,,,,,,,,,,,,,,,,,,,,
,04-22-2015,17:05:00, Lane 1 ,Fwd,FF,,51,2,52,,2,8.51,,,,,,,,,,,,,,,,,,,,,,,,8.51,-,,,,,,,,,,,,,,,,,,,,,,,,,-,-,,,,,,,,,,,,,,,,,,,,,,,,,
,04-22-2015,17:05:01, Lane 1 ,Fwd,FF,,52,3,52,,2,10.32,,,,,,,,,,,,,,,,,,,,,,,,10.32,-,,,,,,,,,,,,,,,,,,,,,,,,,-,-,,,,,,,,,,,,,,,,,,,,,,,,,
,04-22-2015,17:05:03, Lane 1 ,Fwd,FF,,53,3,52,,2,11.77,,,,,,,,,,,,,,,,,,,,,,,,11.77,-,,,,,,,,,,,,,,,,,,,,,,,,,-,-,,,,,,,,,,,,,,,,,,,,,,,,,
,04-22-2015,17:05:23, Lane 1 ,Fwd,FF,,54,2,56,,2,9.70,,,,,,,,,,,,,,,,,,,,,,,,9.70,-,,,,,,,,,,,,,,,,,,,,,,,,,-,-,,,,,,,,,,,,,,,,,,,,,,,,,
,04-22-2015,17:05:24, Lane 1 ,Fwd,FF,,55,2,55,,2,8.70,,,,,,,,,,,,,,,,,,,,,,,,8.70,-,,,,,,,,,,,,,,,,,,,,,,,,,-,-,,,,,,,,,,,,,,,,,,,,,,,,,
,04-22-2015,17:05:26, Lane 1 ,Fwd,FF,,56,2,56,,2,9.14,,,,,,,,,,,,,,,,,,,,,,,,9.14,-,,,,,,,,,,,,,,,,,,,,,,,,,-,-,,,,,,,,,,,,,,,,,,,,,,,,,
,04-22-2015,17:05:27, Lane 1 ,Fwd,FF,,57,2,58,,2,9.02,,,,,,,,,,,,,,,,,,,,,,,,9.02,-,,,,,,,,,,,,,,,,,,,,,,,,,-,-,,,,,,,,,,,,,,,,,,,,,,,,,
,04-22-2015,17:06:01, Lane 1 ,Fwd,FF,,58,3,55,,3,11.28,12.96,,,,,,,,,,,,,,,,,,,,,,,24.24,-,,,,,,,,,,,,,,,,,,,,,,,,,-,-,,,,,,,,,,,,,,,,,,,,,,,,,
,04-22-2015,17:06:04, Lane 1 ,Fwd,FF,,59,3,61,,2,11.29,,,,,,,,,,,,,,,,,,,,,,,,11.29,-,,,,,,,,,,,,,,,,,,,,,,,,,-,-,,,,,,,,,,,,,,,,,,,,,,,,,
,04-22-2015,17:06:24, Lane 1 ,Fwd,FF,,60,6,53,,3,15.79,4.14,,,,,,,,,,,,,,,,,,,,,,,19.93,-,,,,,,,,,,,,,,,,,,,,,,,,,-,-,,,,,,,,,,,,,,,,,,,,,,,,,
,04-22-2015,17:06:26, Lane 1 ,Fwd,FF,,61,2,53,,2,8.96,,,,,,,,,,,,,,,,,,,,,,,,8.96,-,,,,,,,,,,,,,,,,,,,,,,,,,-,-,,,,,,,,,,,,,,,,,,,,,,,,,
,04-22-2015,17:06:27, Lane 1 ,Fwd,FF,,62,2,52,,2,9.81,,,,,,,,,,,,,,,,,,,,,,,,9.81,-,,,,,,,,,,,,,,,,,,,,,,,,,-,-,,,,,,,,,,,,,,,,,,,,,,,,,
,04-22-2015,17:06:30, Lane 1 ,Fwd,FF,,63,2,52,,2,8.98,,,,,,,,,,,,,,,,,,,,,,,,8.98,-,,,,,,,,,,,,,,,,,,,,,,,,,-,-,,,,,,,,,,,,,,,,,,,,,,,,,
,04-22-2015,17:06:50, Lane 1 ,Fwd,FF,,64,2,64,,2,8.88,,,,,,,,,,,,,,,,,,,,,,,,8.88,-,,,,,,,,,,,,,,,,,,,,,,,,,-,-,,,,,,,,,,,,,,,,,,,,,,,,,
,04-22-2015,17:06:59, Lane 1 ,Fwd,FF,,65,2,63,,2,8.75,,,,,,,,,,,,,,,,,,,,,,,,8.75,-,,,,,,,,,,,,,,,,,,,,,,,,,-,-,,,,,,,,,,,,,,,,,,,,,,,,,
,04-22-2015,17:07:02, Lane 1 ,Fwd,FF,,66,3,67,,2,12.88,,,,,,,,,,,,,,,,,,,,,,,,12.88,-,,,,,,,,,,,,,,,,,,,,,,,,,-,-,,,,,,,,,,,,,,,,,,,,,,,,,
,04-22-2015,17:07:05, Lane 1 ,Fwd,FF,,67,3,64,,2,10.59,,,,,,,,,,,,,,,,,,,,,,,,10.59,-,,,,,,,,,,,,,,,,,,,,,,,,,-,-,,,,,,,,,,,,,,,,,,,,,,,,,
,04-22-2015,17:07:09, Lane 1 ,Fwd,FF,,68,2,63,,2,8.65,,,,,,,,,,,,,,,,,,,,,,,,8.65,-,,,,,,,,,,,,,,,,,,,,,,,,,-,-,,,,,,,,,,,,,,,,,,,,,,,,,
,04-22-2015,17:07:12, Lane 1 ,Fwd,FF,,69,2,61,,2,9.25,,,,,,,,,,,,,,,,,,,,,,,,9.25,-,,,,,,,,,,,,,,,,,,,,,,,,,-,-,,,,,,,,,,,,,,,,,,,,,,,,,
,04-22-2015,17:07:17, Lane 1 ,Fwd,FF,,70,3,53,,2,11.38,,,,,,,,,,,,,,,,,,,,,,,,11.38,-,,,,,,,,,,,,,,,,,,,,,,,,,-,-,,,,,,,,,,,,,,,,,,,,,,,,,
,04-22-2015,17:07:19, Lane 1 ,Fwd,FF,,71,2,54,,2,8.92,,,,,,,,,,,,,,,,,,,,,,,,8.92,-,,,,,,,,,,,,,,,,,,,,,,,,,-,-,,,,,,,,,,,,,,,,,,,,,,,,,
,04-22-2015,17:07:20, Lane 1 ,Fwd,FF,,72,2,57,,2,8.98,,,,,,,,,,,,,,,,,,,,,,,,8.98,-,,,,,,,,,,,,,,,,,,,,,,,,,-,-,,,,,,,,,,,,,,,,,,,,,,,,,
,04-22-2015,17:07:41, Lane 1 ,Fwd,FF,,73,2,59,,2,9.84,,,,,,,,,,,,,,,,,,,,,,,,9.84,-,,,,,,,,,,,,,,,,,,,,,,,,,-,-,,,,,,,,,,,,,,,,,,,,,,,,,
,04-22-2015,17:07:44, Lane 1 ,Fwd,FF,,74,2,57,,2,8.89,,,,,,,,,,,,,,,,,,,,,,,,8.89,-,,,,,,,,,,,,,,,,,,,,,,,,,-,-,,,,,,,,,,,,,,,,,,,,,,,,,
,04-22-2015,17:07:45, Lane 1 ,Fwd,FF,,75,2,56,,2,8.28,,,,,,,,,,,,,,,,,,,,,,,,8.28,-,,,,,,,,,,,,,,,,,,,,,,,,,-,-,,,,,,,,,,,,,,,,,,,,,,,,,
,04-22-2015,17:07:46, Lane 1 ,Fwd,FF,,76,2,54,,2,9.16,,,,,,,,,,,,,,,,,,,,,,,,9.16,-,,,,,,,,,,,,,,,,,,,,,,,,,-,-,,,,,,,,,,,,,,,,,,,,,,,,,
,04-22-2015,17:07:48, Lane 1 ,Fwd,FF,,77,2,57,,2,8.92,,,,,,,,,,,,,,,,,,,,,,,,8.92,-,,,,,,,,,,,,,,,,,,,,,,,,,-,-,,,,,,,,,,,,,,,,,,,,,,,,,
,04-22-2015,17:07:53, Lane 1 ,Fwd,FF,,78,2,63,,2,8.98,,,,,,,,,,,,,,,,,,,,,,,,8.98,-,,,,,,,,,,,,,,,,,,,,,,,,,-,-,,,,,,,,,,,,,,,,,,,,,,,,,
,04-22-2015,17:07:57, Lane 1 ,Fwd,FF,,79,3,64,,2,11.81,,,,,,,,,,,,,,,,,,,,,,,,11.81,-,,,,,,,,,,,,,,,,,,,,,,,,,-,-,,,,,,,,,,,,,,,,,,,,,,,,,
,04-22-2015,17:08:06, Lane 1 ,Fwd,FF,,80,4,55,,2,21.99,,,,,,,,,,,,,,,,,,,,,,,,21.99,-,,,,,,,,,,,,,,,,,,,,,,,,,-,-,,,,,,,,,,,,,,,,,,,,,,,,,
,04-22-2015,17:08:08, Lane 1 ,Fwd,FF,,81,2,58,,2,8.85,,,,,,,,,,,,,,,,,,,,,,,,8.85,-,,,,,,,,,,,,,,,,,,,,,,,,,-,-,,,,,,,,,,,,,,,,,,,,,,,,,
,04-22-2015,17:08:14, Lane 1 ,Fwd,FF,,82,2,59,,2,8.89,,,,,,,,,,,,,,,,,,,,,,,,8.89,-,,,,,,,,,,,,,,,,,,,,,,,,,-,-,,,,,,,,,,,,,,,,,,,,,,,,,
,04-22-2015,17:08:21, Lane 1 ,Fwd,FF,,83,2,57,,3,8.89,15.69,,,,,,,,,,,,,,,,,,,,,,,24.58,-,,,,,,,,,,,,,,,,,,,,,,,,,-,-,,,,,,,,,,,,,,,,,,,,,,,,,
,04-22-2015,17:08:23, Lane 1 ,Fwd,FF,,84,3,55,,2,12.24,,,,,,,,,,,,,,,,,,,,,,,,12.24,-,,,,,,,,,,,,,,,,,,,,,,,,,-,-,,,,,,,,,,,,,,,,,,,,,,,,,
,04-22-2015,17:08:25, Lane 1 ,Fwd,FF,,85,3,55,,2,10.38,,,,,,,,,,,,,,,,,,,,,,,,10.38,-,,,,,,,,,,,,,,,,,,,,,,,,,-,-,,,,,,,,,,,,,,,,,,,,,,,,,
,04-22-2015,17:08:27, Lane 1 ,Fwd,FF,,86,2,59,,2,8.00,,,,,,,,,,,,,,,,,,,,,,,,8.00,-,,,,,,,,,,,,,,,,,,,,,,,,,-,-,,,,,,,,,,,,,,,,,,,,,,,,,
,04-22-2015,17:08:30, Lane 1 ,Fwd,FF,,87,2,61,,2,8.89,,,,,,,,,,,,,,,,,,,,,,,,8.89,-,,,,,,,,,,,,,,,,,,,,,,,,,-,-,,,,,,,,,,,,,,,,,,,,,,,,,
,04-22-2015,17:08:31, Lane 1 ,Fwd,FF,,88,2,59,,2,8.64,,,,,,,,,,,,,,,,,,,,,,,,8.64,-,,,,,,,,,,,,,,,,,,,,,,,,,-,-,,,,,,,,,,,,,,,,,,,,,,,,,
,04-22-2015,17:08:35, Lane 1 ,Fwd,FF,,89,2,59,,2,8.78,,,,,,,,,,,,,,,,,,,,,,,,8.78,-,,,,,,,,,,,,,,,,,,,,,,,,,-,-,,,,,,,,,,,,,,,,,,,,,,,,,
,04-22-2015,17:08:36, Lane 1 ,Fwd,FF,,90,2,63,,2,8.70,,,,,,,,,,,,,,,,,,,,,,,,8.70,-,,,,,,,,,,,,,,,,,,,,,,,,,-,-,,,,,,,,,,,,,,,,,,,,,,,,,
,04-22-2015,17:08:37, Lane 1 ,Fwd,FF,,91,2,64,,2,8.98,,,,,,,,,,,,,,,,,,,,,,,,8.98,-,,,,,,,,,,,,,,,,,,,,,,,,,-,-,,,,,,,,,,,,,,,,,,,,,,,,,
,04-22-2015,17:09:00, Lane 1 ,Fwd,FF,,92,2,56,,2,8.36,,,,,,,,,,,,,,,,,,,,,,,,8.36,-,,,,,,,,,,,,,,,,,,,,,,,,,-,-,,,,,,,,,,,,,,,,,,,,,,,,,
,04-22-2015,17:09:08, Lane 1 ,Fwd,FF,,93,5,55,,2,19.73,,,,,,,,,,,,,,,,,,,,,,,,19.73,-,,,,,,,,,,,,,,,,,,,,,,,,,-,-,,,,,,,,,,,,,,,,,,,,,,,,,
,04-22-2015,17:09:10, Lane 1 ,Fwd,FF,,94,3,56,,2,10.44,,,,,,,,,,,,,,,,,,,,,,,,10.44,-,,,,,,,,,,,,,,,,,,,,,,,,,-,-,,,,,,,,,,,,,,,,,,,,,,,,,
,04-22-2015,17:09:12, Lane 1 ,Fwd,FF,,95,2,56,,3,14.37,13.31,,,,,,,,,,,,,,,,,,,,,,,27.68,-,,,,,,,,,,,,,,,,,,,,,,,,,-,-,,,,,,,,,,,,,,,,,,,,,,,,,
,04-22-2015,17:09:59, Lane 1 ,Fwd,FF,,96,2,68,,2,9.30,,,,,,,,,,,,,,,,,,,,,,,,9.30,-,,,,,,,,,,,,,,,,,,,,,,,,,-,-,,,,,,,,,,,,,,,,,,,,,,,,,
,04-22-2015,17:10:07, Lane 1 ,Fwd,FF,,97,3,61,,2,12.98,,,,,,,,,,,,,,,,,,,,,,,,12.98,-,,,,,,,,,,,,,,,,,,,,,,,,,-,-,,,,,,,,,,,,,,,,,,,,,,,,,
,04-22-2015,17:10:10, Lane 1 ,Fwd,FF,,98,2,61,,2,9.42,,,,,,,,,,,,,,,,,,,,,,,,9.42,-,,,,,,,,,,,,,,,,,,,,,,,,,-,-,,,,,,,,,,,,,,,,,,,,,,,,,
,04-22-2015,17:10:17, Lane 1 ,Fwd,FF,,99,2,63,,2,8.70,,,,,,,,,,,,,,,,,,,,,,,,8.70,-,,,,,,,,,,,,,,,,,,,,,,,,,-,-,,,,,,,,,,,,,,,,,,,,,,,,,
,04-22-2015,17:10:20, Lane 1 ,Fwd,FF,,100,2,61,,2,8.44,,,,,,,,,,,,,,,,,,,,,,,,8.44,-,,,,,,,,,,,,,,,,,,,,,,,,,-,-,,,,,,,,,,,,,,,,,,,,,,,,,
,04-22-2015,17:10:22, Lane 1 ,Fwd,FF,,101,3,61,,2,10.67,,,,,,,,,,,,,,,,,,,,,,,,10.67,-,,,,,,,,,,,,,,,,,,,,,,,,,-,-,,,,,,,,,,,,,,,,,,,,,,,,,
,04-22-2015,17:10:29, Lane 1 ,Fwd,FF,,102,3,58,,2,11.83,,,,,,,,,,,,,,,,,,,,,,,,11.83,-,,,,,,,,,,,,,,,,,,,,,,,,,-,-,,,,,,,,,,,,,,,,,,,,,,,,,
,04-22-2015,17:10:31, Lane 1 ,Fwd,FF,,103,2,58,,2,9.89,,,,,,,,,,,,,,,,,,,,,,,,9.89,-,,,,,,,,,,,,,,,,,,,,,,,,,-,-,,,,,,,,,,,,,,,,,,,,,,,,,
,04-22-2015,17:10:33, Lane 1 ,Fwd,FF,,104,2,58,,2,8.85,,,,,,,,,,,,,,,,,,,,,,,,8.85,-,,,,,,,,,,,,,,,,,,,,,,,,,-,-,,,,,,,,,,,,,,,,,,,,,,,,,
,04-22-2015,17:10:36, Lane 1 ,Fwd,FF,,105,3,58,,2,10.23,,,,,,,,,,,,,,,,,,,,,,,,10.23,-,,,,,,,,,,,,,,,,,,,,,,,,,-,-,,,,,,,,,,,,,,,,,,,,,,,,,
,04-22-2015,17:10:43, Lane 1 ,Fwd,FF,,106,3,63,,2,11.45,,,,,,,,,,,,,,,,,,,,,,,,11.45,-,,,,,,,,,,,,,,,,,,,,,,,,,-,-,,,,,,,,,,,,,,,,,,,,,,,,,
,04-22-2015,17:10:46, Lane 1 ,Fwd,FF,,107,5,64,,2,14.44,,,,,,,,,,,,,,,,,,,,,,,,14.44,-,,,,,,,,,,,,,,,,,,,,,,,,,-,-,,,,,,,,,,,,,,,,,,,,,,,,,
,04-22-2015,17:10:49, Lane 1 ,Fwd,FF,,108,2,63,,2,8.59,,,,,,,,,,,,,,,,,,,,,,,,8.59,-,,,,,,,,,,,,,,,,,,,,,,,,,-,-,,,,,,,,,,,,,,,,,,,,,,,,,
,04-22-2015,17:10:53, Lane 1 ,Fwd,FF,,109,3,60,,2,11.91,,,,,,,,,,,,,,,,,,,,,,,,11.91,-,,,,,,,,,,,,,,,,,,,,,,,,,-,-,,,,,,,,,,,,,,,,,,,,,,,,,
,04-22-2015,17:11:12, Lane 1 ,Fwd,FF,,110,5,55,,2,13.61,,,,,,,,,,,,,,,,,,,,,,,,13.61,-,,,,,,,,,,,,,,,,,,,,,,,,,-,-,,,,,,,,,,,,,,,,,,,,,,,,,
,04-22-2015,17:11:21, Lane 1 ,Fwd,FF,,111,3,62,,2,12.36,,,,,,,,,,,,,,,,,,,,,,,,12.36,-,,,,,,,,,,,,,,,,,,,,,,,,,-,-,,,,,,,,,,,,,,,,,,,,,,,,,
,04-22-2015,17:11:31, Lane 1 ,Fwd,FF,,112,2,60,,2,8.56,,,,,,,,,,,,,,,,,,,,,,,,8.56,-,,,,,,,,,,,,,,,,,,,,,,,,,-,-,,,,,,,,,,,,,,,,,,,,,,,,,
,04-22-2015,17:11:34, Lane 1 ,Fwd,FF,,113,3,61,,2,10.66,,,,,,,,,,,,,,,,,,,,,,,,10.66,-,,,,,,,,,,,,,,,,,,,,,,,,,-,-,,,,,,,,,,,,,,,,,,,,,,,,,
,04-22-2015,17:11:39, Lane 1 ,Fwd,FF,,114,3,59,,2,11.13,,,,,,,,,,,,,,,,,,,,,,,,11.13,-,,,,,,,,,,,,,,,,,,,,,,,,,-,-,,,,,,,,,,,,,,,,,,,,,,,,,
,04-22-2015,17:11:41, Lane 1 ,Fwd,FF,,115,2,58,,2,8.40,,,,,,,,,,,,,,,,,,,,,,,,8.40,-,,,,,,,,,,,,,,,,,,,,,,,,,-,-,,,,,,,,,,,,,,,,,,,,,,,,,
,04-22-2015,17:11:45, Lane 1 ,Fwd,FF,,116,2,60,,2,9.72,,,,,,,,,,,,,,,,,,,,,,,,9.72,-,,,,,,,,,,,,,,,,,,,,,,,,,-,-,,,,,,,,,,,,,,,,,,,,,,,,,
,04-22-2015,17:11:47, Lane 1 ,Fwd,FF,,117,2,63,,2,8.98,,,,,,,,,,,,,,,,,,,,,,,,8.98,-,,,,,,,,,,,,,,,,,,,,,,,,,-,-,,,,,,,,,,,,,,,,,,,,,,,,,
,04-22-2015,17:11:49, Lane 1 ,Fwd,FF,,118,2,61,,2,9.25,,,,,,,,,,,,,,,,,,,,,,,,9.25,-,,,,,,,,,,,,,,,,,,,,,,,,,-,-,,,,,,,,,,,,,,,,,,,,,,,,,
,04-22-2015,17:11:52, Lane 1 ,Fwd,FF,,119,2,60,,2,9.00,,,,,,,,,,,,,,,,,,,,,,,,9.00,-,,,,,,,,,,,,,,,,,,,,,,,,,-,-,,,,,,,,,,,,,,,,,,,,,,,,,
,04-22-2015,17:11:53, Lane 1 ,Fwd,FF,,120,2,58,,2,8.77,,,,,,,,,,,,,,,,,,,,,,,,8.77,-,,,,,,,,,,,,,,,,,,,,,,,,,-,-,,,,,,,,,,,,,,,,,,,,,,,,,
,04-22-2015,17:12:00, Lane 1 ,Fwd,FF,,121,3,54,,2,11.06,,,,,,,,,,,,,,,,,,,,,,,,11.06,-,,,,,,,,,,,,,,,,,,,,,,,,,-,-,,,,,,,,,,,,,,,,,,,,,,,,,
,04-22-2015,17:12:01, Lane 1 ,Fwd,FF,,122,3,55,,2,11.20,,,,,,,,,,,,,,,,,,,,,,,,11.20,-,,,,,,,,,,,,,,,,,,,,,,,,,-,-,,,,,,,,,,,,,,,,,,,,,,,,,
,04-22-2015,17:12:03, Lane 1 ,Fwd,FF,,123,3,55,,2,11.28,,,,,,,,,,,,,,,,,,,,,,,,11.28,-,,,,,,,,,,,,,,,,,,,,,,,,,-,-,,,,,,,,,,,,,,,,,,,,,,,,,
,04-22-2015,17:12:21, Lane 1 ,Fwd,FF,,124,3,55,,2,10.63,,,,,,,,,,,,,,,,,,,,,,,,10.63,-,,,,,,,,,,,,,,,,,,,,,,,,,-,-,,,,,,,,,,,,,,,,,,,,,,,,,
,04-22-2015,17:12:49, Lane 1 ,Fwd,FF,,125,2,68,,2,9.72,,,,,,,,,,,,,,,,,,,,,,,,9.72,-,,,,,,,,,,,,,,,,,,,,,,,,,-,-,,,,,,,,,,,,,,,,,,,,,,,,,
,04-22-2015,17:12:57, Lane 1 ,Fwd,FF,,126,3,59,,2,10.28,,,,,,,,,,,,,,,,,,,,,,,,10.28,-,,,,,,,,,,,,,,,,,,,,,,,,,-,-,,,,,,,,,,,,,,,,,,,,,,,,,
,04-22-2015,17:13:00, Lane 1 ,Fwd,FF,,127,2,61,,2,8.24,,,,,,,,,,,,,,,,,,,,,,,,8.24,-,,,,,,,,,,,,,,,,,,,,,,,,,-,-,,,,,,,,,,,,,,,,,,,,,,,,,
,04-22-2015,17:13:01, Lane 1 ,Fwd,FF,,128,2,60,,2,8.83,,,,,,,,,,,,,,,,,,,,,,,,8.83,-,,,,,,,,,,,,,,,,,,,,,,,,,-,-,,,,,,,,,,,,,,,,,,,,,,,,,
,04-22-2015,17:13:02, Lane 1 ,Fwd,FF,,129,2,59,,2,8.81,,,,,,,,,,,,,,,,,,,,,,,,8.81,-,,,,,,,,,,,,,,,,,,,,,,,,,-,-,,,,,,,,,,,,,,,,,,,,,,,,,
,04-22-2015,17:13:05, Lane 1 ,Fwd,FF,,130,3,61,,2,10.57,,,,,,,,,,,,,,,,,,,,,,,,10.57,-,,,,,,,,,,,,,,,,,,,,,,,,,-,-,,,,,,,,,,,,,,,,,,,,,,,,,
,04-22-2015,17:13:08, Lane 1 ,Fwd,FF,,131,2,61,,2,9.23,,,,,,,,,,,,,,,,,,,,,,,,9.23,-,,,,,,,,,,,,,,,,,,,,,,,,,-,-,,,,,,,,,,,,,,,,,,,,,,,,,
,04-22-2015,17:13:10, Lane 1 ,Fwd,FF,,132,2,64,,2,9.47,,,,,,,,,,,,,,,,,,,,,,,,9.47,-,,,,,,,,,,,,,,,,,,,,,,,,,-,-,,,,,,,,,,,,,,,,,,,,,,,,,
,04-22-2015,17:13:16, Lane 1 ,Fwd,FF,,133,2,63,,2,8.98,,,,,,,,,,,,,,,,,,,,,,,,8.98,-,,,,,,,,,,,,,,,,,,,,,,,,,-,-,,,,,,,,,,,,,,,,,,,,,,,,,
,04-22-2015,17:13:35, Lane 1 ,Fwd,FF,,134,3,52,,2,12.83,,,,,,,,,,,,,,,,,,,,,,,,12.83,-,,,,,,,,,,,,,,,,,,,,,,,,,-,-,,,,,,,,,,,,,,,,,,,,,,,,,
,04-22-2015,17:13:36, Lane 1 ,Fwd,FF,,135,2,52,,2,8.76,,,,,,,,,,,,,,,,,,,,,,,,8.76,-,,,,,,,,,,,,,,,,,,,,,,,,,-,-,,,,,,,,,,,,,,,,,,,,,,,,,
,04-22-2015,17:13:37, Lane 1 ,Fwd,FF,,136,2,53,,2,9.85,,,,,,,,,,,,,,,,,,,,,,,,9.85,-,,,,,,,,,,,,,,,,,,,,,,,,,-,-,,,,,,,,,,,,,,,,,,,,,,,,,
,04-22-2015,17:14:02, Lane 1 ,Fwd,FF,,137,2,53,,2,9.04,,,,,,,,,,,,,,,,,,,,,,,,9.04,-,,,,,,,,,,,,,,,,,,,,,,,,,-,-,,,,,,,,,,,,,,,,,,,,,,,,,
,04-22-2015,17:14:13, Lane 1 ,Fwd,FF,,138,3,57,,2,11.25,,,,,,,,,,,,,,,,,,,,,,,,11.25,-,,,,,,,,,,,,,,,,,,,,,,,,,-,-,,,,,,,,,,,,,,,,,,,,,,,,,
,04-22-2015,17:14:15, Lane 1 ,Fwd,FF,,139,2,58,,2,8.70,,,,,,,,,,,,,,,,,,,,,,,,8.70,-,,,,,,,,,,,,,,,,,,,,,,,,,-,-,,,,,,,,,,,,,,,,,,,,,,,,,
,04-22-2015,17:14:18, Lane 1 ,Fwd,FF,,140,2,59,,2,9.15,,,,,,,,,,,,,,,,,,,,,,,,9.15,-,,,,,,,,,,,,,,,,,,,,,,,,,-,-,,,,,,,,,,,,,,,,,,,,,,,,,
,04-22-2015,17:14:20, Lane 1 ,Fwd,FF,,141,2,58,,2,8.28,,,,,,,,,,,,,,,,,,,,,,,,8.28,-,,,,,,,,,,,,,,,,,,,,,,,,,-,-,,,,,,,,,,,,,,,,,,,,,,,,,
,04-22-2015,17:14:29, Lane 1 ,Fwd,FF,,142,2,61,,2,8.89,,,,,,,,,,,,,,,,,,,,,,,,8.89,-,,,,,,,,,,,,,,,,,,,,,,,,,-,-,,,,,,,,,,,,,,,,,,,,,,,,,
,04-22-2015,17:14:33, Lane 1 ,Fwd,FF,,143,3,57,,2,11.50,,,,,,,,,,,,,,,,,,,,,,,,11.50,-,,,,,,,,,,,,,,,,,,,,,,,,,-,-,,,,,,,,,,,,,,,,,,,,,,,,,
,04-22-2015,17:14:36, Lane 1 ,Fwd,FF,,144,2,58,,2,8.94,,,,,,,,,,,,,,,,,,,,,,,,8.94,-,,,,,,,,,,,,,,,,,,,,,,,,,-,-,,,,,,,,,,,,,,,,,,,,,,,,,
,04-22-2015,17:14:37, Lane 1 ,Fwd,FF,,145,2,61,,2,7.97,,,,,,,,,,,,,,,,,,,,,,,,7.97,-,,,,,,,,,,,,,,,,,,,,,,,,,-,-,,,,,,,,,,,,,,,,,,,,,,,,,
,04-22-2015,17:14:51, Lane 1 ,Fwd,FF,,146,2,53,,2,9.59,,,,,,,,,,,,,,,,,,,,,,,,9.59,-,,,,,,,,,,,,,,,,,,,,,,,,,-,-,,,,,,,,,,,,,,,,,,,,,,,,,
,04-22-2015,17:15:02, Lane 1 ,Fwd,FF,,147,2,70,,2,8.82,,,,,,,,,,,,,,,,,,,,,,,,8.82,-,,,,,,,,,,,,,,,,,,,,,,,,,-,-,,,,,,,,,,,,,,,,,,,,,,,,,
,04-22-2015,17:15:23, Lane 1 ,Fwd,FF,,148,8,59,,3,16.35,18.87,,,,,,,,,,,,,,,,,,,,,,,35.22,-,,,,,,,,,,,,,,,,,,,,,,,,,-,-,,,,,,,,,,,,,,,,,,,,,,,,,
,04-22-2015,17:15:24, Lane 1 ,Fwd,FF,,149,2,59,,2,8.78,,,,,,,,,,,,,,,,,,,,,,,,8.78,-,,,,,,,,,,,,,,,,,,,,,,,,,-,-,,,,,,,,,,,,,,,,,,,,,,,,,
,04-22-2015,17:15:26, Lane 1 ,Fwd,FF,,150,2,58,,2,9.17,,,,,,,,,,,,,,,,,,,,,,,,9.17,-,,,,,,,,,,,,,,,,,,,,,,,,,-,-,,,,,,,,,,,,,,,,,,,,,,,,,
,04-22-2015,17:15:31, Lane 1 ,Fwd,FF,,151,2,66,,2,9.22,,,,,,,,,,,,,,,,,,,,,,,,9.22,-,,,,,,,,,,,,,,,,,,,,,,,,,-,-,,,,,,,,,,,,,,,,,,,,,,,,,
,04-22-2015,17:15:34, Lane 1 ,Fwd,FF,,152,2,68,,2,8.73,,,,,,,,,,,,,,,,,,,,,,,,8.73,-,,,,,,,,,,,,,,,,,,,,,,,,,-,-,,,,,,,,,,,,,,,,,,,,,,,,,
,04-22-2015,17:15:36, Lane 1 ,Fwd,FF,,153,3,67,,2,10.25,,,,,,,,,,,,,,,,,,,,,,,,10.25,-,,,,,,,,,,,,,,,,,,,,,,,,,-,-,,,,,,,,,,,,,,,,,,,,,,,,,
,04-22-2015,17:15:40, Lane 1 ,Fwd,FF,,154,2,64,,2,8.41,,,,,,,,,,,,,,,,,,,,,,,,8.41,-,,,,,,,,,,,,,,,,,,,,,,,,,-,-,,,,,,,,,,,,,,,,,,,,,,,,,
,04-22-2015,17:15:50, Lane 1 ,Fwd,FF,,155,2,58,,2,9.09,,,,,,,,,,,,,,,,,,,,,,,,9.09,-,,,,,,,,,,,,,,,,,,,,,,,,,-,-,,,,,,,,,,,,,,,,,,,,,,,,,
,04-22-2015,17:15:51, Lane 1 ,Fwd,FF,,156,3,57,,2,11.75,,,,,,,,,,,,,,,,,,,,,,,,11.75,-,,,,,,,,,,,,,,,,,,,,,,,,,-,-,,,,,,,,,,,,,,,,,,,,,,,,,
,04-22-2015,17:15:56, Lane 1 ,Fwd,FF,,157,3,56,,2,11.01,,,,,,,,,,,,,,,,,,,,,,,,11.01,-,,,,,,,,,,,,,,,,,,,,,,,,,-,-,,,,,,,,,,,,,,,,,,,,,,,,,
,04-22-2015,17:15:58, Lane 1 ,Fwd,FF,,158,3,55,,2,11.03,,,,,,,,,,,,,,,,,,,,,,,,11.03,-,,,,,,,,,,,,,,,,,,,,,,,,,-,-,,,,,,,,,,,,,,,,,,,,,,,,,
,04-22-2015,17:16:03, Lane 1 ,Fwd,FF,,159,2,54,,2,9.55,,,,,,,,,,,,,,,,,,,,,,,,9.55,-,,,,,,,,,,,,,,,,,,,,,,,,,-,-,,,,,,,,,,,,,,,,,,,,,,,,,
,04-22-2015,17:16:24, Lane 1 ,Fwd,FF,,160,2,54,,2,9.71,,,,,,,,,,,,,,,,,,,,,,,,9.71,-,,,,,,,,,,,,,,,,,,,,,,,,,-,-,,,,,,,,,,,,,,,,,,,,,,,,,
,04-22-2015,17:16:54, Lane 1 ,Fwd,FF,,161,2,56,,2,8.85,,,,,,,,,,,,,,,,,,,,,,,,8.85,-,,,,,,,,,,,,,,,,,,,,,,,,,-,-,,,,,,,,,,,,,,,,,,,,,,,,,
,04-22-2015,17:17:09, Lane 1 ,Fwd,FF,,162,2,58,,2,9.19,,,,,,,,,,,,,,,,,,,,,,,,9.19,-,,,,,,,,,,,,,,,,,,,,,,,,,-,-,,,,,,,,,,,,,,,,,,,,,,,,,
,04-22-2015,17:17:14, Lane 1 ,Fwd,FF,,163,2,56,,2,9.78,,,,,,,,,,,,,,,,,,,,,,,,9.78,-,,,,,,,,,,,,,,,,,,,,,,,,,-,-,,,,,,,,,,,,,,,,,,,,,,,,,
,04-22-2015,17:17:16, Lane 1 ,Fwd,FF,,164,2,56,,2,8.71,,,,,,,,,,,,,,,,,,,,,,,,8.71,-,,,,,,,,,,,,,,,,,,,,,,,,,-,-,,,,,,,,,,,,,,,,,,,,,,,,,
,04-22-2015,17:17:27, Lane 1 ,Fwd,FF,,165,2,47,,2,9.95,,,,,,,,,,,,,,,,,,,,,,,,9.95,-,,,,,,,,,,,,,,,,,,,,,,,,,-,-,,,,,,,,,,,,,,,,,,,,,,,,,
,04-22-2015,17:17:28, Lane 1 ,Fwd,FF,,166,2,47,,2,7.98,,,,,,,,,,,,,,,,,,,,,,,,7.98,-,,,,,,,,,,,,,,,,,,,,,,,,,-,-,,,,,,,,,,,,,,,,,,,,,,,,,
,04-22-2015,17:17:29, Lane 1 ,Fwd,FF,,167,2,47,,2,7.93,,,,,,,,,,,,,,,,,,,,,,,,7.93,-,,,,,,,,,,,,,,,,,,,,,,,,,-,-,,,,,,,,,,,,,,,,,,,,,,,,,
,04-22-2015,17:17:30, Lane 1 ,Fwd,FF,,168,2,46,,2,9.22,,,,,,,,,,,,,,,,,,,,,,,,9.22,-,,,,,,,,,,,,,,,,,,,,,,,,,-,-,,,,,,,,,,,,,,,,,,,,,,,,,
,04-22-2015,17:17:32, Lane 1 ,Fwd,FF,,169,2,48,,2,8.79,,,,,,,,,,,,,,,,,,,,,,,,8.79,-,,,,,,,,,,,,,,,,,,,,,,,,,-,-,,,,,,,,,,,,,,,,,,,,,,,,,
,04-22-2015,17:17:33, Lane 1 ,Fwd,FF,,170,2,47,,2,8.80,,,,,,,,,,,,,,,,,,,,,,,,8.80,-,,,,,,,,,,,,,,,,,,,,,,,,,-,-,,,,,,,,,,,,,,,,,,,,,,,,,
,04-22-2015,17:17:34, Lane 1 ,Fwd,FF,,171,2,44,,4,9.10,34.65,8.45,,,,,,,,,,,,,,,,,,,,,,52.20,-,,,,,,,,,,,,,,,,,,,,,,,,,-,-,,,,,,,,,,,,,,,,,,,,,,,,,
,04-22-2015,17:17:36, Lane 1 ,Fwd,FF,,172,2,45,,2,8.53,,,,,,,,,,,,,,,,,,,,,,,,8.53,-,,,,,,,,,,,,,,,,,,,,,,,,,-,-,,,,,,,,,,,,,,,,,,,,,,,,,
,04-22-2015,17:18:16, Lane 1 ,Fwd,FF,,173,2,58,,2,8.85,,,,,,,,,,,,,,,,,,,,,,,,8.85,-,,,,,,,,,,,,,,,,,,,,,,,,,-,-,,,,,,,,,,,,,,,,,,,,,,,,,
,04-22-2015,17:18:21, Lane 1 ,Fwd,FF,,174,2,63,,2,9.86,,,,,,,,,,,,,,,,,,,,,,,,9.86,-,,,,,,,,,,,,,,,,,,,,,,,,,-,-,,,,,,,,,,,,,,,,,,,,,,,,,
,04-22-2015,17:18:26, Lane 1 ,Fwd,FF,,175,2,59,,2,7.31,,,,,,,,,,,,,,,,,,,,,,,,7.31,-,,,,,,,,,,,,,,,,,,,,,,,,,-,-,,,,,,,,,,,,,,,,,,,,,,,,,
,04-22-2015,17:18:45, Lane 1 ,Fwd,FF,,176,2,53,,2,8.96,,,,,,,,,,,,,,,,,,,,,,,,8.96,-,,,,,,,,,,,,,,,,,,,,,,,,,-,-,,,,,,,,,,,,,,,,,,,,,,,,,
,04-22-2015,17:18:48, Lane 1 ,Fwd,FF,,177,2,53,,2,10.08,,,,,,,,,,,,,,,,,,,,,,,,10.08,-,,,,,,,,,,,,,,,,,,,,,,,,,-,-,,,,,,,,,,,,,,,,,,,,,,,,,
,04-22-2015,17:18:50, Lane 1 ,Fwd,FF,,178,3,56,,2,11.76,,,,,,,,,,,,,,,,,,,,,,,,11.76,-,,,,,,,,,,,,,,,,,,,,,,,,,-,-,,,,,,,,,,,,,,,,,,,,,,,,,
,04-22-2015,17:18:51, Lane 1 ,Fwd,FF,,179,2,58,,2,8.37,,,,,,,,,,,,,,,,,,,,,,,,8.37,-,,,,,,,,,,,,,,,,,,,,,,,,,-,-,,,,,,,,,,,,,,,,,,,,,,,,,
,04-22-2015,17:18:52, Lane 1 ,Fwd,FF,,180,2,58,,2,8.23,,,,,,,,,,,,,,,,,,,,,,,,8.23,-,,,,,,,,,,,,,,,,,,,,,,,,,-,-,,,,,,,,,,,,,,,,,,,,,,,,,
,04-22-2015,17:18:56, Lane 1 ,Fwd,FF,,181,2,54,,4,9.54,36.96,9.14,,,,,,,,,,,,,,,,,,,,,,55.64,-,,,,,,,,,,,,,,,,,,,,,,,,,-,-,,,,,,,,,,,,,,,,,,,,,,,,,
,04-22-2015,17:18:58, Lane 1 ,Fwd,FF,,182,2,53,,2,8.42,,,,,,,,,,,,,,,,,,,,,,,,8.42,-,,,,,,,,,,,,,,,,,,,,,,,,,-,-,,,,,,,,,,,,,,,,,,,,,,,,,
,04-22-2015,17:19:11, Lane 1 ,Fwd,FF,,183,3,60,,2,10.24,,,,,,,,,,,,,,,,,,,,,,,,10.24,-,,,,,,,,,,,,,,,,,,,,,,,,,-,-,,,,,,,,,,,,,,,,,,,,,,,,,
,04-22-2015,17:19:13, Lane 1 ,Fwd,FF,,184,2,59,,2,9.22,,,,,,,,,,,,,,,,,,,,,,,,9.22,-,,,,,,,,,,,,,,,,,,,,,,,,,-,-,,,,,,,,,,,,,,,,,,,,,,,,,
,04-22-2015,17:19:15, Lane 1 ,Fwd,FF,,185,3,60,,2,10.34,,,,,,,,,,,,,,,,,,,,,,,,10.34,-,,,,,,,,,,,,,,,,,,,,,,,,,-,-,,,,,,,,,,,,,,,,,,,,,,,,,
,04-22-2015,17:19:52, Lane 1 ,Fwd,FF,,186,2,64,,2,8.50,,,,,,,,,,,,,,,,,,,,,,,,8.50,-,,,,,,,,,,,,,,,,,,,,,,,,,-,-,,,,,,,,,,,,,,,,,,,,,,,,,
,04-22-2015,17:20:09, Lane 1 ,Fwd,FF,,187,2,62,,2,8.55,,,,,,,,,,,,,,,,,,,,,,,,8.55,-,,,,,,,,,,,,,,,,,,,,,,,,,-,-,,,,,,,,,,,,,,,,,,,,,,,,,
,04-22-2015,17:20:10, Lane 1 ,Fwd,FF,,188,2,62,,2,8.82,,,,,,,,,,,,,,,,,,,,,,,,8.82,-,,,,,,,,,,,,,,,,,,,,,,,,,-,-,,,,,,,,,,,,,,,,,,,,,,,,,
,04-22-2015,17:20:15, Lane 1 ,Fwd,FF,,189,2,56,,2,8.47,,,,,,,,,,,,,,,,,,,,,,,,8.47,-,,,,,,,,,,,,,,,,,,,,,,,,,-,-,,,,,,,,,,,,,,,,,,,,,,,,,
,04-22-2015,17:20:16, Lane 1 ,Fwd,FF,,190,2,54,,2,8.58,,,,,,,,,,,,,,,,,,,,,,,,8.58,-,,,,,,,,,,,,,,,,,,,,,,,,,-,-,,,,,,,,,,,,,,,,,,,,,,,,,
,04-22-2015,17:20:19, Lane 1 ,Fwd,FF,,191,2,62,,2,8.91,,,,,,,,,,,,,,,,,,,,,,,,8.91,-,,,,,,,,,,,,,,,,,,,,,,,,,-,-,,,,,,,,,,,,,,,,,,,,,,,,,
,04-22-2015,17:20:20, Lane 1 ,Fwd,FF,,192,2,63,,2,9.40,,,,,,,,,,,,,,,,,,,,,,,,9.40,-,,,,,,,,,,,,,,,,,,,,,,,,,-,-,,,,,,,,,,,,,,,,,,,,,,,,,
,04-22-2015,17:20:23, Lane 1 ,Fwd,FF,,193,2,60,,2,9.11,,,,,,,,,,,,,,,,,,,,,,,,9.11,-,,,,,,,,,,,,,,,,,,,,,,,,,-,-,,,,,,,,,,,,,,,,,,,,,,,,,
,04-22-2015,17:20:25, Lane 1 ,Fwd,FF,,194,2,60,,2,8.76,,,,,,,,,,,,,,,,,,,,,,,,8.76,-,,,,,,,,,,,,,,,,,,,,,,,,,-,-,,,,,,,,,,,,,,,,,,,,,,,,,
,04-22-2015,17:20:26, Lane 1 ,Fwd,FF,,195,2,60,,2,8.41,,,,,,,,,,,,,,,,,,,,,,,,8.41,-,,,,,,,,,,,,,,,,,,,,,,,,,-,-,,,,,,,,,,,,,,,,,,,,,,,,,
,04-22-2015,17:20:29, Lane 1 ,Fwd,FF,,196,2,63,,2,9.12,,,,,,,,,,,,,,,,,,,,,,,,9.12,-,,,,,,,,,,,,,,,,,,,,,,,,,-,-,,,,,,,,,,,,,,,,,,,,,,,,,
,04-22-2015,17:20:32, Lane 1 ,Fwd,FF,,197,2,61,,2,8.69,,,,,,,,,,,,,,,,,,,,,,,,8.69,-,,,,,,,,,,,,,,,,,,,,,,,,,-,-,,,,,,,,,,,,,,,,,,,,,,,,,
,04-22-2015,17:20:33, Lane 1 ,Fwd,FF,,198,2,63,,2,8.61,,,,,,,,,,,,,,,,,,,,,,,,8.61,-,,,,,,,,,,,,,,,,,,,,,,,,,-,-,,,,,,,,,,,,,,,,,,,,,,,,,
,04-22-2015,17:20:35, Lane 1 ,Fwd,FF,,199,2,61,,2,9.58,,,,,,,,,,,,,,,,,,,,,,,,9.58,-,,,,,,,,,,,,,,,,,,,,,,,,,-,-,,,,,,,,,,,,,,,,,,,,,,,,,
,04-22-2015,17:20:36, Lane 1 ,Fwd,FF,,200,2,62,,2,9.09,,,,,,,,,,,,,,,,,,,,,,,,9.09,-,,,,,,,,,,,,,,,,,,,,,,,,,-,-,,,,,,,,,,,,,,,,,,,,,,,,,
,04-22-2015,17:20:43, Lane 1 ,Fwd,FF,,201,2,59,,2,9.32,,,,,,,,,,,,,,,,,,,,,,,,9.32,-,,,,,,,,,,,,,,,,,,,,,,,,,-,-,,,,,,,,,,,,,,,,,,,,,,,,,
,04-22-2015,17:20:45, Lane 1 ,Fwd,FF,,202,2,64,,2,9.17,,,,,,,,,,,,,,,,,,,,,,,,9.17,-,,,,,,,,,,,,,,,,,,,,,,,,,-,-,,,,,,,,,,,,,,,,,,,,,,,,,
,04-22-2015,17:20:54, Lane 1 ,Fwd,FF,,203,5,71,,2,16.35,,,,,,,,,,,,,,,,,,,,,,,,16.35,-,,,,,,,,,,,,,,,,,,,,,,,,,-,-,,,,,,,,,,,,,,,,,,,,,,,,,
,04-22-2015,17:20:56, Lane 1 ,Fwd,FF,,204,3,69,,2,11.39,,,,,,,,,,,,,,,,,,,,,,,,11.39,-,,,,,,,,,,,,,,,,,,,,,,,,,-,-,,,,,,,,,,,,,,,,,,,,,,,,,
,04-22-2015,17:21:21, Lane 1 ,Fwd,FF,,205,2,62,,2,9.92,,,,,,,,,,,,,,,,,,,,,,,,9.92,-,,,,,,,,,,,,,,,,,,,,,,,,,-,-,,,,,,,,,,,,,,,,,,,,,,,,,
,04-22-2015,17:21:36, Lane 1 ,Fwd,FF,,206,2,51,,2,9.17,,,,,,,,,,,,,,,,,,,,,,,,9.17,-,,,,,,,,,,,,,,,,,,,,,,,,,-,-,,,,,,,,,,,,,,,,,,,,,,,,,
,04-22-2015,17:21:37, Lane 1 ,Fwd,FF,,207,2,53,,2,8.75,,,,,,,,,,,,,,,,,,,,,,,,8.75,-,,,,,,,,,,,,,,,,,,,,,,,,,-,-,,,,,,,,,,,,,,,,,,,,,,,,,
,04-22-2015,17:21:39, Lane 1 ,Fwd,FF,,208,3,58,,2,10.56,,,,,,,,,,,,,,,,,,,,,,,,10.56,-,,,,,,,,,,,,,,,,,,,,,,,,,-,-,,,,,,,,,,,,,,,,,,,,,,,,,
,04-22-2015,17:21:43, Lane 1 ,Fwd,FF,,209,5,54,,2,13.66,,,,,,,,,,,,,,,,,,,,,,,,13.66,-,,,,,,,,,,,,,,,,,,,,,,,,,-,-,,,,,,,,,,,,,,,,,,,,,,,,,
,04-22-2015,17:21:46, Lane 1 ,Fwd,FF,,210,2,51,,2,8.30,,,,,,,,,,,,,,,,,,,,,,,,8.30,-,,,,,,,,,,,,,,,,,,,,,,,,,-,-,,,,,,,,,,,,,,,,,,,,,,,,,
,04-22-2015,17:21:54, Lane 1 ,Fwd,FF,,211,2,50,,2,8.95,,,,,,,,,,,,,,,,,,,,,,,,8.95,-,,,,,,,,,,,,,,,,,,,,,,,,,-,-,,,,,,,,,,,,,,,,,,,,,,,,,
,04-22-2015,17:21:55, Lane 1 ,Fwd,FF,,212,2,50,,2,9.73,,,,,,,,,,,,,,,,,,,,,,,,9.73,-,,,,,,,,,,,,,,,,,,,,,,,,,-,-,,,,,,,,,,,,,,,,,,,,,,,,,
,04-22-2015,17:21:56, Lane 1 ,Fwd,FF,,213,2,52,,2,8.45,,,,,,,,,,,,,,,,,,,,,,,,8.45,-,,,,,,,,,,,,,,,,,,,,,,,,,-,-,,,,,,,,,,,,,,,,,,,,,,,,,
,04-22-2015,17:22:00, Lane 1 ,Fwd,FF,,214,2,52,,2,8.33,,,,,,,,,,,,,,,,,,,,,,,,8.33,-,,,,,,,,,,,,,,,,,,,,,,,,,-,-,,,,,,,,,,,,,,,,,,,,,,,,,
,04-22-2015,17:22:01, Lane 1 ,Fwd,FF,,215,2,50,,2,9.28,,,,,,,,,,,,,,,,,,,,,,,,9.28,-,,,,,,,,,,,,,,,,,,,,,,,,,-,-,,,,,,,,,,,,,,,,,,,,,,,,,
,04-22-2015,17:22:04, Lane 1 ,Fwd,FF,,216,4,55,,2,20.78,,,,,,,,,,,,,,,,,,,,,,,,20.78,-,,,,,,,,,,,,,,,,,,,,,,,,,-,-,,,,,,,,,,,,,,,,,,,,,,,,,
,04-22-2015,17:22:06, Lane 1 ,Fwd,FF,,217,2,55,,2,8.68,,,,,,,,,,,,,,,,,,,,,,,,8.68,-,,,,,,,,,,,,,,,,,,,,,,,,,-,-,,,,,,,,,,,,,,,,,,,,,,,,,
,04-22-2015,17:22:08, Lane 1 ,Fwd,FF,,218,2,54,,2,8.47,,,,,,,,,,,,,,,,,,,,,,,,8.47,-,,,,,,,,,,,,,,,,,,,,,,,,,-,-,,,,,,,,,,,,,,,,,,,,,,,,,
,04-22-2015,17:22:32, Lane 1 ,Fwd,FF,,219,3,56,,2,11.75,,,,,,,,,,,,,,,,,,,,,,,,11.75,-,,,,,,,,,,,,,,,,,,,,,,,,,-,-,,,,,,,,,,,,,,,,,,,,,,,,,
,04-22-2015,17:22:33, Lane 1 ,Fwd,FF,,220,2,55,,2,9.25,,,,,,,,,,,,,,,,,,,,,,,,9.25,-,,,,,,,,,,,,,,,,,,,,,,,,,-,-,,,,,,,,,,,,,,,,,,,,,,,,,
,04-22-2015,17:22:38, Lane 1 ,Fwd,FF,,221,3,58,,2,11.75,,,,,,,,,,,,,,,,,,,,,,,,11.75,-,,,,,,,,,,,,,,,,,,,,,,,,,-,-,,,,,,,,,,,,,,,,,,,,,,,,,
,04-22-2015,17:22:44, Lane 1 ,Fwd,FF,,222,2,61,,2,9.78,,,,,,,,,,,,,,,,,,,,,,,,9.78,-,,,,,,,,,,,,,,,,,,,,,,,,,-,-,,,,,,,,,,,,,,,,,,,,,,,,,
,04-22-2015,17:22:54, Lane 1 ,Fwd,FF,,223,2,55,,2,8.14,,,,,,,,,,,,,,,,,,,,,,,,8.14,-,,,,,,,,,,,,,,,,,,,,,,,,,-,-,,,,,,,,,,,,,,,,,,,,,,,,,
,04-22-2015,17:23:00, Lane 1 ,Fwd,FF,,224,2,53,,2,8.77,,,,,,,,,,,,,,,,,,,,,,,,8.77,-,,,,,,,,,,,,,,,,,,,,,,,,,-,-,,,,,,,,,,,,,,,,,,,,,,,,,
,04-22-2015,17:23:01, Lane 1 ,Fwd,FF,,225,2,52,,2,9.66,,,,,,,,,,,,,,,,,,,,,,,,9.66,-,,,,,,,,,,,,,,,,,,,,,,,,,-,-,,,,,,,,,,,,,,,,,,,,,,,,,
,04-22-2015,17:23:02, Lane 1 ,Fwd,FF,,226,2,54,,2,9.88,,,,,,,,,,,,,,,,,,,,,,,,9.88,-,,,,,,,,,,,,,,,,,,,,,,,,,-,-,,,,,,,,,,,,,,,,,,,,,,,,,
,04-22-2015,17:23:05, Lane 1 ,Fwd,FF,,227,2,57,,2,9.67,,,,,,,,,,,,,,,,,,,,,,,,9.67,-,,,,,,,,,,,,,,,,,,,,,,,,,-,-,,,,,,,,,,,,,,,,,,,,,,,,,
,04-22-2015,17:23:06, Lane 1 ,Fwd,FF,,228,2,57,,2,9.06,,,,,,,,,,,,,,,,,,,,,,,,9.06,-,,,,,,,,,,,,,,,,,,,,,,,,,-,-,,,,,,,,,,,,,,,,,,,,,,,,,
,04-22-2015,17:23:08, Lane 1 ,Fwd,FF,,229,3,59,,2,11.83,,,,,,,,,,,,,,,,,,,,,,,,11.83,-,,,,,,,,,,,,,,,,,,,,,,,,,-,-,,,,,,,,,,,,,,,,,,,,,,,,,
,04-22-2015,17:23:13, Lane 1 ,Fwd,FF,,230,2,55,,2,9.08,,,,,,,,,,,,,,,,,,,,,,,,9.08,-,,,,,,,,,,,,,,,,,,,,,,,,,-,-,,,,,,,,,,,,,,,,,,,,,,,,,
,04-22-2015,17:23:40, Lane 1 ,Fwd,FF,,231,2,64,,2,8.25,,,,,,,,,,,,,,,,,,,,,,,,8.25,-,,,,,,,,,,,,,,,,,,,,,,,,,-,-,,,,,,,,,,,,,,,,,,,,,,,,,
,04-22-2015,17:24:27, Lane 1 ,Fwd,FF,,232,2,59,,2,8.70,,,,,,,,,,,,,,,,,,,,,,,,8.70,-,,,,,,,,,,,,,,,,,,,,,,,,,-,-,,,,,,,,,,,,,,,,,,,,,,,,,
,04-22-2015,17:24:30, Lane 1 ,Fwd,FF,,233,2,62,,2,8.91,,,,,,,,,,,,,,,,,,,,,,,,8.91,-,,,,,,,,,,,,,,,,,,,,,,,,,-,-,,,,,,,,,,,,,,,,,,,,,,,,,
,04-22-2015,17:24:38, Lane 1 ,Fwd,FF,,234,2,59,,2,9.24,,,,,,,,,,,,,,,,,,,,,,,,9.24,-,,,,,,,,,,,,,,,,,,,,,,,,,-,-,,,,,,,,,,,,,,,,,,,,,,,,,
,04-22-2015,17:24:39, Lane 1 ,Fwd,FF,,235,2,59,,2,8.52,,,,,,,,,,,,,,,,,,,,,,,,8.52,-,,,,,,,,,,,,,,,,,,,,,,,,,-,-,,,,,,,,,,,,,,,,,,,,,,,,,
,04-22-2015,17:24:40, Lane 1 ,Fwd,FF,,236,2,59,,2,9.76,,,,,,,,,,,,,,,,,,,,,,,,9.76,-,,,,,,,,,,,,,,,,,,,,,,,,,-,-,,,,,,,,,,,,,,,,,,,,,,,,,
,04-22-2015,17:24:41, Lane 1 ,Fwd,FF,,237,2,58,,2,8.96,,,,,,,,,,,,,,,,,,,,,,,,8.96,-,,,,,,,,,,,,,,,,,,,,,,,,,-,-,,,,,,,,,,,,,,,,,,,,,,,,,
,04-22-2015,17:24:51, Lane 1 ,Fwd,FF,,238,2,61,,2,8.78,,,,,,,,,,,,,,,,,,,,,,,,8.78,-,,,,,,,,,,,,,,,,,,,,,,,,,-,-,,,,,,,,,,,,,,,,,,,,,,,,,
,04-22-2015,17:24:52, Lane 1 ,Fwd,FF,,239,5,57,,2,13.68,,,,,,,,,,,,,,,,,,,,,,,,13.68,-,,,,,,,,,,,,,,,,,,,,,,,,,-,-,,,,,,,,,,,,,,,,,,,,,,,,,
,04-22-2015,17:24:53, Lane 1 ,Fwd,FF,,240,2,58,,2,9.47,,,,,,,,,,,,,,,,,,,,,,,,9.47,-,,,,,,,,,,,,,,,,,,,,,,,,,-,-,,,,,,,,,,,,,,,,,,,,,,,,,
,04-22-2015,17:24:55, Lane 1 ,Fwd,FF,,241,2,61,,2,8.89,,,,,,,,,,,,,,,,,,,,,,,,8.89,-,,,,,,,,,,,,,,,,,,,,,,,,,-,-,,,,,,,,,,,,,,,,,,,,,,,,,
,04-22-2015,17:24:57, Lane 1 ,Fwd,FF,,242,2,61,,2,8.78,,,,,,,,,,,,,,,,,,,,,,,,8.78,-,,,,,,,,,,,,,,,,,,,,,,,,,-,-,,,,,,,,,,,,,,,,,,,,,,,,,
,04-22-2015,17:25:05, Lane 1 ,Fwd,FF,,243,2,55,,2,9.25,,,,,,,,,,,,,,,,,,,,,,,,9.25,-,,,,,,,,,,,,,,,,,,,,,,,,,-,-,,,,,,,,,,,,,,,,,,,,,,,,,
,04-22-2015,17:25:20, Lane 1 ,Fwd,FF,,244,2,58,,2,9.02,,,,,,,,,,,,,,,,,,,,,,,,9.02,-,,,,,,,,,,,,,,,,,,,,,,,,,-,-,,,,,,,,,,,,,,,,,,,,,,,,,
,04-22-2015,17:25:23, Lane 1 ,Fwd,FF,,245,2,58,,2,8.91,,,,,,,,,,,,,,,,,,,,,,,,8.91,-,,,,,,,,,,,,,,,,,,,,,,,,,-,-,,,,,,,,,,,,,,,,,,,,,,,,,
,04-22-2015,17:25:29, Lane 1 ,Fwd,FF,,246,3,56,,2,10.70,,,,,,,,,,,,,,,,,,,,,,,,10.70,-,,,,,,,,,,,,,,,,,,,,,,,,,-,-,,,,,,,,,,,,,,,,,,,,,,,,,
,04-22-2015,17:25:30, Lane 1 ,Fwd,FF,,247,2,55,,2,8.64,,,,,,,,,,,,,,,,,,,,,,,,8.64,-,,,,,,,,,,,,,,,,,,,,,,,,,-,-,,,,,,,,,,,,,,,,,,,,,,,,,
,04-22-2015,17:25:31, Lane 1 ,Fwd,FF,,248,5,56,,2,13.15,,,,,,,,,,,,,,,,,,,,,,,,13.15,-,,,,,,,,,,,,,,,,,,,,,,,,,-,-,,,,,,,,,,,,,,,,,,,,,,,,,
,04-22-2015,17:25:33, Lane 1 ,Fwd,FF,,249,2,58,,2,9.19,,,,,,,,,,,,,,,,,,,,,,,,9.19,-,,,,,,,,,,,,,,,,,,,,,,,,,-,-,,,,,,,,,,,,,,,,,,,,,,,,,
,04-22-2015,17:25:34, Lane 1 ,Fwd,FF,,250,3,58,,2,11.92,,,,,,,,,,,,,,,,,,,,,,,,11.92,-,,,,,,,,,,,,,,,,,,,,,,,,,-,-,,,,,,,,,,,,,,,,,,,,,,,,,
,04-22-2015,17:25:46, Lane 1 ,Fwd,FF,,251,2,55,,2,8.54,,,,,,,,,,,,,,,,,,,,,,,,8.54,-,,,,,,,,,,,,,,,,,,,,,,,,,-,-,,,,,,,,,,,,,,,,,,,,,,,,,
,04-22-2015,17:25:58, Lane 1 ,Fwd,FF,,252,2,51,,2,8.67,,,,,,,,,,,,,,,,,,,,,,,,8.67,-,,,,,,,,,,,,,,,,,,,,,,,,,-,-,,,,,,,,,,,,,,,,,,,,,,,,,
,04-22-2015,17:26:03, Lane 1 ,Fwd,FF,,253,9,48,,5,16.91,4.21,34.60,4.00,,,,,,,,,,,,,,,,,,,,,59.72,-,,,,,,,,,,,,,,,,,,,,,,,,,-,-,,,,,,,,,,,,,,,,,,,,,,,,,
,04-22-2015,17:26:07, Lane 1 ,Fwd,FF,,254,2,52,,2,8.13,,,,,,,,,,,,,,,,,,,,,,,,8.13,-,,,,,,,,,,,,,,,,,,,,,,,,,-,-,,,,,,,,,,,,,,,,,,,,,,,,,
,04-22-2015,17:26:08, Lane 1 ,Fwd,FF,,255,5,52,,2,14.34,,,,,,,,,,,,,,,,,,,,,,,,14.34,-,,,,,,,,,,,,,,,,,,,,,,,,,-,-,,,,,,,,,,,,,,,,,,,,,,,,,
,04-22-2015,17:26:09, Lane 1 ,Fwd,FF,,256,2,53,,2,9.08,,,,,,,,,,,,,,,,,,,,,,,,9.08,-,,,,,,,,,,,,,,,,,,,,,,,,,-,-,,,,,,,,,,,,,,,,,,,,,,,,,
,04-22-2015,17:26:10, Lane 1 ,Fwd,FF,,257,3,51,,2,11.85,,,,,,,,,,,,,,,,,,,,,,,,11.85,-,,,,,,,,,,,,,,,,,,,,,,,,,-,-,,,,,,,,,,,,,,,,,,,,,,,,,
,04-22-2015,17:26:11, Lane 1 ,Fwd,FF,,258,3,53,,2,11.85,,,,,,,,,,,,,,,,,,,,,,,,11.85,-,,,,,,,,,,,,,,,,,,,,,,,,,-,-,,,,,,,,,,,,,,,,,,,,,,,,,
,04-22-2015,17:26:15, Lane 1 ,Fwd,FF,,259,2,53,,2,8.52,,,,,,,,,,,,,,,,,,,,,,,,8.52,-,,,,,,,,,,,,,,,,,,,,,,,,,-,-,,,,,,,,,,,,,,,,,,,,,,,,,
,04-22-2015,17:26:17, Lane 1 ,Fwd,FF,,260,3,51,,2,10.51,,,,,,,,,,,,,,,,,,,,,,,,10.51,-,,,,,,,,,,,,,,,,,,,,,,,,,-,-,,,,,,,,,,,,,,,,,,,,,,,,,
,04-22-2015,17:26:19, Lane 1 ,Fwd,FF,,261,2,58,,2,9.17,,,,,,,,,,,,,,,,,,,,,,,,9.17,-,,,,,,,,,,,,,,,,,,,,,,,,,-,-,,,,,,,,,,,,,,,,,,,,,,,,,
,04-22-2015,17:26:22, Lane 1 ,Fwd,FF,,262,2,67,,2,8.56,,,,,,,,,,,,,,,,,,,,,,,,8.56,-,,,,,,,,,,,,,,,,,,,,,,,,,-,-,,,,,,,,,,,,,,,,,,,,,,,,,
,04-22-2015,17:26:32, Lane 1 ,Fwd,FF,,263,2,63,,2,9.34,,,,,,,,,,,,,,,,,,,,,,,,9.34,-,,,,,,,,,,,,,,,,,,,,,,,,,-,-,,,,,,,,,,,,,,,,,,,,,,,,,
,04-22-2015,17:26:34, Lane 1 ,Fwd,FF,,264,2,62,,2,8.12,,,,,,,,,,,,,,,,,,,,,,,,8.12,-,,,,,,,,,,,,,,,,,,,,,,,,,-,-,,,,,,,,,,,,,,,,,,,,,,,,,
,04-22-2015,17:27:01, Lane 1 ,Fwd,FF,,265,2,60,,2,9.09,,,,,,,,,,,,,,,,,,,,,,,,9.09,-,,,,,,,,,,,,,,,,,,,,,,,,,-,-,,,,,,,,,,,,,,,,,,,,,,,,,
,04-22-2015,17:27:03, Lane 1 ,Fwd,FF,,266,3,61,,2,12.90,,,,,,,,,,,,,,,,,,,,,,,,12.90,-,,,,,,,,,,,,,,,,,,,,,,,,,-,-,,,,,,,,,,,,,,,,,,,,,,,,,
,04-22-2015,17:27:06, Lane 1 ,Fwd,FF,,267,2,58,,2,8.70,,,,,,,,,,,,,,,,,,,,,,,,8.70,-,,,,,,,,,,,,,,,,,,,,,,,,,-,-,,,,,,,,,,,,,,,,,,,,,,,,,
,04-22-2015,17:27:28, Lane 1 ,Fwd,FF,,268,2,56,,2,9.62,,,,,,,,,,,,,,,,,,,,,,,,9.62,-,,,,,,,,,,,,,,,,,,,,,,,,,-,-,,,,,,,,,,,,,,,,,,,,,,,,,
,04-22-2015,17:27:46, Lane 1 ,Fwd,FF,,269,2,67,,2,8.88,,,,,,,,,,,,,,,,,,,,,,,,8.88,-,,,,,,,,,,,,,,,,,,,,,,,,,-,-,,,,,,,,,,,,,,,,,,,,,,,,,
,04-22-2015,17:27:47, Lane 1 ,Fwd,FF,,270,2,64,,2,8.41,,,,,,,,,,,,,,,,,,,,,,,,8.41,-,,,,,,,,,,,,,,,,,,,,,,,,,-,-,,,,,,,,,,,,,,,,,,,,,,,,,
,04-22-2015,17:28:35, Lane 1 ,Fwd,FF,,271,3,59,,2,10.28,,,,,,,,,,,,,,,,,,,,,,,,10.28,-,,,,,,,,,,,,,,,,,,,,,,,,,-,-,,,,,,,,,,,,,,,,,,,,,,,,,
,04-22-2015,17:28:38, Lane 1 ,Fwd,FF,,272,2,59,,2,8.00,,,,,,,,,,,,,,,,,,,,,,,,8.00,-,,,,,,,,,,,,,,,,,,,,,,,,,-,-,,,,,,,,,,,,,,,,,,,,,,,,,
,04-22-2015,17:28:40, Lane 1 ,Fwd,FF,,273,2,58,,2,9.04,,,,,,,,,,,,,,,,,,,,,,,,9.04,-,,,,,,,,,,,,,,,,,,,,,,,,,-,-,,,,,,,,,,,,,,,,,,,,,,,,,
,04-22-2015,17:28:43, Lane 1 ,Fwd,FF,,274,3,59,,2,10.44,,,,,,,,,,,,,,,,,,,,,,,,10.44,-,,,,,,,,,,,,,,,,,,,,,,,,,-,-,,,,,,,,,,,,,,,,,,,,,,,,,
,04-22-2015,17:28:45, Lane 1 ,Fwd,FF,,275,2,57,,2,9.40,,,,,,,,,,,,,,,,,,,,,,,,9.40,-,,,,,,,,,,,,,,,,,,,,,,,,,-,-,,,,,,,,,,,,,,,,,,,,,,,,,
,04-22-2015,17:28:47, Lane 1 ,Fwd,FF,,276,2,57,,2,9.25,,,,,,,,,,,,,,,,,,,,,,,,9.25,-,,,,,,,,,,,,,,,,,,,,,,,,,-,-,,,,,,,,,,,,,,,,,,,,,,,,,
,04-22-2015,17:29:32, Lane 1 ,Fwd,FF,,277,2,53,,2,8.69,,,,,,,,,,,,,,,,,,,,,,,,8.69,-,,,,,,,,,,,,,,,,,,,,,,,,,-,-,,,,,,,,,,,,,,,,,,,,,,,,,
,04-22-2015,17:29:34, Lane 1 ,Fwd,FF,,278,3,52,,2,12.91,,,,,,,,,,,,,,,,,,,,,,,,12.91,-,,,,,,,,,,,,,,,,,,,,,,,,,-,-,,,,,,,,,,,,,,,,,,,,,,,,,
,04-22-2015,17:29:36, Lane 1 ,Fwd,FF,,279,2,56,,2,8.74,,,,,,,,,,,,,,,,,,,,,,,,8.74,-,,,,,,,,,,,,,,,,,,,,,,,,,-,-,,,,,,,,,,,,,,,,,,,,,,,,,
,04-22-2015,17:29:37, Lane 1 ,Fwd,FF,,280,2,56,,2,9.06,,,,,,,,,,,,,,,,,,,,,,,,9.06,-,,,,,,,,,,,,,,,,,,,,,,,,,-,-,,,,,,,,,,,,,,,,,,,,,,,,,
,04-22-2015,17:29:39, Lane 1 ,Fwd,FF,,281,2,56,,2,9.12,,,,,,,,,,,,,,,,,,,,,,,,9.12,-,,,,,,,,,,,,,,,,,,,,,,,,,-,-,,,,,,,,,,,,,,,,,,,,,,,,,
,04-22-2015,17:29:40, Lane 1 ,Fwd,FF,,282,2,58,,2,8.96,,,,,,,,,,,,,,,,,,,,,,,,8.96,-,,,,,,,,,,,,,,,,,,,,,,,,,-,-,,,,,,,,,,,,,,,,,,,,,,,,,
,04-22-2015,17:29:43, Lane 1 ,Fwd,FF,,283,2,57,,2,9.75,,,,,,,,,,,,,,,,,,,,,,,,9.75,-,,,,,,,,,,,,,,,,,,,,,,,,,-,-,,,,,,,,,,,,,,,,,,,,,,,,,
,04-22-2015,17:29:45, Lane 1 ,Fwd,FF,,284,2,59,,2,8.81,,,,,,,,,,,,,,,,,,,,,,,,8.81,-,,,,,,,,,,,,,,,,,,,,,,,,,-,-,,,,,,,,,,,,,,,,,,,,,,,,,
,04-22-2015,17:29:47, Lane 1 ,Fwd,FF,,285,2,58,,2,9.70,,,,,,,,,,,,,,,,,,,,,,,,9.70,-,,,,,,,,,,,,,,,,,,,,,,,,,-,-,,,,,,,,,,,,,,,,,,,,,,,,,
,04-22-2015,17:29:49, Lane 1 ,Fwd,FF,,286,3,59,,2,11.83,,,,,,,,,,,,,,,,,,,,,,,,11.83,-,,,,,,,,,,,,,,,,,,,,,,,,,-,-,,,,,,,,,,,,,,,,,,,,,,,,,
,04-22-2015,17:29:50, Lane 1 ,Fwd,FF,,287,2,58,,2,8.91,,,,,,,,,,,,,,,,,,,,,,,,8.91,-,,,,,,,,,,,,,,,,,,,,,,,,,-,-,,,,,,,,,,,,,,,,,,,,,,,,,
,04-22-2015,17:29:52, Lane 1 ,Fwd,FF,,288,2,60,,2,8.38,,,,,,,,,,,,,,,,,,,,,,,,8.38,-,,,,,,,,,,,,,,,,,,,,,,,,,-,-,,,,,,,,,,,,,,,,,,,,,,,,,
,04-22-2015,17:29:53, Lane 1 ,Fwd,FF,,289,2,59,,2,8.78,,,,,,,,,,,,,,,,,,,,,,,,8.78,-,,,,,,,,,,,,,,,,,,,,,,,,,-,-,,,,,,,,,,,,,,,,,,,,,,,,,
,04-22-2015,17:30:06, Lane 1 ,Fwd,FF,,290,3,63,,2,11.91,,,,,,,,,,,,,,,,,,,,,,,,11.91,-,,,,,,,,,,,,,,,,,,,,,,,,,-,-,,,,,,,,,,,,,,,,,,,,,,,,,
,04-22-2015,17:30:17, Lane 1 ,Fwd,FF,,291,2,64,,2,8.91,,,,,,,,,,,,,,,,,,,,,,,,8.91,-,,,,,,,,,,,,,,,,,,,,,,,,,-,-,,,,,,,,,,,,,,,,,,,,,,,,,
,04-22-2015,17:30:18, Lane 1 ,Fwd,FF,,292,2,64,,2,8.72,,,,,,,,,,,,,,,,,,,,,,,,8.72,-,,,,,,,,,,,,,,,,,,,,,,,,,-,-,,,,,,,,,,,,,,,,,,,,,,,,,
,04-22-2015,17:30:25, Lane 1 ,Fwd,FF,,293,3,61,,2,12.90,,,,,,,,,,,,,,,,,,,,,,,,12.90,-,,,,,,,,,,,,,,,,,,,,,,,,,-,-,,,,,,,,,,,,,,,,,,,,,,,,,
,04-22-2015,17:30:26, Lane 1 ,Fwd,FF,,294,2,62,,2,8.75,,,,,,,,,,,,,,,,,,,,,,,,8.75,-,,,,,,,,,,,,,,,,,,,,,,,,,-,-,,,,,,,,,,,,,,,,,,,,,,,,,
,04-22-2015,17:30:37, Lane 1 ,Fwd,FF,,295,2,62,,2,8.57,,,,,,,,,,,,,,,,,,,,,,,,8.57,-,,,,,,,,,,,,,,,,,,,,,,,,,-,-,,,,,,,,,,,,,,,,,,,,,,,,,
,04-22-2015,17:30:41, Lane 1 ,Fwd,FF,,296,3,54,,2,12.86,,,,,,,,,,,,,,,,,,,,,,,,12.86,-,,,,,,,,,,,,,,,,,,,,,,,,,-,-,,,,,,,,,,,,,,,,,,,,,,,,,
,04-22-2015,17:30:57, Lane 1 ,Fwd,FF,,297,3,59,,2,11.74,,,,,,,,,,,,,,,,,,,,,,,,11.74,-,,,,,,,,,,,,,,,,,,,,,,,,,-,-,,,,,,,,,,,,,,,,,,,,,,,,,
,04-22-2015,17:31:05, Lane 1 ,Fwd,FF,,298,2,56,,2,10.02,,,,,,,,,,,,,,,,,,,,,,,,10.02,-,,,,,,,,,,,,,,,,,,,,,,,,,-,-,,,,,,,,,,,,,,,,,,,,,,,,,
,04-22-2015,17:31:29, Lane 1 ,Fwd,FF,,299,2,53,,2,9.21,,,,,,,,,,,,,,,,,,,,,,,,9.21,-,,,,,,,,,,,,,,,,,,,,,,,,,-,-,,,,,,,,,,,,,,,,,,,,,,,,,
,04-22-2015,17:31:52, Lane 1 ,Fwd,FF,,300,2,52,,2,9.81,,,,,,,,,,,,,,,,,,,,,,,,9.81,-,,,,,,,,,,,,,,,,,,,,,,,,,-,-,,,,,,,,,,,,,,,,,,,,,,,,,
,04-22-2015,17:32:00, Lane 1 ,Fwd,FF,,301,2,59,,2,8.52,,,,,,,,,,,,,,,,,,,,,,,,8.52,-,,,,,,,,,,,,,,,,,,,,,,,,,-,-,,,,,,,,,,,,,,,,,,,,,,,,,
,04-22-2015,17:32:01, Lane 1 ,Fwd,FF,,302,3,60,,2,12.88,,,,,,,,,,,,,,,,,,,,,,,,12.88,-,,,,,,,,,,,,,,,,,,,,,,,,,-,-,,,,,,,,,,,,,,,,,,,,,,,,,
,04-22-2015,17:32:02, Lane 1 ,Fwd,FF,,303,2,61,,2,8.51,,,,,,,,,,,,,,,,,,,,,,,,8.51,-,,,,,,,,,,,,,,,,,,,,,,,,,-,-,,,,,,,,,,,,,,,,,,,,,,,,,
,04-22-2015,17:32:04, Lane 1 ,Fwd,FF,,304,2,62,,2,9.74,,,,,,,,,,,,,,,,,,,,,,,,9.74,-,,,,,,,,,,,,,,,,,,,,,,,,,-,-,,,,,,,,,,,,,,,,,,,,,,,,,
,04-22-2015,17:32:07, Lane 1 ,Fwd,FF,,305,2,58,,2,9.02,,,,,,,,,,,,,,,,,,,,,,,,9.02,-,,,,,,,,,,,,,,,,,,,,,,,,,-,-,,,,,,,,,,,,,,,,,,,,,,,,,
,04-22-2015,17:32:09, Lane 1 ,Fwd,FF,,306,2,62,,2,8.84,,,,,,,,,,,,,,,,,,,,,,,,8.84,-,,,,,,,,,,,,,,,,,,,,,,,,,-,-,,,,,,,,,,,,,,,,,,,,,,,,,
,04-22-2015,17:32:12, Lane 1 ,Fwd,FF,,307,2,64,,2,9.75,,,,,,,,,,,,,,,,,,,,,,,,9.75,-,,,,,,,,,,,,,,,,,,,,,,,,,-,-,,,,,,,,,,,,,,,,,,,,,,,,,
,04-22-2015,17:32:13, Lane 1 ,Fwd,FF,,308,2,63,,2,8.70,,,,,,,,,,,,,,,,,,,,,,,,8.70,-,,,,,,,,,,,,,,,,,,,,,,,,,-,-,,,,,,,,,,,,,,,,,,,,,,,,,
,04-22-2015,17:32:22, Lane 1 ,Fwd,FF,,309,2,52,,2,8.61,,,,,,,,,,,,,,,,,,,,,,,,8.61,-,,,,,,,,,,,,,,,,,,,,,,,,,-,-,,,,,,,,,,,,,,,,,,,,,,,,,
,04-22-2015,17:32:23, Lane 1 ,Fwd,FF,,310,2,52,,2,8.71,,,,,,,,,,,,,,,,,,,,,,,,8.71,-,,,,,,,,,,,,,,,,,,,,,,,,,-,-,,,,,,,,,,,,,,,,,,,,,,,,,
,04-22-2015,17:32:24, Lane 1 ,Fwd,FF,,311,3,52,,2,11.77,,,,,,,,,,,,,,,,,,,,,,,,11.77,-,,,,,,,,,,,,,,,,,,,,,,,,,-,-,,,,,,,,,,,,,,,,,,,,,,,,,
,04-22-2015,17:32:25, Lane 1 ,Fwd,FF,,312,3,52,,2,11.77,,,,,,,,,,,,,,,,,,,,,,,,11.77,-,,,,,,,,,,,,,,,,,,,,,,,,,-,-,,,,,,,,,,,,,,,,,,,,,,,,,
,04-22-2015,17:32:26, Lane 1 ,Fwd,FF,,313,2,49,,2,8.89,,,,,,,,,,,,,,,,,,,,,,,,8.89,-,,,,,,,,,,,,,,,,,,,,,,,,,-,-,,,,,,,,,,,,,,,,,,,,,,,,,
,04-22-2015,17:33:17, Lane 1 ,Fwd,FF,,314,3,62,,2,11.28,,,,,,,,,,,,,,,,,,,,,,,,11.28,-,,,,,,,,,,,,,,,,,,,,,,,,,-,-,,,,,,,,,,,,,,,,,,,,,,,,,
,04-22-2015,17:33:32, Lane 1 ,Fwd,FF,,315,2,55,,2,8.86,,,,,,,,,,,,,,,,,,,,,,,,8.86,-,,,,,,,,,,,,,,,,,,,,,,,,,-,-,,,,,,,,,,,,,,,,,,,,,,,,,
,04-22-2015,17:33:37, Lane 1 ,Fwd,FF,,316,2,58,,2,8.45,,,,,,,,,,,,,,,,,,,,,,,,8.45,-,,,,,,,,,,,,,,,,,,,,,,,,,-,-,,,,,,,,,,,,,,,,,,,,,,,,,
,04-22-2015,17:33:38, Lane 1 ,Fwd,FF,,317,2,56,,2,9.23,,,,,,,,,,,,,,,,,,,,,,,,9.23,-,,,,,,,,,,,,,,,,,,,,,,,,,-,-,,,,,,,,,,,,,,,,,,,,,,,,,
,04-22-2015,17:33:41, Lane 1 ,Fwd,FF,,318,2,60,,2,9.09,,,,,,,,,,,,,,,,,,,,,,,,9.09,-,,,,,,,,,,,,,,,,,,,,,,,,,-,-,,,,,,,,,,,,,,,,,,,,,,,,,
,04-22-2015,17:33:49, Lane 1 ,Fwd,FF,,319,2,56,,2,8.82,,,,,,,,,,,,,,,,,,,,,,,,8.82,-,,,,,,,,,,,,,,,,,,,,,,,,,-,-,,,,,,,,,,,,,,,,,,,,,,,,,
,04-22-2015,17:33:58, Lane 1 ,Fwd,FF,,320,5,62,,2,13.81,,,,,,,,,,,,,,,,,,,,,,,,13.81,-,,,,,,,,,,,,,,,,,,,,,,,,,-,-,,,,,,,,,,,,,,,,,,,,,,,,,
,04-22-2015,17:34:02, Lane 1 ,Fwd,FF,,321,9,63,,5,15.54,4.19,32.93,3.91,,,,,,,,,,,,,,,,,,,,,56.57,-,,,,,,,,,,,,,,,,,,,,,,,,,-,-,,,,,,,,,,,,,,,,,,,,,,,,,
,04-22-2015,17:34:04, Lane 1 ,Fwd,FF,,322,2,63,,2,8.84,,,,,,,,,,,,,,,,,,,,,,,,8.84,-,,,,,,,,,,,,,,,,,,,,,,,,,-,-,,,,,,,,,,,,,,,,,,,,,,,,,
,04-22-2015,17:34:05, Lane 1 ,Fwd,FF,,323,2,63,,2,8.86,,,,,,,,,,,,,,,,,,,,,,,,8.86,-,,,,,,,,,,,,,,,,,,,,,,,,,-,-,,,,,,,,,,,,,,,,,,,,,,,,,
,04-22-2015,17:34:08, Lane 1 ,Fwd,FF,,324,2,60,,2,9.62,,,,,,,,,,,,,,,,,,,,,,,,9.62,-,,,,,,,,,,,,,,,,,,,,,,,,,-,-,,,,,,,,,,,,,,,,,,,,,,,,,
,04-22-2015,17:34:16, Lane 1 ,Fwd,FF,,325,2,58,,2,9.26,,,,,,,,,,,,,,,,,,,,,,,,9.26,-,,,,,,,,,,,,,,,,,,,,,,,,,-,-,,,,,,,,,,,,,,,,,,,,,,,,,
,04-22-2015,17:34:18, Lane 1 ,Fwd,FF,,326,2,57,,2,8.98,,,,,,,,,,,,,,,,,,,,,,,,8.98,-,,,,,,,,,,,,,,,,,,,,,,,,,-,-,,,,,,,,,,,,,,,,,,,,,,,,,
,04-22-2015,17:34:19, Lane 1 ,Fwd,FF,,327,2,55,,2,9.42,,,,,,,,,,,,,,,,,,,,,,,,9.42,-,,,,,,,,,,,,,,,,,,,,,,,,,-,-,,,,,,,,,,,,,,,,,,,,,,,,,
,04-22-2015,17:34:20, Lane 1 ,Fwd,FF,,328,3,55,,2,11.20,,,,,,,,,,,,,,,,,,,,,,,,11.20,-,,,,,,,,,,,,,,,,,,,,,,,,,-,-,,,,,,,,,,,,,,,,,,,,,,,,,
,04-22-2015,17:34:23, Lane 1 ,Fwd,FF,,329,2,60,,2,8.50,,,,,,,,,,,,,,,,,,,,,,,,8.50,-,,,,,,,,,,,,,,,,,,,,,,,,,-,-,,,,,,,,,,,,,,,,,,,,,,,,,
,04-22-2015,17:34:28, Lane 1 ,Fwd,FF,,330,2,60,,2,8.74,,,,,,,,,,,,,,,,,,,,,,,,8.74,-,,,,,,,,,,,,,,,,,,,,,,,,,-,-,,,,,,,,,,,,,,,,,,,,,,,,,
,04-22-2015,17:34:30, Lane 1 ,Fwd,FF,,331,2,60,,2,9.02,,,,,,,,,,,,,,,,,,,,,,,,9.02,-,,,,,,,,,,,,,,,,,,,,,,,,,-,-,,,,,,,,,,,,,,,,,,,,,,,,,
,04-22-2015,17:34:43, Lane 1 ,Fwd,FF,,332,3,58,,2,12.09,,,,,,,,,,,,,,,,,,,,,,,,12.09,-,,,,,,,,,,,,,,,,,,,,,,,,,-,-,,,,,,,,,,,,,,,,,,,,,,,,,
,04-22-2015,17:35:01, Lane 1 ,Fwd,FF,,333,2,62,,2,7.91,,,,,,,,,,,,,,,,,,,,,,,,7.91,-,,,,,,,,,,,,,,,,,,,,,,,,,-,-,,,,,,,,,,,,,,,,,,,,,,,,,
,04-22-2015,17:35:03, Lane 1 ,Fwd,FF,,334,3,64,,2,11.81,,,,,,,,,,,,,,,,,,,,,,,,11.81,-,,,,,,,,,,,,,,,,,,,,,,,,,-,-,,,,,,,,,,,,,,,,,,,,,,,,,
,04-22-2015,17:35:12, Lane 1 ,Fwd,FF,,335,2,62,,2,8.09,,,,,,,,,,,,,,,,,,,,,,,,8.09,-,,,,,,,,,,,,,,,,,,,,,,,,,-,-,,,,,,,,,,,,,,,,,,,,,,,,,
,04-22-2015,17:35:14, Lane 1 ,Fwd,FF,,336,2,61,,2,8.53,,,,,,,,,,,,,,,,,,,,,,,,8.53,-,,,,,,,,,,,,,,,,,,,,,,,,,-,-,,,,,,,,,,,,,,,,,,,,,,,,,
,04-22-2015,17:35:27, Lane 1 ,Fwd,FF,,337,2,66,,2,7.59,,,,,,,,,,,,,,,,,,,,,,,,7.59,-,,,,,,,,,,,,,,,,,,,,,,,,,-,-,,,,,,,,,,,,,,,,,,,,,,,,,
,04-22-2015,17:36:21, Lane 1 ,Fwd,FF,,338,8,63,,3,9.58,20.65,,,,,,,,,,,,,,,,,,,,,,,30.23,-,,,,,,,,,,,,,,,,,,,,,,,,,-,-,,,,,,,,,,,,,,,,,,,,,,,,,
,04-22-2015,17:36:47, Lane 1 ,Fwd,FF,,339,2,63,,2,8.40,,,,,,,,,,,,,,,,,,,,,,,,8.40,-,,,,,,,,,,,,,,,,,,,,,,,,,-,-,,,,,,,,,,,,,,,,,,,,,,,,,
,04-22-2015,17:36:52, Lane 1 ,Fwd,FF,,340,2,63,,2,8.15,,,,,,,,,,,,,,,,,,,,,,,,8.15,-,,,,,,,,,,,,,,,,,,,,,,,,,-,-,,,,,,,,,,,,,,,,,,,,,,,,,
,04-22-2015,17:37:03, Lane 1 ,Fwd,FF,,341,2,64,,2,9.19,,,,,,,,,,,,,,,,,,,,,,,,9.19,-,,,,,,,,,,,,,,,,,,,,,,,,,-,-,,,,,,,,,,,,,,,,,,,,,,,,,
,04-22-2015,17:37:06, Lane 1 ,Fwd,FF,,342,2,65,,2,8.86,,,,,,,,,,,,,,,,,,,,,,,,8.86,-,,,,,,,,,,,,,,,,,,,,,,,,,-,-,,,,,,,,,,,,,,,,,,,,,,,,,
,04-22-2015,17:37:10, Lane 1 ,Fwd,FF,,343,2,58,,2,9.02,,,,,,,,,,,,,,,,,,,,,,,,9.02,-,,,,,,,,,,,,,,,,,,,,,,,,,-,-,,,,,,,,,,,,,,,,,,,,,,,,,
,04-22-2015,17:37:21, Lane 1 ,Fwd,FF,,344,8,54,,4,13.74,20.92,2.92,,,,,,,,,,,,,,,,,,,,,,37.58,-,,,,,,,,,,,,,,,,,,,,,,,,,-,-,,,,,,,,,,,,,,,,,,,,,,,,,
,04-22-2015,17:37:23, Lane 1 ,Fwd,FF,,345,2,54,,2,8.31,,,,,,,,,,,,,,,,,,,,,,,,8.31,-,,,,,,,,,,,,,,,,,,,,,,,,,-,-,,,,,,,,,,,,,,,,,,,,,,,,,
,04-22-2015,17:37:26, Lane 1 ,Fwd,FF,,346,3,54,,2,12.55,,,,,,,,,,,,,,,,,,,,,,,,12.55,-,,,,,,,,,,,,,,,,,,,,,,,,,-,-,,,,,,,,,,,,,,,,,,,,,,,,,
,04-22-2015,17:37:27, Lane 1 ,Fwd,FF,,347,2,54,,2,9.65,,,,,,,,,,,,,,,,,,,,,,,,9.65,-,,,,,,,,,,,,,,,,,,,,,,,,,-,-,,,,,,,,,,,,,,,,,,,,,,,,,
,04-22-2015,17:37:28, Lane 1 ,Fwd,FF,,348,2,56,,2,9.06,,,,,,,,,,,,,,,,,,,,,,,,9.06,-,,,,,,,,,,,,,,,,,,,,,,,,,-,-,,,,,,,,,,,,,,,,,,,,,,,,,
,04-22-2015,17:37:30, Lane 1 ,Fwd,FF,,349,2,57,,2,8.89,,,,,,,,,,,,,,,,,,,,,,,,8.89,-,,,,,,,,,,,,,,,,,,,,,,,,,-,-,,,,,,,,,,,,,,,,,,,,,,,,,
,04-22-2015,17:37:32, Lane 1 ,Fwd,FF,,350,2,56,,2,9.37,,,,,,,,,,,,,,,,,,,,,,,,9.37,-,,,,,,,,,,,,,,,,,,,,,,,,,-,-,,,,,,,,,,,,,,,,,,,,,,,,,
,04-22-2015,17:37:39, Lane 1 ,Fwd,FF,,351,2,60,,2,8.59,,,,,,,,,,,,,,,,,,,,,,,,8.59,-,,,,,,,,,,,,,,,,,,,,,,,,,-,-,,,,,,,,,,,,,,,,,,,,,,,,,
,04-22-2015,17:37:52, Lane 1 ,Fwd,FF,,352,5,61,,2,13.70,,,,,,,,,,,,,,,,,,,,,,,,13.70,-,,,,,,,,,,,,,,,,,,,,,,,,,-,-,,,,,,,,,,,,,,,,,,,,,,,,,
,04-22-2015,17:38:06, Lane 1 ,Fwd,FF,,353,2,56,,2,8.96,,,,,,,,,,,,,,,,,,,,,,,,8.96,-,,,,,,,,,,,,,,,,,,,,,,,,,-,-,,,,,,,,,,,,,,,,,,,,,,,,,
,04-22-2015,17:38:12, Lane 1 ,Fwd,FF,,354,2,59,,2,8.55,,,,,,,,,,,,,,,,,,,,,,,,8.55,-,,,,,,,,,,,,,,,,,,,,,,,,,-,-,,,,,,,,,,,,,,,,,,,,,,,,,
,04-22-2015,17:38:26, Lane 1 ,Fwd,FF,,355,2,64,,2,8.81,,,,,,,,,,,,,,,,,,,,,,,,8.81,-,,,,,,,,,,,,,,,,,,,,,,,,,-,-,,,,,,,,,,,,,,,,,,,,,,,,,
,04-22-2015,17:38:30, Lane 1 ,Fwd,FF,,356,2,65,,2,8.67,,,,,,,,,,,,,,,,,,,,,,,,8.67,-,,,,,,,,,,,,,,,,,,,,,,,,,-,-,,,,,,,,,,,,,,,,,,,,,,,,,
,04-22-2015,17:38:43, Lane 1 ,Fwd,FF,,357,3,62,,2,11.46,,,,,,,,,,,,,,,,,,,,,,,,11.46,-,,,,,,,,,,,,,,,,,,,,,,,,,-,-,,,,,,,,,,,,,,,,,,,,,,,,,
,04-22-2015,17:38:46, Lane 1 ,Fwd,FF,,358,2,62,,2,9.27,,,,,,,,,,,,,,,,,,,,,,,,9.27,-,,,,,,,,,,,,,,,,,,,,,,,,,-,-,,,,,,,,,,,,,,,,,,,,,,,,,
,04-22-2015,17:38:49, Lane 1 ,Fwd,FF,,359,2,62,,2,8.37,,,,,,,,,,,,,,,,,,,,,,,,8.37,-,,,,,,,,,,,,,,,,,,,,,,,,,-,-,,,,,,,,,,,,,,,,,,,,,,,,,
,04-22-2015,17:39:10, Lane 1 ,Fwd,FF,,360,3,57,,2,11.92,,,,,,,,,,,,,,,,,,,,,,,,11.92,-,,,,,,,,,,,,,,,,,,,,,,,,,-,-,,,,,,,,,,,,,,,,,,,,,,,,,
,04-22-2015,17:39:11, Lane 1 ,Fwd,FF,,361,2,59,,2,9.13,,,,,,,,,,,,,,,,,,,,,,,,9.13,-,,,,,,,,,,,,,,,,,,,,,,,,,-,-,,,,,,,,,,,,,,,,,,,,,,,,,
,04-22-2015,17:39:27, Lane 1 ,Fwd,FF,,362,6,59,,3,16.87,4.17,,,,,,,,,,,,,,,,,,,,,,,21.04,-,,,,,,,,,,,,,,,,,,,,,,,,,-,-,,,,,,,,,,,,,,,,,,,,,,,,,
,04-22-2015,17:39:30, Lane 1 ,Fwd,FF,,363,2,57,,2,9.73,,,,,,,,,,,,,,,,,,,,,,,,9.73,-,,,,,,,,,,,,,,,,,,,,,,,,,-,-,,,,,,,,,,,,,,,,,,,,,,,,,
,04-22-2015,17:39:35, Lane 1 ,Fwd,FF,,364,3,61,,2,10.84,,,,,,,,,,,,,,,,,,,,,,,,10.84,-,,,,,,,,,,,,,,,,,,,,,,,,,-,-,,,,,,,,,,,,,,,,,,,,,,,,,
,04-22-2015,17:39:37, Lane 1 ,Fwd,FF,,365,2,62,,2,8.48,,,,,,,,,,,,,,,,,,,,,,,,8.48,-,,,,,,,,,,,,,,,,,,,,,,,,,-,-,,,,,,,,,,,,,,,,,,,,,,,,,
,04-22-2015,17:39:39, Lane 1 ,Fwd,FF,,366,2,61,,2,8.80,,,,,,,,,,,,,,,,,,,,,,,,8.80,-,,,,,,,,,,,,,,,,,,,,,,,,,-,-,,,,,,,,,,,,,,,,,,,,,,,,,
,04-22-2015,17:39:46, Lane 1 ,Fwd,FF,,367,2,62,,2,8.21,,,,,,,,,,,,,,,,,,,,,,,,8.21,-,,,,,,,,,,,,,,,,,,,,,,,,,-,-,,,,,,,,,,,,,,,,,,,,,,,,,
,04-22-2015,17:39:52, Lane 1 ,Fwd,FF,,368,2,60,,2,8.65,,,,,,,,,,,,,,,,,,,,,,,,8.65,-,,,,,,,,,,,,,,,,,,,,,,,,,-,-,,,,,,,,,,,,,,,,,,,,,,,,,
,04-22-2015,17:39:54, Lane 1 ,Fwd,FF,,369,3,57,,2,11.50,,,,,,,,,,,,,,,,,,,,,,,,11.50,-,,,,,,,,,,,,,,,,,,,,,,,,,-,-,,,,,,,,,,,,,,,,,,,,,,,,,
,04-22-2015,17:39:58, Lane 1 ,Fwd,FF,,370,2,60,,2,9.44,,,,,,,,,,,,,,,,,,,,,,,,9.44,-,,,,,,,,,,,,,,,,,,,,,,,,,-,-,,,,,,,,,,,,,,,,,,,,,,,,,
,04-22-2015,17:40:03, Lane 1 ,Fwd,FF,,371,3,62,,2,10.47,,,,,,,,,,,,,,,,,,,,,,,,10.47,-,,,,,,,,,,,,,,,,,,,,,,,,,-,-,,,,,,,,,,,,,,,,,,,,,,,,,
,04-22-2015,17:40:25, Lane 1 ,Fwd,FF,,372,2,60,,2,9.28,,,,,,,,,,,,,,,,,,,,,,,,9.28,-,,,,,,,,,,,,,,,,,,,,,,,,,-,-,,,,,,,,,,,,,,,,,,,,,,,,,
,04-22-2015,17:40:27, Lane 1 ,Fwd,FF,,373,2,59,,2,8.35,,,,,,,,,,,,,,,,,,,,,,,,8.35,-,,,,,,,,,,,,,,,,,,,,,,,,,-,-,,,,,,,,,,,,,,,,,,,,,,,,,
,04-22-2015,17:40:28, Lane 1 ,Fwd,FF,,374,2,58,,2,8.54,,,,,,,,,,,,,,,,,,,,,,,,8.54,-,,,,,,,,,,,,,,,,,,,,,,,,,-,-,,,,,,,,,,,,,,,,,,,,,,,,,
,04-22-2015,17:40:29, Lane 1 ,Fwd,FF,,375,2,57,,2,8.65,,,,,,,,,,,,,,,,,,,,,,,,8.65,-,,,,,,,,,,,,,,,,,,,,,,,,,-,-,,,,,,,,,,,,,,,,,,,,,,,,,
,04-22-2015,17:40:32, Lane 1 ,Fwd,FF,,376,2,58,,2,8.70,,,,,,,,,,,,,,,,,,,,,,,,8.70,-,,,,,,,,,,,,,,,,,,,,,,,,,-,-,,,,,,,,,,,,,,,,,,,,,,,,,
,04-22-2015,17:40:33, Lane 1 ,Fwd,FF,,377,2,58,,2,9.45,,,,,,,,,,,,,,,,,,,,,,,,9.45,-,,,,,,,,,,,,,,,,,,,,,,,,,-,-,,,,,,,,,,,,,,,,,,,,,,,,,
,04-22-2015,17:40:41, Lane 1 ,Fwd,FF,,378,5,58,,2,14.45,,,,,,,,,,,,,,,,,,,,,,,,14.45,-,,,,,,,,,,,,,,,,,,,,,,,,,-,-,,,,,,,,,,,,,,,,,,,,,,,,,
,04-22-2015,17:40:44, Lane 1 ,Fwd,FF,,379,2,57,,2,9.06,,,,,,,,,,,,,,,,,,,,,,,,9.06,-,,,,,,,,,,,,,,,,,,,,,,,,,-,-,,,,,,,,,,,,,,,,,,,,,,,,,
,04-22-2015,17:41:07, Lane 1 ,Fwd,FF,,380,2,62,,2,9.02,,,,,,,,,,,,,,,,,,,,,,,,9.02,-,,,,,,,,,,,,,,,,,,,,,,,,,-,-,,,,,,,,,,,,,,,,,,,,,,,,,
,04-22-2015,17:41:41, Lane 1 ,Fwd,FF,,381,3,66,,2,11.52,,,,,,,,,,,,,,,,,,,,,,,,11.52,-,,,,,,,,,,,,,,,,,,,,,,,,,-,-,,,,,,,,,,,,,,,,,,,,,,,,,
,04-22-2015,17:41:46, Lane 1 ,Fwd,FF,,382,2,61,,2,8.27,,,,,,,,,,,,,,,,,,,,,,,,8.27,-,,,,,,,,,,,,,,,,,,,,,,,,,-,-,,,,,,,,,,,,,,,,,,,,,,,,,
,04-22-2015,17:41:47, Lane 1 ,Fwd,FF,,383,2,63,,2,9.80,,,,,,,,,,,,,,,,,,,,,,,,9.80,-,,,,,,,,,,,,,,,,,,,,,,,,,-,-,,,,,,,,,,,,,,,,,,,,,,,,,
,04-22-2015,17:41:50, Lane 1 ,Fwd,FF,,384,2,63,,2,8.80,,,,,,,,,,,,,,,,,,,,,,,,8.80,-,,,,,,,,,,,,,,,,,,,,,,,,,-,-,,,,,,,,,,,,,,,,,,,,,,,,,
,04-22-2015,17:41:52, Lane 1 ,Fwd,FF,,385,3,62,,2,11.55,,,,,,,,,,,,,,,,,,,,,,,,11.55,-,,,,,,,,,,,,,,,,,,,,,,,,,-,-,,,,,,,,,,,,,,,,,,,,,,,,,
,04-22-2015,17:41:53, Lane 1 ,Fwd,FF,,386,2,60,,2,9.90,,,,,,,,,,,,,,,,,,,,,,,,9.90,-,,,,,,,,,,,,,,,,,,,,,,,,,-,-,,,,,,,,,,,,,,,,,,,,,,,,,
,04-22-2015,17:41:55, Lane 1 ,Fwd,FF,,387,2,58,,2,8.94,,,,,,,,,,,,,,,,,,,,,,,,8.94,-,,,,,,,,,,,,,,,,,,,,,,,,,-,-,,,,,,,,,,,,,,,,,,,,,,,,,
,04-22-2015,17:42:06, Lane 1 ,Fwd,FF,,388,2,63,,2,8.40,,,,,,,,,,,,,,,,,,,,,,,,8.40,-,,,,,,,,,,,,,,,,,,,,,,,,,-,-,,,,,,,,,,,,,,,,,,,,,,,,,
,04-22-2015,17:42:07, Lane 1 ,Fwd,FF,,389,2,63,,2,9.68,,,,,,,,,,,,,,,,,,,,,,,,9.68,-,,,,,,,,,,,,,,,,,,,,,,,,,-,-,,,,,,,,,,,,,,,,,,,,,,,,,
,04-22-2015,17:42:10, Lane 1 ,Fwd,FF,,390,2,64,,2,9.19,,,,,,,,,,,,,,,,,,,,,,,,9.19,-,,,,,,,,,,,,,,,,,,,,,,,,,-,-,,,,,,,,,,,,,,,,,,,,,,,,,
,04-22-2015,17:42:22, Lane 1 ,Fwd,FF,,391,2,63,,2,8.89,,,,,,,,,,,,,,,,,,,,,,,,8.89,-,,,,,,,,,,,,,,,,,,,,,,,,,-,-,,,,,,,,,,,,,,,,,,,,,,,,,
,04-22-2015,17:42:32, Lane 1 ,Fwd,FF,,392,2,59,,2,8.61,,,,,,,,,,,,,,,,,,,,,,,,8.61,-,,,,,,,,,,,,,,,,,,,,,,,,,-,-,,,,,,,,,,,,,,,,,,,,,,,,,
,04-22-2015,17:42:45, Lane 1 ,Fwd,FF,,393,3,57,,2,11.25,,,,,,,,,,,,,,,,,,,,,,,,11.25,-,,,,,,,,,,,,,,,,,,,,,,,,,-,-,,,,,,,,,,,,,,,,,,,,,,,,,
,04-22-2015,17:42:46, Lane 1 ,Fwd,FF,,394,2,57,,2,8.00,,,,,,,,,,,,,,,,,,,,,,,,8.00,-,,,,,,,,,,,,,,,,,,,,,,,,,-,-,,,,,,,,,,,,,,,,,,,,,,,,,
,04-22-2015,17:42:48, Lane 1 ,Fwd,FF,,395,3,61,,2,10.22,,,,,,,,,,,,,,,,,,,,,,,,10.22,-,,,,,,,,,,,,,,,,,,,,,,,,,-,-,,,,,,,,,,,,,,,,,,,,,,,,,
,04-22-2015,17:42:52, Lane 1 ,Fwd,FF,,396,2,62,,2,8.37,,,,,,,,,,,,,,,,,,,,,,,,8.37,-,,,,,,,,,,,,,,,,,,,,,,,,,-,-,,,,,,,,,,,,,,,,,,,,,,,,,
,04-22-2015,17:42:54, Lane 1 ,Fwd,FF,,397,2,63,,2,8.84,,,,,,,,,,,,,,,,,,,,,,,,8.84,-,,,,,,,,,,,,,,,,,,,,,,,,,-,-,,,,,,,,,,,,,,,,,,,,,,,,,
,04-22-2015,17:43:00, Lane 1 ,Fwd,FF,,398,2,59,,2,9.06,,,,,,,,,,,,,,,,,,,,,,,,9.06,-,,,,,,,,,,,,,,,,,,,,,,,,,-,-,,,,,,,,,,,,,,,,,,,,,,,,,
,04-22-2015,17:43:18, Lane 1 ,Fwd,FF,,399,3,55,,2,10.80,,,,,,,,,,,,,,,,,,,,,,,,10.80,-,,,,,,,,,,,,,,,,,,,,,,,,,-,-,,,,,,,,,,,,,,,,,,,,,,,,,
,04-22-2015,17:43:20, Lane 1 ,Fwd,FF,,400,3,54,,2,11.44,,,,,,,,,,,,,,,,,,,,,,,,11.44,-,,,,,,,,,,,,,,,,,,,,,,,,,-,-,,,,,,,,,,,,,,,,,,,,,,,,,
,04-22-2015,17:43:22, Lane 1 ,Fwd,FF,,401,2,54,,2,9.78,,,,,,,,,,,,,,,,,,,,,,,,9.78,-,,,,,,,,,,,,,,,,,,,,,,,,,-,-,,,,,,,,,,,,,,,,,,,,,,,,,
,04-22-2015,17:43:24, Lane 1 ,Fwd,FF,,402,2,56,,2,8.96,,,,,,,,,,,,,,,,,,,,,,,,8.96,-,,,,,,,,,,,,,,,,,,,,,,,,,-,-,,,,,,,,,,,,,,,,,,,,,,,,,
,04-22-2015,17:43:41, Lane 1 ,Fwd,FF,,403,2,55,,2,8.72,,,,,,,,,,,,,,,,,,,,,,,,8.72,-,,,,,,,,,,,,,,,,,,,,,,,,,-,-,,,,,,,,,,,,,,,,,,,,,,,,,
,04-22-2015,17:43:44, Lane 1 ,Fwd,FF,,404,2,59,,2,9.74,,,,,,,,,,,,,,,,,,,,,,,,9.74,-,,,,,,,,,,,,,,,,,,,,,,,,,-,-,,,,,,,,,,,,,,,,,,,,,,,,,
,04-22-2015,17:43:47, Lane 1 ,Fwd,FF,,405,2,59,,2,8.35,,,,,,,,,,,,,,,,,,,,,,,,8.35,-,,,,,,,,,,,,,,,,,,,,,,,,,-,-,,,,,,,,,,,,,,,,,,,,,,,,,
,04-22-2015,17:44:13, Lane 1 ,Fwd,FF,,406,3,61,,2,10.75,,,,,,,,,,,,,,,,,,,,,,,,10.75,-,,,,,,,,,,,,,,,,,,,,,,,,,-,-,,,,,,,,,,,,,,,,,,,,,,,,,
,04-22-2015,17:44:23, Lane 1 ,Fwd,FF,,407,2,65,,2,9.24,,,,,,,,,,,,,,,,,,,,,,,,9.24,-,,,,,,,,,,,,,,,,,,,,,,,,,-,-,,,,,,,,,,,,,,,,,,,,,,,,,
,04-22-2015,17:44:39, Lane 1 ,Fwd,FF,,408,2,58,,2,8.83,,,,,,,,,,,,,,,,,,,,,,,,8.83,-,,,,,,,,,,,,,,,,,,,,,,,,,-,-,,,,,,,,,,,,,,,,,,,,,,,,,
,04-22-2015,17:44:42, Lane 1 ,Fwd,FF,,409,2,63,,2,9.88,,,,,,,,,,,,,,,,,,,,,,,,9.88,-,,,,,,,,,,,,,,,,,,,,,,,,,-,-,,,,,,,,,,,,,,,,,,,,,,,,,
,04-22-2015,17:44:47, Lane 1 ,Fwd,FF,,410,3,60,,2,10.42,,,,,,,,,,,,,,,,,,,,,,,,10.42,-,,,,,,,,,,,,,,,,,,,,,,,,,-,-,,,,,,,,,,,,,,,,,,,,,,,,,
,04-22-2015,17:44:50, Lane 1 ,Fwd,FF,,411,8,61,,3,16.21,19.52,,,,,,,,,,,,,,,,,,,,,,,35.73,-,,,,,,,,,,,,,,,,,,,,,,,,,-,-,,,,,,,,,,,,,,,,,,,,,,,,,
,04-22-2015,17:44:55, Lane 1 ,Fwd,FF,,412,2,60,,2,8.74,,,,,,,,,,,,,,,,,,,,,,,,8.74,-,,,,,,,,,,,,,,,,,,,,,,,,,-,-,,,,,,,,,,,,,,,,,,,,,,,,,
,04-22-2015,17:44:57, Lane 1 ,Fwd,FF,,413,2,61,,2,8.69,,,,,,,,,,,,,,,,,,,,,,,,8.69,-,,,,,,,,,,,,,,,,,,,,,,,,,-,-,,,,,,,,,,,,,,,,,,,,,,,,,
,04-22-2015,17:45:02, Lane 1 ,Fwd,FF,,414,2,59,,2,9.74,,,,,,,,,,,,,,,,,,,,,,,,9.74,-,,,,,,,,,,,,,,,,,,,,,,,,,-,-,,,,,,,,,,,,,,,,,,,,,,,,,
,04-22-2015,17:45:11, Lane 1 ,Fwd,FF,,415,3,51,,2,12.82,,,,,,,,,,,,,,,,,,,,,,,,12.82,-,,,,,,,,,,,,,,,,,,,,,,,,,-,-,,,,,,,,,,,,,,,,,,,,,,,,,
,04-22-2015,17:45:13, Lane 1 ,Fwd,FF,,416,2,53,,2,8.46,,,,,,,,,,,,,,,,,,,,,,,,8.46,-,,,,,,,,,,,,,,,,,,,,,,,,,-,-,,,,,,,,,,,,,,,,,,,,,,,,,
,04-22-2015,17:45:14, Lane 1 ,Fwd,FF,,417,3,49,,2,11.50,,,,,,,,,,,,,,,,,,,,,,,,11.50,-,,,,,,,,,,,,,,,,,,,,,,,,,-,-,,,,,,,,,,,,,,,,,,,,,,,,,
,04-22-2015,17:45:16, Lane 1 ,Fwd,FF,,418,2,48,,2,10.03,,,,,,,,,,,,,,,,,,,,,,,,10.03,-,,,,,,,,,,,,,,,,,,,,,,,,,-,-,,,,,,,,,,,,,,,,,,,,,,,,,
,04-22-2015,17:45:23, Lane 1 ,Fwd,FF,,419,2,55,,2,8.68,,,,,,,,,,,,,,,,,,,,,,,,8.68,-,,,,,,,,,,,,,,,,,,,,,,,,,-,-,,,,,,,,,,,,,,,,,,,,,,,,,
,04-22-2015,17:45:25, Lane 1 ,Fwd,FF,,420,2,53,,2,9.90,,,,,,,,,,,,,,,,,,,,,,,,9.90,-,,,,,,,,,,,,,,,,,,,,,,,,,-,-,,,,,,,,,,,,,,,,,,,,,,,,,
,04-22-2015,17:45:29, Lane 1 ,Fwd,FF,,421,2,53,,2,8.34,,,,,,,,,,,,,,,,,,,,,,,,8.34,-,,,,,,,,,,,,,,,,,,,,,,,,,-,-,,,,,,,,,,,,,,,,,,,,,,,,,
,04-22-2015,17:45:30, Lane 1 ,Fwd,FF,,422,2,54,,2,9.22,,,,,,,,,,,,,,,,,,,,,,,,9.22,-,,,,,,,,,,,,,,,,,,,,,,,,,-,-,,,,,,,,,,,,,,,,,,,,,,,,,
,04-22-2015,17:45:32, Lane 1 ,Fwd,FF,,423,2,55,,2,8.64,,,,,,,,,,,,,,,,,,,,,,,,8.64,-,,,,,,,,,,,,,,,,,,,,,,,,,-,-,,,,,,,,,,,,,,,,,,,,,,,,,
,04-22-2015,17:45:33, Lane 1 ,Fwd,FF,,424,2,51,,2,8.37,,,,,,,,,,,,,,,,,,,,,,,,8.37,-,,,,,,,,,,,,,,,,,,,,,,,,,-,-,,,,,,,,,,,,,,,,,,,,,,,,,
,04-22-2015,17:45:35, Lane 1 ,Fwd,FF,,425,2,51,,2,9.68,,,,,,,,,,,,,,,,,,,,,,,,9.68,-,,,,,,,,,,,,,,,,,,,,,,,,,-,-,,,,,,,,,,,,,,,,,,,,,,,,,
,04-22-2015,17:46:03, Lane 1 ,Fwd,FF,,426,2,63,,2,9.34,,,,,,,,,,,,,,,,,,,,,,,,9.34,-,,,,,,,,,,,,,,,,,,,,,,,,,-,-,,,,,,,,,,,,,,,,,,,,,,,,,
,04-22-2015,17:46:24, Lane 1 ,Fwd,FF,,427,2,67,,2,8.46,,,,,,,,,,,,,,,,,,,,,,,,8.46,-,,,,,,,,,,,,,,,,,,,,,,,,,-,-,,,,,,,,,,,,,,,,,,,,,,,,,
,04-22-2015,17:46:31, Lane 1 ,Fwd,FF,,428,3,66,,2,11.71,,,,,,,,,,,,,,,,,,,,,,,,11.71,-,,,,,,,,,,,,,,,,,,,,,,,,,-,-,,,,,,,,,,,,,,,,,,,,,,,,,
,04-22-2015,17:46:45, Lane 1 ,Fwd,FF,,429,2,64,,2,9.09,,,,,,,,,,,,,,,,,,,,,,,,9.09,-,,,,,,,,,,,,,,,,,,,,,,,,,-,-,,,,,,,,,,,,,,,,,,,,,,,,,
,04-22-2015,17:46:46, Lane 1 ,Fwd,FF,,430,2,66,,2,8.52,,,,,,,,,,,,,,,,,,,,,,,,8.52,-,,,,,,,,,,,,,,,,,,,,,,,,,-,-,,,,,,,,,,,,,,,,,,,,,,,,,
,04-22-2015,17:47:29, Lane 1 ,Fwd,FF,,431,3,54,,2,11.76,,,,,,,,,,,,,,,,,,,,,,,,11.76,-,,,,,,,,,,,,,,,,,,,,,,,,,-,-,,,,,,,,,,,,,,,,,,,,,,,,,
,04-22-2015,17:47:30, Lane 1 ,Fwd,FF,,432,2,53,,2,8.60,,,,,,,,,,,,,,,,,,,,,,,,8.60,-,,,,,,,,,,,,,,,,,,,,,,,,,-,-,,,,,,,,,,,,,,,,,,,,,,,,,
,04-22-2015,17:47:34, Lane 1 ,Fwd,FF,,433,2,54,,2,8.43,,,,,,,,,,,,,,,,,,,,,,,,8.43,-,,,,,,,,,,,,,,,,,,,,,,,,,-,-,,,,,,,,,,,,,,,,,,,,,,,,,
,04-22-2015,17:47:38, Lane 1 ,Fwd,FF,,434,2,54,,2,8.66,,,,,,,,,,,,,,,,,,,,,,,,8.66,-,,,,,,,,,,,,,,,,,,,,,,,,,-,-,,,,,,,,,,,,,,,,,,,,,,,,,
,04-22-2015,17:47:39, Lane 1 ,Fwd,FF,,435,2,55,,2,9.44,,,,,,,,,,,,,,,,,,,,,,,,9.44,-,,,,,,,,,,,,,,,,,,,,,,,,,-,-,,,,,,,,,,,,,,,,,,,,,,,,,
,04-22-2015,17:47:42, Lane 1 ,Fwd,FF,,436,2,52,,2,8.73,,,,,,,,,,,,,,,,,,,,,,,,8.73,-,,,,,,,,,,,,,,,,,,,,,,,,,-,-,,,,,,,,,,,,,,,,,,,,,,,,,
,04-22-2015,17:47:47, Lane 1 ,Fwd,FF,,437,2,54,,2,8.37,,,,,,,,,,,,,,,,,,,,,,,,8.37,-,,,,,,,,,,,,,,,,,,,,,,,,,-,-,,,,,,,,,,,,,,,,,,,,,,,,,
,04-22-2015,17:48:01, Lane 1 ,Fwd,FF,,438,2,57,,2,9.73,,,,,,,,,,,,,,,,,,,,,,,,9.73,-,,,,,,,,,,,,,,,,,,,,,,,,,-,-,,,,,,,,,,,,,,,,,,,,,,,,,
,04-22-2015,17:48:03, Lane 1 ,Fwd,FF,,439,2,58,,2,8.03,,,,,,,,,,,,,,,,,,,,,,,,8.03,-,,,,,,,,,,,,,,,,,,,,,,,,,-,-,,,,,,,,,,,,,,,,,,,,,,,,,
,04-22-2015,17:48:05, Lane 1 ,Fwd,FF,,440,2,58,,2,9.11,,,,,,,,,,,,,,,,,,,,,,,,9.11,-,,,,,,,,,,,,,,,,,,,,,,,,,-,-,,,,,,,,,,,,,,,,,,,,,,,,,
,04-22-2015,17:48:09, Lane 1 ,Fwd,FF,,441,2,57,,2,8.67,,,,,,,,,,,,,,,,,,,,,,,,8.67,-,,,,,,,,,,,,,,,,,,,,,,,,,-,-,,,,,,,,,,,,,,,,,,,,,,,,,
,04-22-2015,17:48:16, Lane 1 ,Fwd,FF,,442,8,59,,3,13.99,18.56,,,,,,,,,,,,,,,,,,,,,,,32.55,-,,,,,,,,,,,,,,,,,,,,,,,,,-,-,,,,,,,,,,,,,,,,,,,,,,,,,
,04-22-2015,17:48:18, Lane 1 ,Fwd,FF,,443,8,57,,3,16.28,20.31,,,,,,,,,,,,,,,,,,,,,,,36.59,-,,,,,,,,,,,,,,,,,,,,,,,,,-,-,,,,,,,,,,,,,,,,,,,,,,,,,
,04-22-2015,17:48:20, Lane 1 ,Fwd,FF,,444,2,55,,2,8.76,,,,,,,,,,,,,,,,,,,,,,,,8.76,-,,,,,,,,,,,,,,,,,,,,,,,,,-,-,,,,,,,,,,,,,,,,,,,,,,,,,
,04-22-2015,17:48:21, Lane 1 ,Fwd,FF,,445,2,57,,2,9.06,,,,,,,,,,,,,,,,,,,,,,,,9.06,-,,,,,,,,,,,,,,,,,,,,,,,,,-,-,,,,,,,,,,,,,,,,,,,,,,,,,
,04-22-2015,17:48:22, Lane 1 ,Fwd,FF,,446,3,56,,2,11.59,,,,,,,,,,,,,,,,,,,,,,,,11.59,-,,,,,,,,,,,,,,,,,,,,,,,,,-,-,,,,,,,,,,,,,,,,,,,,,,,,,
,04-22-2015,17:48:38, Lane 1 ,Fwd,FF,,447,2,62,,2,9.00,,,,,,,,,,,,,,,,,,,,,,,,9.00,-,,,,,,,,,,,,,,,,,,,,,,,,,-,-,,,,,,,,,,,,,,,,,,,,,,,,,
,04-22-2015,17:49:09, Lane 1 ,Fwd,FF,,448,2,61,,2,9.49,,,,,,,,,,,,,,,,,,,,,,,,9.49,-,,,,,,,,,,,,,,,,,,,,,,,,,-,-,,,,,,,,,,,,,,,,,,,,,,,,,
,04-22-2015,17:49:35, Lane 1 ,Fwd,FF,,449,3,46,,3,11.33,14.49,,,,,,,,,,,,,,,,,,,,,,,25.82,-,,,,,,,,,,,,,,,,,,,,,,,,,-,-,,,,,,,,,,,,,,,,,,,,,,,,,
,04-22-2015,17:49:37, Lane 1 ,Fwd,FF,,450,2,47,,2,8.90,,,,,,,,,,,,,,,,,,,,,,,,8.90,-,,,,,,,,,,,,,,,,,,,,,,,,,-,-,,,,,,,,,,,,,,,,,,,,,,,,,
,04-22-2015,17:49:38, Lane 1 ,Fwd,FF,,451,2,45,,2,8.88,,,,,,,,,,,,,,,,,,,,,,,,8.88,-,,,,,,,,,,,,,,,,,,,,,,,,,-,-,,,,,,,,,,,,,,,,,,,,,,,,,
,04-22-2015,17:49:41, Lane 1 ,Fwd,FF,,452,2,48,,2,9.60,,,,,,,,,,,,,,,,,,,,,,,,9.60,-,,,,,,,,,,,,,,,,,,,,,,,,,-,-,,,,,,,,,,,,,,,,,,,,,,,,,
,04-22-2015,17:49:44, Lane 1 ,Fwd,FF,,453,2,58,,2,9.38,,,,,,,,,,,,,,,,,,,,,,,,9.38,-,,,,,,,,,,,,,,,,,,,,,,,,,-,-,,,,,,,,,,,,,,,,,,,,,,,,,
,04-22-2015,17:49:46, Lane 1 ,Fwd,FF,,454,2,58,,2,9.13,,,,,,,,,,,,,,,,,,,,,,,,9.13,-,,,,,,,,,,,,,,,,,,,,,,,,,-,-,,,,,,,,,,,,,,,,,,,,,,,,,
,04-22-2015,17:49:48, Lane 1 ,Fwd,FF,,455,3,58,,3,11.75,16.26,,,,,,,,,,,,,,,,,,,,,,,28.01,-,,,,,,,,,,,,,,,,,,,,,,,,,-,-,,,,,,,,,,,,,,,,,,,,,,,,,
,04-22-2015,17:49:49, Lane 1 ,Fwd,FF,,456,2,58,,2,8.77,,,,,,,,,,,,,,,,,,,,,,,,8.77,-,,,,,,,,,,,,,,,,,,,,,,,,,-,-,,,,,,,,,,,,,,,,,,,,,,,,,
,04-22-2015,17:49:51, Lane 1 ,Fwd,FF,,457,2,59,,2,7.94,,,,,,,,,,,,,,,,,,,,,,,,7.94,-,,,,,,,,,,,,,,,,,,,,,,,,,-,-,,,,,,,,,,,,,,,,,,,,,,,,,
,04-22-2015,17:49:56, Lane 1 ,Fwd,FF,,458,2,61,,2,7.73,,,,,,,,,,,,,,,,,,,,,,,,7.73,-,,,,,,,,,,,,,,,,,,,,,,,,,-,-,,,,,,,,,,,,,,,,,,,,,,,,,
,04-22-2015,17:50:04, Lane 1 ,Fwd,FF,,459,2,62,,2,8.75,,,,,,,,,,,,,,,,,,,,,,,,8.75,-,,,,,,,,,,,,,,,,,,,,,,,,,-,-,,,,,,,,,,,,,,,,,,,,,,,,,
,04-22-2015,17:50:06, Lane 1 ,Fwd,FF,,460,2,58,,2,8.49,,,,,,,,,,,,,,,,,,,,,,,,8.49,-,,,,,,,,,,,,,,,,,,,,,,,,,-,-,,,,,,,,,,,,,,,,,,,,,,,,,
,04-22-2015,17:50:08, Lane 1 ,Fwd,FF,,461,2,67,,2,9.76,,,,,,,,,,,,,,,,,,,,,,,,9.76,-,,,,,,,,,,,,,,,,,,,,,,,,,-,-,,,,,,,,,,,,,,,,,,,,,,,,,
,04-22-2015,17:50:15, Lane 1 ,Fwd,FF,,462,2,57,,2,8.67,,,,,,,,,,,,,,,,,,,,,,,,8.67,-,,,,,,,,,,,,,,,,,,,,,,,,,-,-,,,,,,,,,,,,,,,,,,,,,,,,,
,04-22-2015,17:50:17, Lane 1 ,Fwd,FF,,463,2,57,,2,8.39,,,,,,,,,,,,,,,,,,,,,,,,8.39,-,,,,,,,,,,,,,,,,,,,,,,,,,-,-,,,,,,,,,,,,,,,,,,,,,,,,,
,04-22-2015,17:50:19, Lane 1 ,Fwd,FF,,464,3,59,,2,11.31,,,,,,,,,,,,,,,,,,,,,,,,11.31,-,,,,,,,,,,,,,,,,,,,,,,,,,-,-,,,,,,,,,,,,,,,,,,,,,,,,,
,04-22-2015,17:50:25, Lane 1 ,Fwd,FF,,465,2,65,,2,8.57,,,,,,,,,,,,,,,,,,,,,,,,8.57,-,,,,,,,,,,,,,,,,,,,,,,,,,-,-,,,,,,,,,,,,,,,,,,,,,,,,,
,04-22-2015,17:50:48, Lane 1 ,Fwd,FF,,466,2,53,,2,8.96,,,,,,,,,,,,,,,,,,,,,,,,8.96,-,,,,,,,,,,,,,,,,,,,,,,,,,-,-,,,,,,,,,,,,,,,,,,,,,,,,,
,04-22-2015,17:50:50, Lane 1 ,Fwd,FF,,467,2,56,,2,9.85,,,,,,,,,,,,,,,,,,,,,,,,9.85,-,,,,,,,,,,,,,,,,,,,,,,,,,-,-,,,,,,,,,,,,,,,,,,,,,,,,,
,04-22-2015,17:50:57, Lane 1 ,Fwd,FF,,468,2,64,,2,9.26,,,,,,,,,,,,,,,,,,,,,,,,9.26,-,,,,,,,,,,,,,,,,,,,,,,,,,-,-,,,,,,,,,,,,,,,,,,,,,,,,,
,04-22-2015,17:51:09, Lane 1 ,Fwd,FF,,469,2,56,,2,9.71,,,,,,,,,,,,,,,,,,,,,,,,9.71,-,,,,,,,,,,,,,,,,,,,,,,,,,-,-,,,,,,,,,,,,,,,,,,,,,,,,,
,04-22-2015,17:52:13, Lane 1 ,Fwd,FF,,470,2,56,,2,9.70,,,,,,,,,,,,,,,,,,,,,,,,9.70,-,,,,,,,,,,,,,,,,,,,,,,,,,-,-,,,,,,,,,,,,,,,,,,,,,,,,,
,04-22-2015,17:52:14, Lane 1 ,Fwd,FF,,471,2,59,,2,9.41,,,,,,,,,,,,,,,,,,,,,,,,9.41,-,,,,,,,,,,,,,,,,,,,,,,,,,-,-,,,,,,,,,,,,,,,,,,,,,,,,,
,04-22-2015,17:52:16, Lane 1 ,Fwd,FF,,472,2,61,,2,8.60,,,,,,,,,,,,,,,,,,,,,,,,8.60,-,,,,,,,,,,,,,,,,,,,,,,,,,-,-,,,,,,,,,,,,,,,,,,,,,,,,,
,04-22-2015,17:52:19, Lane 1 ,Fwd,FF,,473,2,61,,2,8.18,,,,,,,,,,,,,,,,,,,,,,,,8.18,-,,,,,,,,,,,,,,,,,,,,,,,,,-,-,,,,,,,,,,,,,,,,,,,,,,,,,
,04-22-2015,17:52:20, Lane 1 ,Fwd,FF,,474,3,61,,2,11.20,,,,,,,,,,,,,,,,,,,,,,,,11.20,-,,,,,,,,,,,,,,,,,,,,,,,,,-,-,,,,,,,,,,,,,,,,,,,,,,,,,
,04-22-2015,17:52:31, Lane 1 ,Fwd,FF,,475,2,56,,2,9.12,,,,,,,,,,,,,,,,,,,,,,,,9.12,-,,,,,,,,,,,,,,,,,,,,,,,,,-,-,,,,,,,,,,,,,,,,,,,,,,,,,
,04-22-2015,17:52:32, Lane 1 ,Fwd,FF,,476,2,51,,2,7.85,,,,,,,,,,,,,,,,,,,,,,,,7.85,-,,,,,,,,,,,,,,,,,,,,,,,,,-,-,,,,,,,,,,,,,,,,,,,,,,,,,
,04-22-2015,17:52:36, Lane 1 ,Fwd,FF,,477,3,53,,2,11.77,,,,,,,,,,,,,,,,,,,,,,,,11.77,-,,,,,,,,,,,,,,,,,,,,,,,,,-,-,,,,,,,,,,,,,,,,,,,,,,,,,
,04-22-2015,17:52:37, Lane 1 ,Fwd,FF,,478,2,53,,2,9.21,,,,,,,,,,,,,,,,,,,,,,,,9.21,-,,,,,,,,,,,,,,,,,,,,,,,,,-,-,,,,,,,,,,,,,,,,,,,,,,,,,
,04-22-2015,17:52:38, Lane 1 ,Fwd,FF,,479,2,54,,2,8.92,,,,,,,,,,,,,,,,,,,,,,,,8.92,-,,,,,,,,,,,,,,,,,,,,,,,,,-,-,,,,,,,,,,,,,,,,,,,,,,,,,
,04-22-2015,17:52:46, Lane 1 ,Fwd,FF,,480,8,57,,4,13.50,18.08,3.08,,,,,,,,,,,,,,,,,,,,,,34.66,-,,,,,,,,,,,,,,,,,,,,,,,,,-,-,,,,,,,,,,,,,,,,,,,,,,,,,
,04-22-2015,17:52:48, Lane 1 ,Fwd,FF,,481,2,57,,2,9.65,,,,,,,,,,,,,,,,,,,,,,,,9.65,-,,,,,,,,,,,,,,,,,,,,,,,,,-,-,,,,,,,,,,,,,,,,,,,,,,,,,
,04-22-2015,17:52:50, Lane 1 ,Fwd,FF,,482,2,57,,2,8.48,,,,,,,,,,,,,,,,,,,,,,,,8.48,-,,,,,,,,,,,,,,,,,,,,,,,,,-,-,,,,,,,,,,,,,,,,,,,,,,,,,
,04-22-2015,17:52:51, Lane 1 ,Fwd,FF,,483,2,53,,2,8.73,,,,,,,,,,,,,,,,,,,,,,,,8.73,-,,,,,,,,,,,,,,,,,,,,,,,,,-,-,,,,,,,,,,,,,,,,,,,,,,,,,
,04-22-2015,17:52:53, Lane 1 ,Fwd,FF,,484,2,51,,2,9.69,,,,,,,,,,,,,,,,,,,,,,,,9.69,-,,,,,,,,,,,,,,,,,,,,,,,,,-,-,,,,,,,,,,,,,,,,,,,,,,,,,
,04-22-2015,17:52:55, Lane 1 ,Fwd,FF,,485,2,50,,2,9.00,,,,,,,,,,,,,,,,,,,,,,,,9.00,-,,,,,,,,,,,,,,,,,,,,,,,,,-,-,,,,,,,,,,,,,,,,,,,,,,,,,
,04-22-2015,17:52:56, Lane 1 ,Fwd,FF,,486,2,48,,2,9.14,,,,,,,,,,,,,,,,,,,,,,,,9.14,-,,,,,,,,,,,,,,,,,,,,,,,,,-,-,,,,,,,,,,,,,,,,,,,,,,,,,
,04-22-2015,17:52:58, Lane 1 ,Fwd,FF,,487,2,52,,2,8.83,,,,,,,,,,,,,,,,,,,,,,,,8.83,-,,,,,,,,,,,,,,,,,,,,,,,,,-,-,,,,,,,,,,,,,,,,,,,,,,,,,
,04-22-2015,17:53:00, Lane 1 ,Fwd,FF,,488,3,54,,2,10.59,,,,,,,,,,,,,,,,,,,,,,,,10.59,-,,,,,,,,,,,,,,,,,,,,,,,,,-,-,,,,,,,,,,,,,,,,,,,,,,,,,
,04-22-2015,17:53:16, Lane 1 ,Fwd,FF,,489,2,67,,2,8.56,,,,,,,,,,,,,,,,,,,,,,,,8.56,-,,,,,,,,,,,,,,,,,,,,,,,,,-,-,,,,,,,,,,,,,,,,,,,,,,,,,
,04-22-2015,17:53:38, Lane 1 ,Fwd,FF,,490,2,57,,2,7.97,,,,,,,,,,,,,,,,,,,,,,,,7.97,-,,,,,,,,,,,,,,,,,,,,,,,,,-,-,,,,,,,,,,,,,,,,,,,,,,,,,
,04-22-2015,17:53:39, Lane 1 ,Fwd,FF,,491,2,58,,2,8.96,,,,,,,,,,,,,,,,,,,,,,,,8.96,-,,,,,,,,,,,,,,,,,,,,,,,,,-,-,,,,,,,,,,,,,,,,,,,,,,,,,
,04-22-2015,17:53:40, Lane 1 ,Fwd,FF,,492,2,61,,2,8.62,,,,,,,,,,,,,,,,,,,,,,,,8.62,-,,,,,,,,,,,,,,,,,,,,,,,,,-,-,,,,,,,,,,,,,,,,,,,,,,,,,
,04-22-2015,17:54:19, Lane 1 ,Fwd,FF,,493,3,64,,2,11.25,,,,,,,,,,,,,,,,,,,,,,,,11.25,-,,,,,,,,,,,,,,,,,,,,,,,,,-,-,,,,,,,,,,,,,,,,,,,,,,,,,
,04-22-2015,17:54:25, Lane 1 ,Fwd,FF,,494,2,60,,2,8.76,,,,,,,,,,,,,,,,,,,,,,,,8.76,-,,,,,,,,,,,,,,,,,,,,,,,,,-,-,,,,,,,,,,,,,,,,,,,,,,,,,
,04-22-2015,17:54:29, Lane 1 ,Fwd,FF,,495,2,56,,2,8.36,,,,,,,,,,,,,,,,,,,,,,,,8.36,-,,,,,,,,,,,,,,,,,,,,,,,,,-,-,,,,,,,,,,,,,,,,,,,,,,,,,
,04-22-2015,17:54:31, Lane 1 ,Fwd,FF,,496,2,61,,2,9.60,,,,,,,,,,,,,,,,,,,,,,,,9.60,-,,,,,,,,,,,,,,,,,,,,,,,,,-,-,,,,,,,,,,,,,,,,,,,,,,,,,
,04-22-2015,17:54:33, Lane 1 ,Fwd,FF,,497,3,61,,2,10.57,,,,,,,,,,,,,,,,,,,,,,,,10.57,-,,,,,,,,,,,,,,,,,,,,,,,,,-,-,,,,,,,,,,,,,,,,,,,,,,,,,
,04-22-2015,17:54:39, Lane 1 ,Fwd,FF,,498,2,59,,2,8.44,,,,,,,,,,,,,,,,,,,,,,,,8.44,-,,,,,,,,,,,,,,,,,,,,,,,,,-,-,,,,,,,,,,,,,,,,,,,,,,,,,
,04-22-2015,17:54:51, Lane 1 ,Fwd,FF,,499,2,53,,2,9.12,,,,,,,,,,,,,,,,,,,,,,,,9.12,-,,,,,,,,,,,,,,,,,,,,,,,,,-,-,,,,,,,,,,,,,,,,,,,,,,,,,
,04-22-2015,17:54:53, Lane 1 ,Fwd,FF,,500,2,58,,2,9.55,,,,,,,,,,,,,,,,,,,,,,,,9.55,-,,,,,,,,,,,,,,,,,,,,,,,,,-,-,,,,,,,,,,,,,,,,,,,,,,,,,
,04-22-2015,17:54:54, Lane 1 ,Fwd,FF,,501,3,61,,2,11.82,,,,,,,,,,,,,,,,,,,,,,,,11.82,-,,,,,,,,,,,,,,,,,,,,,,,,,-,-,,,,,,,,,,,,,,,,,,,,,,,,,
,04-22-2015,17:54:59, Lane 1 ,Fwd,FF,,502,2,60,,2,8.91,,,,,,,,,,,,,,,,,,,,,,,,8.91,-,,,,,,,,,,,,,,,,,,,,,,,,,-,-,,,,,,,,,,,,,,,,,,,,,,,,,
,04-22-2015,17:55:03, Lane 1 ,Fwd,FF,,503,2,62,,2,8.75,,,,,,,,,,,,,,,,,,,,,,,,8.75,-,,,,,,,,,,,,,,,,,,,,,,,,,-,-,,,,,,,,,,,,,,,,,,,,,,,,,
,04-22-2015,17:55:20, Lane 1 ,Fwd,FF,,504,3,56,,2,12.66,,,,,,,,,,,,,,,,,,,,,,,,12.66,-,,,,,,,,,,,,,,,,,,,,,,,,,-,-,,,,,,,,,,,,,,,,,,,,,,,,,
,04-22-2015,17:55:30, Lane 1 ,Fwd,FF,,505,3,62,,2,10.92,,,,,,,,,,,,,,,,,,,,,,,,10.92,-,,,,,,,,,,,,,,,,,,,,,,,,,-,-,,,,,,,,,,,,,,,,,,,,,,,,,
,04-22-2015,17:55:31, Lane 1 ,Fwd,FF,,506,3,62,,2,11.82,,,,,,,,,,,,,,,,,,,,,,,,11.82,-,,,,,,,,,,,,,,,,,,,,,,,,,-,-,,,,,,,,,,,,,,,,,,,,,,,,,
,04-22-2015,17:55:34, Lane 1 ,Fwd,FF,,507,2,58,,2,9.64,,,,,,,,,,,,,,,,,,,,,,,,9.64,-,,,,,,,,,,,,,,,,,,,,,,,,,-,-,,,,,,,,,,,,,,,,,,,,,,,,,
,04-22-2015,17:55:40, Lane 1 ,Fwd,FF,,508,2,63,,2,8.31,,,,,,,,,,,,,,,,,,,,,,,,8.31,-,,,,,,,,,,,,,,,,,,,,,,,,,-,-,,,,,,,,,,,,,,,,,,,,,,,,,
,04-22-2015,17:55:58, Lane 1 ,Fwd,FF,,509,2,53,,2,8.75,,,,,,,,,,,,,,,,,,,,,,,,8.75,-,,,,,,,,,,,,,,,,,,,,,,,,,-,-,,,,,,,,,,,,,,,,,,,,,,,,,
,04-22-2015,17:56:32, Lane 1 ,Fwd,FF,,510,2,60,,2,8.91,,,,,,,,,,,,,,,,,,,,,,,,8.91,-,,,,,,,,,,,,,,,,,,,,,,,,,-,-,,,,,,,,,,,,,,,,,,,,,,,,,
,04-22-2015,17:56:35, Lane 1 ,Fwd,FF,,511,2,60,,2,8.65,,,,,,,,,,,,,,,,,,,,,,,,8.65,-,,,,,,,,,,,,,,,,,,,,,,,,,-,-,,,,,,,,,,,,,,,,,,,,,,,,,
,04-22-2015,17:56:36, Lane 1 ,Fwd,FF,,512,3,63,,2,11.27,,,,,,,,,,,,,,,,,,,,,,,,11.27,-,,,,,,,,,,,,,,,,,,,,,,,,,-,-,,,,,,,,,,,,,,,,,,,,,,,,,
,04-22-2015,17:56:44, Lane 1 ,Fwd,FF,,513,2,59,,2,9.65,,,,,,,,,,,,,,,,,,,,,,,,9.65,-,,,,,,,,,,,,,,,,,,,,,,,,,-,-,,,,,,,,,,,,,,,,,,,,,,,,,
,04-22-2015,17:56:48, Lane 1 ,Fwd,FF,,514,2,61,,2,8.62,,,,,,,,,,,,,,,,,,,,,,,,8.62,-,,,,,,,,,,,,,,,,,,,,,,,,,-,-,,,,,,,,,,,,,,,,,,,,,,,,,
,04-22-2015,17:56:50, Lane 1 ,Fwd,FF,,515,2,59,,2,9.22,,,,,,,,,,,,,,,,,,,,,,,,9.22,-,,,,,,,,,,,,,,,,,,,,,,,,,-,-,,,,,,,,,,,,,,,,,,,,,,,,,
,04-22-2015,17:56:52, Lane 1 ,Fwd,FF,,516,2,59,,2,8.38,,,,,,,,,,,,,,,,,,,,,,,,8.38,-,,,,,,,,,,,,,,,,,,,,,,,,,-,-,,,,,,,,,,,,,,,,,,,,,,,,,
,04-22-2015,17:56:55, Lane 1 ,Fwd,FF,,517,2,61,,2,8.69,,,,,,,,,,,,,,,,,,,,,,,,8.69,-,,,,,,,,,,,,,,,,,,,,,,,,,-,-,,,,,,,,,,,,,,,,,,,,,,,,,
,04-22-2015,17:56:59, Lane 1 ,Fwd,FF,,518,3,63,,2,11.44,,,,,,,,,,,,,,,,,,,,,,,,11.44,-,,,,,,,,,,,,,,,,,,,,,,,,,-,-,,,,,,,,,,,,,,,,,,,,,,,,,
,04-22-2015,17:57:00, Lane 1 ,Fwd,FF,,519,2,63,,2,8.49,,,,,,,,,,,,,,,,,,,,,,,,8.49,-,,,,,,,,,,,,,,,,,,,,,,,,,-,-,,,,,,,,,,,,,,,,,,,,,,,,,
,04-22-2015,17:57:04, Lane 1 ,Fwd,FF,,520,2,73,,2,8.79,,,,,,,,,,,,,,,,,,,,,,,,8.79,-,,,,,,,,,,,,,,,,,,,,,,,,,-,-,,,,,,,,,,,,,,,,,,,,,,,,,
,04-22-2015,17:57:17, Lane 1 ,Fwd,FF,,521,2,62,,2,8.66,,,,,,,,,,,,,,,,,,,,,,,,8.66,-,,,,,,,,,,,,,,,,,,,,,,,,,-,-,,,,,,,,,,,,,,,,,,,,,,,,,
,04-22-2015,17:57:23, Lane 1 ,Fwd,FF,,522,2,61,,2,8.89,,,,,,,,,,,,,,,,,,,,,,,,8.89,-,,,,,,,,,,,,,,,,,,,,,,,,,-,-,,,,,,,,,,,,,,,,,,,,,,,,,
,04-22-2015,17:57:36, Lane 1 ,Fwd,FF,,523,2,60,,2,9.53,,,,,,,,,,,,,,,,,,,,,,,,9.53,-,,,,,,,,,,,,,,,,,,,,,,,,,-,-,,,,,,,,,,,,,,,,,,,,,,,,,
,04-22-2015,17:57:37, Lane 1 ,Fwd,FF,,524,2,59,,2,8.81,,,,,,,,,,,,,,,,,,,,,,,,8.81,-,,,,,,,,,,,,,,,,,,,,,,,,,-,-,,,,,,,,,,,,,,,,,,,,,,,,,
,04-22-2015,17:57:47, Lane 1 ,Fwd,FF,,525,2,68,,2,8.83,,,,,,,,,,,,,,,,,,,,,,,,8.83,-,,,,,,,,,,,,,,,,,,,,,,,,,-,-,,,,,,,,,,,,,,,,,,,,,,,,,
,04-22-2015,17:57:48, Lane 1 ,Fwd,FF,,526,3,66,,2,11.71,,,,,,,,,,,,,,,,,,,,,,,,11.71,-,,,,,,,,,,,,,,,,,,,,,,,,,-,-,,,,,,,,,,,,,,,,,,,,,,,,,
,04-22-2015,17:57:54, Lane 1 ,Fwd,FF,,527,2,62,,2,8.27,,,,,,,,,,,,,,,,,,,,,,,,8.27,-,,,,,,,,,,,,,,,,,,,,,,,,,-,-,,,,,,,,,,,,,,,,,,,,,,,,,
,04-22-2015,17:58:00, Lane 1 ,Fwd,FF,,528,3,63,,2,11.81,,,,,,,,,,,,,,,,,,,,,,,,11.81,-,,,,,,,,,,,,,,,,,,,,,,,,,-,-,,,,,,,,,,,,,,,,,,,,,,,,,
,04-22-2015,17:58:07, Lane 1 ,Fwd,FF,,529,2,55,,2,8.80,,,,,,,,,,,,,,,,,,,,,,,,8.80,-,,,,,,,,,,,,,,,,,,,,,,,,,-,-,,,,,,,,,,,,,,,,,,,,,,,,,
,04-22-2015,17:58:28, Lane 1 ,Fwd,FF,,530,2,61,,2,8.69,,,,,,,,,,,,,,,,,,,,,,,,8.69,-,,,,,,,,,,,,,,,,,,,,,,,,,-,-,,,,,,,,,,,,,,,,,,,,,,,,,
,04-22-2015,17:58:30, Lane 1 ,Fwd,FF,,531,2,60,,2,9.37,,,,,,,,,,,,,,,,,,,,,,,,9.37,-,,,,,,,,,,,,,,,,,,,,,,,,,-,-,,,,,,,,,,,,,,,,,,,,,,,,,
,04-22-2015,17:58:49, Lane 1 ,Fwd,FF,,532,2,57,,2,8.56,,,,,,,,,,,,,,,,,,,,,,,,8.56,-,,,,,,,,,,,,,,,,,,,,,,,,,-,-,,,,,,,,,,,,,,,,,,,,,,,,,
,04-22-2015,17:59:06, Lane 1 ,Fwd,FF,,533,9,61,,5,11.11,4.21,17.11,3.94,,,,,,,,,,,,,,,,,,,,,36.37,-,,,,,,,,,,,,,,,,,,,,,,,,,-,-,,,,,,,,,,,,,,,,,,,,,,,,,
,04-22-2015,17:59:08, Lane 1 ,Fwd,FF,,534,2,60,,2,8.59,,,,,,,,,,,,,,,,,,,,,,,,8.59,-,,,,,,,,,,,,,,,,,,,,,,,,,-,-,,,,,,,,,,,,,,,,,,,,,,,,,
,04-22-2015,17:59:16, Lane 1 ,Fwd,FF,,535,2,56,,2,8.44,,,,,,,,,,,,,,,,,,,,,,,,8.44,-,,,,,,,,,,,,,,,,,,,,,,,,,-,-,,,,,,,,,,,,,,,,,,,,,,,,,
,04-22-2015,17:59:18, Lane 1 ,Fwd,FF,,536,2,55,,2,10.08,,,,,,,,,,,,,,,,,,,,,,,,10.08,-,,,,,,,,,,,,,,,,,,,,,,,,,-,-,,,,,,,,,,,,,,,,,,,,,,,,,
,04-22-2015,17:59:19, Lane 1 ,Fwd,FF,,537,3,56,,2,12.82,,,,,,,,,,,,,,,,,,,,,,,,12.82,-,,,,,,,,,,,,,,,,,,,,,,,,,-,-,,,,,,,,,,,,,,,,,,,,,,,,,
,04-22-2015,17:59:20, Lane 1 ,Fwd,FF,,538,2,56,,2,8.41,,,,,,,,,,,,,,,,,,,,,,,,8.41,-,,,,,,,,,,,,,,,,,,,,,,,,,-,-,,,,,,,,,,,,,,,,,,,,,,,,,
,04-22-2015,17:59:23, Lane 1 ,Fwd,FF,,539,2,56,,2,8.69,,,,,,,,,,,,,,,,,,,,,,,,8.69,-,,,,,,,,,,,,,,,,,,,,,,,,,-,-,,,,,,,,,,,,,,,,,,,,,,,,,
,04-22-2015,17:59:24, Lane 1 ,Fwd,FF,,540,2,56,,2,8.30,,,,,,,,,,,,,,,,,,,,,,,,8.30,-,,,,,,,,,,,,,,,,,,,,,,,,,-,-,,,,,,,,,,,,,,,,,,,,,,,,,
,04-22-2015,17:59:26, Lane 1 ,Fwd,FF,,541,2,56,,2,8.74,,,,,,,,,,,,,,,,,,,,,,,,8.74,-,,,,,,,,,,,,,,,,,,,,,,,,,-,-,,,,,,,,,,,,,,,,,,,,,,,,,
,04-22-2015,17:59:28, Lane 1 ,Fwd,FF,,542,2,55,,2,8.78,,,,,,,,,,,,,,,,,,,,,,,,8.78,-,,,,,,,,,,,,,,,,,,,,,,,,,-,-,,,,,,,,,,,,,,,,,,,,,,,,,
,04-22-2015,17:59:31, Lane 1 ,Fwd,FF,,543,2,54,,2,8.66,,,,,,,,,,,,,,,,,,,,,,,,8.66,-,,,,,,,,,,,,,,,,,,,,,,,,,-,-,,,,,,,,,,,,,,,,,,,,,,,,,
,04-22-2015,17:59:32, Lane 1 ,Fwd,FF,,544,2,53,,2,9.27,,,,,,,,,,,,,,,,,,,,,,,,9.27,-,,,,,,,,,,,,,,,,,,,,,,,,,-,-,,,,,,,,,,,,,,,,,,,,,,,,,
,04-22-2015,17:59:33, Lane 1 ,Fwd,FF,,545,3,55,,2,10.64,,,,,,,,,,,,,,,,,,,,,,,,10.64,-,,,,,,,,,,,,,,,,,,,,,,,,,-,-,,,,,,,,,,,,,,,,,,,,,,,,,
,04-22-2015,17:59:35, Lane 1 ,Fwd,FF,,546,2,55,,2,9.10,,,,,,,,,,,,,,,,,,,,,,,,9.10,-,,,,,,,,,,,,,,,,,,,,,,,,,-,-,,,,,,,,,,,,,,,,,,,,,,,,,
,04-22-2015,17:59:43, Lane 1 ,Fwd,FF,,547,2,61,,2,8.60,,,,,,,,,,,,,,,,,,,,,,,,8.60,-,,,,,,,,,,,,,,,,,,,,,,,,,-,-,,,,,,,,,,,,,,,,,,,,,,,,,
,04-22-2015,17:59:44, Lane 1 ,Fwd,FF,,548,2,60,,2,8.85,,,,,,,,,,,,,,,,,,,,,,,,8.85,-,,,,,,,,,,,,,,,,,,,,,,,,,-,-,,,,,,,,,,,,,,,,,,,,,,,,,
,04-22-2015,17:59:46, Lane 1 ,Fwd,FF,,549,2,59,,2,9.30,,,,,,,,,,,,,,,,,,,,,,,,9.30,-,,,,,,,,,,,,,,,,,,,,,,,,,-,-,,,,,,,,,,,,,,,,,,,,,,,,,
,04-22-2015,17:59:57, Lane 1 ,Fwd,FF,,550,2,59,,2,8.70,,,,,,,,,,,,,,,,,,,,,,,,8.70,-,,,,,,,,,,,,,,,,,,,,,,,,,-,-,,,,,,,,,,,,,,,,,,,,,,,,,
,04-22-2015,17:59:58, Lane 1 ,Fwd,FF,,551,2,61,,2,8.69,,,,,,,,,,,,,,,,,,,,,,,,8.69,-,,,,,,,,,,,,,,,,,,,,,,,,,-,-,,,,,,,,,,,,,,,,,,,,,,,,,
,04-22-2015,18:00:17, Lane 1 ,Fwd,FF,,1,3,59,,2,10.44,,,,,,,,,,,,,,,,,,,,,,,,10.44,-,,,,,,,,,,,,,,,,,,,,,,,,,-,-,,,,,,,,,,,,,,,,,,,,,,,,,
,04-22-2015,18:00:18, Lane 1 ,Fwd,FF,,2,2,60,,2,8.91,,,,,,,,,,,,,,,,,,,,,,,,8.91,-,,,,,,,,,,,,,,,,,,,,,,,,,-,-,,,,,,,,,,,,,,,,,,,,,,,,,
,04-22-2015,18:00:22, Lane 1 ,Fwd,FF,,3,2,59,,2,7.74,,,,,,,,,,,,,,,,,,,,,,,,7.74,-,,,,,,,,,,,,,,,,,,,,,,,,,-,-,,,,,,,,,,,,,,,,,,,,,,,,,
,04-22-2015,18:00:24, Lane 1 ,Fwd,FF,,4,2,59,,2,8.55,,,,,,,,,,,,,,,,,,,,,,,,8.55,-,,,,,,,,,,,,,,,,,,,,,,,,,-,-,,,,,,,,,,,,,,,,,,,,,,,,,
,04-22-2015,18:00:25, Lane 1 ,Fwd,FF,,5,2,55,,2,8.84,,,,,,,,,,,,,,,,,,,,,,,,8.84,-,,,,,,,,,,,,,,,,,,,,,,,,,-,-,,,,,,,,,,,,,,,,,,,,,,,,,
,04-22-2015,18:00:33, Lane 1 ,Fwd,FF,,6,2,60,,2,9.20,,,,,,,,,,,,,,,,,,,,,,,,9.20,-,,,,,,,,,,,,,,,,,,,,,,,,,-,-,,,,,,,,,,,,,,,,,,,,,,,,,
,04-22-2015,18:00:59, Lane 1 ,Fwd,FF,,7,2,61,,2,8.98,,,,,,,,,,,,,,,,,,,,,,,,8.98,-,,,,,,,,,,,,,,,,,,,,,,,,,-,-,,,,,,,,,,,,,,,,,,,,,,,,,
,04-22-2015,18:01:00, Lane 1 ,Fwd,FF,,8,2,62,,2,8.91,,,,,,,,,,,,,,,,,,,,,,,,8.91,-,,,,,,,,,,,,,,,,,,,,,,,,,-,-,,,,,,,,,,,,,,,,,,,,,,,,,
,04-22-2015,18:01:04, Lane 1 ,Fwd,FF,,9,3,62,,2,11.01,,,,,,,,,,,,,,,,,,,,,,,,11.01,-,,,,,,,,,,,,,,,,,,,,,,,,,-,-,,,,,,,,,,,,,,,,,,,,,,,,,
,04-22-2015,18:01:05, Lane 1 ,Fwd,FF,,10,2,63,,2,9.16,,,,,,,,,,,,,,,,,,,,,,,,9.16,-,,,,,,,,,,,,,,,,,,,,,,,,,-,-,,,,,,,,,,,,,,,,,,,,,,,,,
,04-22-2015,18:02:00, Lane 1 ,Fwd,FF,,11,3,56,,2,10.44,,,,,,,,,,,,,,,,,,,,,,,,10.44,-,,,,,,,,,,,,,,,,,,,,,,,,,-,-,,,,,,,,,,,,,,,,,,,,,,,,,
,04-22-2015,18:02:07, Lane 1 ,Fwd,FF,,12,3,59,,2,11.31,,,,,,,,,,,,,,,,,,,,,,,,11.31,-,,,,,,,,,,,,,,,,,,,,,,,,,-,-,,,,,,,,,,,,,,,,,,,,,,,,,
,04-22-2015,18:02:17, Lane 1 ,Fwd,FF,,13,3,61,,2,10.94,,,,,,,,,,,,,,,,,,,,,,,,10.94,-,,,,,,,,,,,,,,,,,,,,,,,,,-,-,,,,,,,,,,,,,,,,,,,,,,,,,
,04-22-2015,18:02:18, Lane 1 ,Fwd,FF,,14,2,63,,2,9.71,,,,,,,,,,,,,,,,,,,,,,,,9.71,-,,,,,,,,,,,,,,,,,,,,,,,,,-,-,,,,,,,,,,,,,,,,,,,,,,,,,
,04-22-2015,18:02:19, Lane 1 ,Fwd,FF,,15,2,64,,2,8.44,,,,,,,,,,,,,,,,,,,,,,,,8.44,-,,,,,,,,,,,,,,,,,,,,,,,,,-,-,,,,,,,,,,,,,,,,,,,,,,,,,
,04-22-2015,18:02:21, Lane 1 ,Fwd,FF,,16,3,63,,2,10.98,,,,,,,,,,,,,,,,,,,,,,,,10.98,-,,,,,,,,,,,,,,,,,,,,,,,,,-,-,,,,,,,,,,,,,,,,,,,,,,,,,
,04-22-2015,18:02:26, Lane 1 ,Fwd,FF,,17,3,55,,2,10.22,,,,,,,,,,,,,,,,,,,,,,,,10.22,-,,,,,,,,,,,,,,,,,,,,,,,,,-,-,,,,,,,,,,,,,,,,,,,,,,,,,
,04-22-2015,18:02:37, Lane 1 ,Fwd,FF,,18,2,64,,2,8.69,,,,,,,,,,,,,,,,,,,,,,,,8.69,-,,,,,,,,,,,,,,,,,,,,,,,,,-,-,,,,,,,,,,,,,,,,,,,,,,,,,
,04-22-2015,18:02:40, Lane 1 ,Fwd,FF,,19,2,63,,2,8.37,,,,,,,,,,,,,,,,,,,,,,,,8.37,-,,,,,,,,,,,,,,,,,,,,,,,,,-,-,,,,,,,,,,,,,,,,,,,,,,,,,
,04-22-2015,18:02:56, Lane 1 ,Fwd,FF,,20,2,61,,2,8.60,,,,,,,,,,,,,,,,,,,,,,,,8.60,-,,,,,,,,,,,,,,,,,,,,,,,,,-,-,,,,,,,,,,,,,,,,,,,,,,,,,
,04-22-2015,18:02:57, Lane 1 ,Fwd,FF,,21,2,64,,3,13.80,13.89,,,,,,,,,,,,,,,,,,,,,,,27.69,-,,,,,,,,,,,,,,,,,,,,,,,,,-,-,,,,,,,,,,,,,,,,,,,,,,,,,
,04-22-2015,18:03:00, Lane 1 ,Fwd,FF,,22,3,67,,2,11.90,,,,,,,,,,,,,,,,,,,,,,,,11.90,-,,,,,,,,,,,,,,,,,,,,,,,,,-,-,,,,,,,,,,,,,,,,,,,,,,,,,
,04-22-2015,18:03:05, Lane 1 ,Fwd,FF,,23,3,60,,2,11.56,,,,,,,,,,,,,,,,,,,,,,,,11.56,-,,,,,,,,,,,,,,,,,,,,,,,,,-,-,,,,,,,,,,,,,,,,,,,,,,,,,
,04-22-2015,18:03:10, Lane 1 ,Fwd,FF,,24,2,58,,2,9.02,,,,,,,,,,,,,,,,,,,,,,,,9.02,-,,,,,,,,,,,,,,,,,,,,,,,,,-,-,,,,,,,,,,,,,,,,,,,,,,,,,
,04-22-2015,18:03:12, Lane 1 ,Fwd,FF,,25,1,64,,2,4.54,,,,,,,,,,,,,,,,,,,,,,,,4.54,-,,,,,,,,,,,,,,,,,,,,,,,,,-,-,,,,,,,,,,,,,,,,,,,,,,,,,
,04-22-2015,18:03:18, Lane 1 ,Fwd,FF,,26,3,58,,2,10.63,,,,,,,,,,,,,,,,,,,,,,,,10.63,-,,,,,,,,,,,,,,,,,,,,,,,,,-,-,,,,,,,,,,,,,,,,,,,,,,,,,
,04-22-2015,18:03:45, Lane 1 ,Fwd,FF,,27,3,55,,2,12.96,,,,,,,,,,,,,,,,,,,,,,,,12.96,-,,,,,,,,,,,,,,,,,,,,,,,,,-,-,,,,,,,,,,,,,,,,,,,,,,,,,
,04-22-2015,18:03:47, Lane 1 ,Fwd,FF,,28,2,56,,2,8.77,,,,,,,,,,,,,,,,,,,,,,,,8.77,-,,,,,,,,,,,,,,,,,,,,,,,,,-,-,,,,,,,,,,,,,,,,,,,,,,,,,
,04-22-2015,18:03:49, Lane 1 ,Fwd,FF,,29,3,55,,2,10.87,,,,,,,,,,,,,,,,,,,,,,,,10.87,-,,,,,,,,,,,,,,,,,,,,,,,,,-,-,,,,,,,,,,,,,,,,,,,,,,,,,
,04-22-2015,18:04:02, Lane 1 ,Fwd,FF,,30,2,49,,2,9.70,,,,,,,,,,,,,,,,,,,,,,,,9.70,-,,,,,,,,,,,,,,,,,,,,,,,,,-,-,,,,,,,,,,,,,,,,,,,,,,,,,
,04-22-2015,18:04:39, Lane 1 ,Fwd,FF,,31,2,61,,2,9.05,,,,,,,,,,,,,,,,,,,,,,,,9.05,-,,,,,,,,,,,,,,,,,,,,,,,,,-,-,,,,,,,,,,,,,,,,,,,,,,,,,
,04-22-2015,18:04:41, Lane 1 ,Fwd,FF,,32,2,61,,2,8.62,,,,,,,,,,,,,,,,,,,,,,,,8.62,-,,,,,,,,,,,,,,,,,,,,,,,,,-,-,,,,,,,,,,,,,,,,,,,,,,,,,
,04-22-2015,18:04:43, Lane 1 ,Fwd,FF,,33,5,55,,2,14.11,,,,,,,,,,,,,,,,,,,,,,,,14.11,-,,,,,,,,,,,,,,,,,,,,,,,,,-,-,,,,,,,,,,,,,,,,,,,,,,,,,
,04-22-2015,18:04:45, Lane 1 ,Fwd,FF,,34,2,57,,2,8.92,,,,,,,,,,,,,,,,,,,,,,,,8.92,-,,,,,,,,,,,,,,,,,,,,,,,,,-,-,,,,,,,,,,,,,,,,,,,,,,,,,
,04-22-2015,18:04:50, Lane 1 ,Fwd,FF,,35,2,63,,2,9.40,,,,,,,,,,,,,,,,,,,,,,,,9.40,-,,,,,,,,,,,,,,,,,,,,,,,,,-,-,,,,,,,,,,,,,,,,,,,,,,,,,
,04-22-2015,18:04:52, Lane 1 ,Fwd,FF,,36,2,60,,2,9.44,,,,,,,,,,,,,,,,,,,,,,,,9.44,-,,,,,,,,,,,,,,,,,,,,,,,,,-,-,,,,,,,,,,,,,,,,,,,,,,,,,
,04-22-2015,18:04:54, Lane 1 ,Fwd,FF,,37,2,60,,2,8.74,,,,,,,,,,,,,,,,,,,,,,,,8.74,-,,,,,,,,,,,,,,,,,,,,,,,,,-,-,,,,,,,,,,,,,,,,,,,,,,,,,
,04-22-2015,18:05:00, Lane 1 ,Fwd,FF,,38,3,59,,2,11.74,,,,,,,,,,,,,,,,,,,,,,,,11.74,-,,,,,,,,,,,,,,,,,,,,,,,,,-,-,,,,,,,,,,,,,,,,,,,,,,,,,
,04-22-2015,18:05:50, Lane 1 ,Fwd,FF,,39,2,59,,2,9.15,,,,,,,,,,,,,,,,,,,,,,,,9.15,-,,,,,,,,,,,,,,,,,,,,,,,,,-,-,,,,,,,,,,,,,,,,,,,,,,,,,
,04-22-2015,18:05:56, Lane 1 ,Fwd,FF,,40,3,62,,2,11.46,,,,,,,,,,,,,,,,,,,,,,,,11.46,-,,,,,,,,,,,,,,,,,,,,,,,,,-,-,,,,,,,,,,,,,,,,,,,,,,,,,
,04-22-2015,18:05:57, Lane 1 ,Fwd,FF,,41,2,60,,2,8.91,,,,,,,,,,,,,,,,,,,,,,,,8.91,-,,,,,,,,,,,,,,,,,,,,,,,,,-,-,,,,,,,,,,,,,,,,,,,,,,,,,
,04-22-2015,18:05:59, Lane 1 ,Fwd,FF,,42,2,60,,2,9.09,,,,,,,,,,,,,,,,,,,,,,,,9.09,-,,,,,,,,,,,,,,,,,,,,,,,,,-,-,,,,,,,,,,,,,,,,,,,,,,,,,
,04-22-2015,18:06:00, Lane 1 ,Fwd,FF,,43,2,60,,2,9.71,,,,,,,,,,,,,,,,,,,,,,,,9.71,-,,,,,,,,,,,,,,,,,,,,,,,,,-,-,,,,,,,,,,,,,,,,,,,,,,,,,
,04-22-2015,18:06:24, Lane 1 ,Fwd,FF,,44,2,61,,2,8.60,,,,,,,,,,,,,,,,,,,,,,,,8.60,-,,,,,,,,,,,,,,,,,,,,,,,,,-,-,,,,,,,,,,,,,,,,,,,,,,,,,
,04-22-2015,18:06:43, Lane 1 ,Fwd,FF,,45,2,58,,2,8.68,,,,,,,,,,,,,,,,,,,,,,,,8.68,-,,,,,,,,,,,,,,,,,,,,,,,,,-,-,,,,,,,,,,,,,,,,,,,,,,,,,
,04-22-2015,18:06:59, Lane 1 ,Fwd,FF,,46,2,58,,2,8.51,,,,,,,,,,,,,,,,,,,,,,,,8.51,-,,,,,,,,,,,,,,,,,,,,,,,,,-,-,,,,,,,,,,,,,,,,,,,,,,,,,
,04-22-2015,18:07:02, Lane 1 ,Fwd,FF,,47,2,61,,2,9.87,,,,,,,,,,,,,,,,,,,,,,,,9.87,-,,,,,,,,,,,,,,,,,,,,,,,,,-,-,,,,,,,,,,,,,,,,,,,,,,,,,
,04-22-2015,18:07:09, Lane 1 ,Fwd,FF,,48,2,62,,2,8.93,,,,,,,,,,,,,,,,,,,,,,,,8.93,-,,,,,,,,,,,,,,,,,,,,,,,,,-,-,,,,,,,,,,,,,,,,,,,,,,,,,
,04-22-2015,18:07:10, Lane 1 ,Fwd,FF,,49,2,60,,2,9.62,,,,,,,,,,,,,,,,,,,,,,,,9.62,-,,,,,,,,,,,,,,,,,,,,,,,,,-,-,,,,,,,,,,,,,,,,,,,,,,,,,
,04-22-2015,18:07:21, Lane 1 ,Fwd,FF,,50,2,55,,2,9.36,,,,,,,,,,,,,,,,,,,,,,,,9.36,-,,,,,,,,,,,,,,,,,,,,,,,,,-,-,,,,,,,,,,,,,,,,,,,,,,,,,
,04-22-2015,18:07:22, Lane 1 ,Fwd,FF,,51,2,56,,2,8.74,,,,,,,,,,,,,,,,,,,,,,,,8.74,-,,,,,,,,,,,,,,,,,,,,,,,,,-,-,,,,,,,,,,,,,,,,,,,,,,,,,
,04-22-2015,18:07:37, Lane 1 ,Fwd,FF,,52,2,59,,2,9.65,,,,,,,,,,,,,,,,,,,,,,,,9.65,-,,,,,,,,,,,,,,,,,,,,,,,,,-,-,,,,,,,,,,,,,,,,,,,,,,,,,
,04-22-2015,18:07:56, Lane 1 ,Fwd,FF,,53,2,64,,2,9.07,,,,,,,,,,,,,,,,,,,,,,,,9.07,-,,,,,,,,,,,,,,,,,,,,,,,,,-,-,,,,,,,,,,,,,,,,,,,,,,,,,
,04-22-2015,18:08:10, Lane 1 ,Fwd,FF,,54,5,63,,2,13.19,,,,,,,,,,,,,,,,,,,,,,,,13.19,-,,,,,,,,,,,,,,,,,,,,,,,,,-,-,,,,,,,,,,,,,,,,,,,,,,,,,
,04-22-2015,18:08:11, Lane 1 ,Fwd,FF,,55,2,62,,2,8.45,,,,,,,,,,,,,,,,,,,,,,,,8.45,-,,,,,,,,,,,,,,,,,,,,,,,,,-,-,,,,,,,,,,,,,,,,,,,,,,,,,
,04-22-2015,18:08:27, Lane 1 ,Fwd,FF,,56,2,62,,2,9.46,,,,,,,,,,,,,,,,,,,,,,,,9.46,-,,,,,,,,,,,,,,,,,,,,,,,,,-,-,,,,,,,,,,,,,,,,,,,,,,,,,
,04-22-2015,18:08:31, Lane 1 ,Fwd,FF,,57,2,61,,2,9.07,,,,,,,,,,,,,,,,,,,,,,,,9.07,-,,,,,,,,,,,,,,,,,,,,,,,,,-,-,,,,,,,,,,,,,,,,,,,,,,,,,
,04-22-2015,18:08:33, Lane 1 ,Fwd,FF,,58,2,59,,2,8.29,,,,,,,,,,,,,,,,,,,,,,,,8.29,-,,,,,,,,,,,,,,,,,,,,,,,,,-,-,,,,,,,,,,,,,,,,,,,,,,,,,
,04-22-2015,18:08:37, Lane 1 ,Fwd,FF,,59,2,59,,2,8.64,,,,,,,,,,,,,,,,,,,,,,,,8.64,-,,,,,,,,,,,,,,,,,,,,,,,,,-,-,,,,,,,,,,,,,,,,,,,,,,,,,
,04-22-2015,18:08:41, Lane 1 ,Fwd,FF,,60,2,58,,2,9.72,,,,,,,,,,,,,,,,,,,,,,,,9.72,-,,,,,,,,,,,,,,,,,,,,,,,,,-,-,,,,,,,,,,,,,,,,,,,,,,,,,
,04-22-2015,18:08:44, Lane 1 ,Fwd,FF,,61,2,58,,2,9.00,,,,,,,,,,,,,,,,,,,,,,,,9.00,-,,,,,,,,,,,,,,,,,,,,,,,,,-,-,,,,,,,,,,,,,,,,,,,,,,,,,
,04-22-2015,18:08:45, Lane 1 ,Fwd,FF,,62,2,59,,2,8.89,,,,,,,,,,,,,,,,,,,,,,,,8.89,-,,,,,,,,,,,,,,,,,,,,,,,,,-,-,,,,,,,,,,,,,,,,,,,,,,,,,
,04-22-2015,18:08:54, Lane 1 ,Fwd,FF,,63,2,62,,2,9.66,,,,,,,,,,,,,,,,,,,,,,,,9.66,-,,,,,,,,,,,,,,,,,,,,,,,,,-,-,,,,,,,,,,,,,,,,,,,,,,,,,
,04-22-2015,18:08:56, Lane 1 ,Fwd,FF,,64,2,59,,2,8.09,,,,,,,,,,,,,,,,,,,,,,,,8.09,-,,,,,,,,,,,,,,,,,,,,,,,,,-,-,,,,,,,,,,,,,,,,,,,,,,,,,
,04-22-2015,18:09:09, Lane 1 ,Fwd,FF,,65,2,61,,2,8.98,,,,,,,,,,,,,,,,,,,,,,,,8.98,-,,,,,,,,,,,,,,,,,,,,,,,,,-,-,,,,,,,,,,,,,,,,,,,,,,,,,
,04-22-2015,18:09:26, Lane 1 ,Fwd,FF,,66,2,69,,2,9.38,,,,,,,,,,,,,,,,,,,,,,,,9.38,-,,,,,,,,,,,,,,,,,,,,,,,,,-,-,,,,,,,,,,,,,,,,,,,,,,,,,
,04-22-2015,18:09:33, Lane 1 ,Fwd,FF,,67,2,60,,2,9.20,,,,,,,,,,,,,,,,,,,,,,,,9.20,-,,,,,,,,,,,,,,,,,,,,,,,,,-,-,,,,,,,,,,,,,,,,,,,,,,,,,
,04-22-2015,18:10:15, Lane 1 ,Fwd,FF,,68,2,56,,2,8.74,,,,,,,,,,,,,,,,,,,,,,,,8.74,-,,,,,,,,,,,,,,,,,,,,,,,,,-,-,,,,,,,,,,,,,,,,,,,,,,,,,
,04-22-2015,18:10:16, Lane 1 ,Fwd,FF,,69,2,58,,2,9.02,,,,,,,,,,,,,,,,,,,,,,,,9.02,-,,,,,,,,,,,,,,,,,,,,,,,,,-,-,,,,,,,,,,,,,,,,,,,,,,,,,
,04-22-2015,18:10:18, Lane 1 ,Fwd,FF,,70,2,62,,2,9.48,,,,,,,,,,,,,,,,,,,,,,,,9.48,-,,,,,,,,,,,,,,,,,,,,,,,,,-,-,,,,,,,,,,,,,,,,,,,,,,,,,
,04-22-2015,18:10:19, Lane 1 ,Fwd,FF,,71,2,62,,2,9.46,,,,,,,,,,,,,,,,,,,,,,,,9.46,-,,,,,,,,,,,,,,,,,,,,,,,,,-,-,,,,,,,,,,,,,,,,,,,,,,,,,
,04-22-2015,18:10:29, Lane 1 ,Fwd,FF,,72,2,58,,2,9.60,,,,,,,,,,,,,,,,,,,,,,,,9.60,-,,,,,,,,,,,,,,,,,,,,,,,,,-,-,,,,,,,,,,,,,,,,,,,,,,,,,
,04-22-2015,18:10:30, Lane 1 ,Fwd,FF,,73,3,56,,2,11.76,,,,,,,,,,,,,,,,,,,,,,,,11.76,-,,,,,,,,,,,,,,,,,,,,,,,,,-,-,,,,,,,,,,,,,,,,,,,,,,,,,
,04-22-2015,18:10:57, Lane 1 ,Fwd,FF,,74,8,67,,3,14.36,17.51,,,,,,,,,,,,,,,,,,,,,,,31.87,-,,,,,,,,,,,,,,,,,,,,,,,,,-,-,,,,,,,,,,,,,,,,,,,,,,,,,
,04-22-2015,18:11:05, Lane 1 ,Fwd,FF,,75,2,58,,2,8.20,,,,,,,,,,,,,,,,,,,,,,,,8.20,-,,,,,,,,,,,,,,,,,,,,,,,,,-,-,,,,,,,,,,,,,,,,,,,,,,,,,
,04-22-2015,18:11:49, Lane 1 ,Fwd,FF,,76,3,60,,2,11.03,,,,,,,,,,,,,,,,,,,,,,,,11.03,-,,,,,,,,,,,,,,,,,,,,,,,,,-,-,,,,,,,,,,,,,,,,,,,,,,,,,
,04-22-2015,18:11:51, Lane 1 ,Fwd,FF,,77,3,58,,2,10.30,,,,,,,,,,,,,,,,,,,,,,,,10.30,-,,,,,,,,,,,,,,,,,,,,,,,,,-,-,,,,,,,,,,,,,,,,,,,,,,,,,
,04-22-2015,18:11:53, Lane 1 ,Fwd,FF,,78,3,60,,2,11.47,,,,,,,,,,,,,,,,,,,,,,,,11.47,-,,,,,,,,,,,,,,,,,,,,,,,,,-,-,,,,,,,,,,,,,,,,,,,,,,,,,
,04-22-2015,18:11:59, Lane 1 ,Fwd,FF,,79,2,56,,2,8.63,,,,,,,,,,,,,,,,,,,,,,,,8.63,-,,,,,,,,,,,,,,,,,,,,,,,,,-,-,,,,,,,,,,,,,,,,,,,,,,,,,
,04-22-2015,18:12:06, Lane 1 ,Fwd,FF,,80,2,64,,2,8.69,,,,,,,,,,,,,,,,,,,,,,,,8.69,-,,,,,,,,,,,,,,,,,,,,,,,,,-,-,,,,,,,,,,,,,,,,,,,,,,,,,
,04-22-2015,18:12:18, Lane 1 ,Fwd,FF,,81,2,60,,2,8.67,,,,,,,,,,,,,,,,,,,,,,,,8.67,-,,,,,,,,,,,,,,,,,,,,,,,,,-,-,,,,,,,,,,,,,,,,,,,,,,,,,
,04-22-2015,18:12:35, Lane 1 ,Fwd,FF,,82,2,56,,2,8.63,,,,,,,,,,,,,,,,,,,,,,,,8.63,-,,,,,,,,,,,,,,,,,,,,,,,,,-,-,,,,,,,,,,,,,,,,,,,,,,,,,
,04-22-2015,18:13:08, Lane 1 ,Fwd,FF,,83,3,59,,2,11.83,,,,,,,,,,,,,,,,,,,,,,,,11.83,-,,,,,,,,,,,,,,,,,,,,,,,,,-,-,,,,,,,,,,,,,,,,,,,,,,,,,
,04-22-2015,18:13:11, Lane 1 ,Fwd,FF,,84,3,59,,2,11.22,,,,,,,,,,,,,,,,,,,,,,,,11.22,-,,,,,,,,,,,,,,,,,,,,,,,,,-,-,,,,,,,,,,,,,,,,,,,,,,,,,
,04-22-2015,18:13:12, Lane 1 ,Fwd,FF,,85,2,57,,2,8.98,,,,,,,,,,,,,,,,,,,,,,,,8.98,-,,,,,,,,,,,,,,,,,,,,,,,,,-,-,,,,,,,,,,,,,,,,,,,,,,,,,
,04-22-2015,18:13:16, Lane 1 ,Fwd,FF,,86,2,57,,2,8.56,,,,,,,,,,,,,,,,,,,,,,,,8.56,-,,,,,,,,,,,,,,,,,,,,,,,,,-,-,,,,,,,,,,,,,,,,,,,,,,,,,
,04-22-2015,18:13:54, Lane 1 ,Fwd,FF,,87,1,69,,2,5.29,,,,,,,,,,,,,,,,,,,,,,,,5.29,-,,,,,,,,,,,,,,,,,,,,,,,,,-,-,,,,,,,,,,,,,,,,,,,,,,,,,
,04-22-2015,18:14:03, Lane 1 ,Fwd,FF,,88,2,58,,2,8.14,,,,,,,,,,,,,,,,,,,,,,,,8.14,-,,,,,,,,,,,,,,,,,,,,,,,,,-,-,,,,,,,,,,,,,,,,,,,,,,,,,
,04-22-2015,18:14:04, Lane 1 ,Fwd,FF,,89,2,59,,2,8.35,,,,,,,,,,,,,,,,,,,,,,,,8.35,-,,,,,,,,,,,,,,,,,,,,,,,,,-,-,,,,,,,,,,,,,,,,,,,,,,,,,
,04-22-2015,18:14:05, Lane 1 ,Fwd,FF,,90,2,61,,2,8.60,,,,,,,,,,,,,,,,,,,,,,,,8.60,-,,,,,,,,,,,,,,,,,,,,,,,,,-,-,,,,,,,,,,,,,,,,,,,,,,,,,
,04-22-2015,18:14:43, Lane 1 ,Fwd,FF,,91,2,53,,2,8.49,,,,,,,,,,,,,,,,,,,,,,,,8.49,-,,,,,,,,,,,,,,,,,,,,,,,,,-,-,,,,,,,,,,,,,,,,,,,,,,,,,
,04-22-2015,18:14:46, Lane 1 ,Fwd,FF,,92,2,53,,2,9.91,,,,,,,,,,,,,,,,,,,,,,,,9.91,-,,,,,,,,,,,,,,,,,,,,,,,,,-,-,,,,,,,,,,,,,,,,,,,,,,,,,
,04-22-2015,18:14:47, Lane 1 ,Fwd,FF,,93,2,55,,2,8.88,,,,,,,,,,,,,,,,,,,,,,,,8.88,-,,,,,,,,,,,,,,,,,,,,,,,,,-,-,,,,,,,,,,,,,,,,,,,,,,,,,
,04-22-2015,18:14:50, Lane 1 ,Fwd,FF,,94,2,55,,2,8.48,,,,,,,,,,,,,,,,,,,,,,,,8.48,-,,,,,,,,,,,,,,,,,,,,,,,,,-,-,,,,,,,,,,,,,,,,,,,,,,,,,
,04-22-2015,18:15:07, Lane 1 ,Fwd,FF,,95,3,53,,2,10.77,,,,,,,,,,,,,,,,,,,,,,,,10.77,-,,,,,,,,,,,,,,,,,,,,,,,,,-,-,,,,,,,,,,,,,,,,,,,,,,,,,
,04-22-2015,18:15:08, Lane 1 ,Fwd,FF,,96,3,52,,2,10.55,,,,,,,,,,,,,,,,,,,,,,,,10.55,-,,,,,,,,,,,,,,,,,,,,,,,,,-,-,,,,,,,,,,,,,,,,,,,,,,,,,
,04-22-2015,18:15:10, Lane 1 ,Fwd,FF,,97,2,54,,2,8.79,,,,,,,,,,,,,,,,,,,,,,,,8.79,-,,,,,,,,,,,,,,,,,,,,,,,,,-,-,,,,,,,,,,,,,,,,,,,,,,,,,
,04-22-2015,18:15:11, Lane 1 ,Fwd,FF,,98,2,53,,2,9.83,,,,,,,,,,,,,,,,,,,,,,,,9.83,-,,,,,,,,,,,,,,,,,,,,,,,,,-,-,,,,,,,,,,,,,,,,,,,,,,,,,
,04-22-2015,18:15:12, Lane 1 ,Fwd,FF,,99,2,54,,2,8.26,,,,,,,,,,,,,,,,,,,,,,,,8.26,-,,,,,,,,,,,,,,,,,,,,,,,,,-,-,,,,,,,,,,,,,,,,,,,,,,,,,
,04-22-2015,18:15:14, Lane 1 ,Fwd,FF,,100,2,54,,2,9.02,,,,,,,,,,,,,,,,,,,,,,,,9.02,-,,,,,,,,,,,,,,,,,,,,,,,,,-,-,,,,,,,,,,,,,,,,,,,,,,,,,
,04-22-2015,18:15:15, Lane 1 ,Fwd,FF,,101,2,54,,2,9.78,,,,,,,,,,,,,,,,,,,,,,,,9.78,-,,,,,,,,,,,,,,,,,,,,,,,,,-,-,,,,,,,,,,,,,,,,,,,,,,,,,
,04-22-2015,18:15:20, Lane 1 ,Fwd,FF,,102,2,64,,2,8.53,,,,,,,,,,,,,,,,,,,,,,,,8.53,-,,,,,,,,,,,,,,,,,,,,,,,,,-,-,,,,,,,,,,,,,,,,,,,,,,,,,
,04-22-2015,18:15:38, Lane 1 ,Fwd,FF,,103,2,60,,2,8.83,,,,,,,,,,,,,,,,,,,,,,,,8.83,-,,,,,,,,,,,,,,,,,,,,,,,,,-,-,,,,,,,,,,,,,,,,,,,,,,,,,
,04-22-2015,18:15:42, Lane 1 ,Fwd,FF,,104,2,62,,2,8.57,,,,,,,,,,,,,,,,,,,,,,,,8.57,-,,,,,,,,,,,,,,,,,,,,,,,,,-,-,,,,,,,,,,,,,,,,,,,,,,,,,
,04-22-2015,18:15:53, Lane 1 ,Fwd,FF,,105,2,58,,2,9.21,,,,,,,,,,,,,,,,,,,,,,,,9.21,-,,,,,,,,,,,,,,,,,,,,,,,,,-,-,,,,,,,,,,,,,,,,,,,,,,,,,
,04-22-2015,18:16:11, Lane 1 ,Fwd,FF,,106,3,56,,3,11.92,15.02,,,,,,,,,,,,,,,,,,,,,,,26.94,-,,,,,,,,,,,,,,,,,,,,,,,,,-,-,,,,,,,,,,,,,,,,,,,,,,,,,
,04-22-2015,18:16:12, Lane 1 ,Fwd,FF,,107,5,55,,2,14.26,,,,,,,,,,,,,,,,,,,,,,,,14.26,-,,,,,,,,,,,,,,,,,,,,,,,,,-,-,,,,,,,,,,,,,,,,,,,,,,,,,
,04-22-2015,18:16:20, Lane 1 ,Fwd,FF,,108,3,52,,2,11.32,,,,,,,,,,,,,,,,,,,,,,,,11.32,-,,,,,,,,,,,,,,,,,,,,,,,,,-,-,,,,,,,,,,,,,,,,,,,,,,,,,
,04-22-2015,18:16:22, Lane 1 ,Fwd,FF,,109,2,54,,2,9.73,,,,,,,,,,,,,,,,,,,,,,,,9.73,-,,,,,,,,,,,,,,,,,,,,,,,,,-,-,,,,,,,,,,,,,,,,,,,,,,,,,
,04-22-2015,18:16:25, Lane 1 ,Fwd,FF,,110,2,57,,2,8.50,,,,,,,,,,,,,,,,,,,,,,,,8.50,-,,,,,,,,,,,,,,,,,,,,,,,,,-,-,,,,,,,,,,,,,,,,,,,,,,,,,
,04-22-2015,18:16:55, Lane 1 ,Fwd,FF,,111,3,53,,2,11.31,,,,,,,,,,,,,,,,,,,,,,,,11.31,-,,,,,,,,,,,,,,,,,,,,,,,,,-,-,,,,,,,,,,,,,,,,,,,,,,,,,
,04-22-2015,18:17:07, Lane 1 ,Fwd,FF,,112,2,68,,2,8.83,,,,,,,,,,,,,,,,,,,,,,,,8.83,-,,,,,,,,,,,,,,,,,,,,,,,,,-,-,,,,,,,,,,,,,,,,,,,,,,,,,
,04-22-2015,18:17:09, Lane 1 ,Fwd,FF,,113,2,63,,2,9.07,,,,,,,,,,,,,,,,,,,,,,,,9.07,-,,,,,,,,,,,,,,,,,,,,,,,,,-,-,,,,,,,,,,,,,,,,,,,,,,,,,
,04-22-2015,18:17:18, Lane 1 ,Fwd,FF,,114,2,56,,2,8.80,,,,,,,,,,,,,,,,,,,,,,,,8.80,-,,,,,,,,,,,,,,,,,,,,,,,,,-,-,,,,,,,,,,,,,,,,,,,,,,,,,
,04-22-2015,18:17:19, Lane 1 ,Fwd,FF,,115,3,56,,2,10.28,,,,,,,,,,,,,,,,,,,,,,,,10.28,-,,,,,,,,,,,,,,,,,,,,,,,,,-,-,,,,,,,,,,,,,,,,,,,,,,,,,
,04-22-2015,18:17:25, Lane 1 ,Fwd,FF,,116,2,56,,2,9.78,,,,,,,,,,,,,,,,,,,,,,,,9.78,-,,,,,,,,,,,,,,,,,,,,,,,,,-,-,,,,,,,,,,,,,,,,,,,,,,,,,
,04-22-2015,18:17:33, Lane 1 ,Fwd,FF,,117,2,63,,2,8.31,,,,,,,,,,,,,,,,,,,,,,,,8.31,-,,,,,,,,,,,,,,,,,,,,,,,,,-,-,,,,,,,,,,,,,,,,,,,,,,,,,
,04-22-2015,18:17:47, Lane 1 ,Fwd,FF,,118,2,61,,2,8.69,,,,,,,,,,,,,,,,,,,,,,,,8.69,-,,,,,,,,,,,,,,,,,,,,,,,,,-,-,,,,,,,,,,,,,,,,,,,,,,,,,
,04-22-2015,18:17:57, Lane 1 ,Fwd,FF,,119,2,71,,2,8.79,,,,,,,,,,,,,,,,,,,,,,,,8.79,-,,,,,,,,,,,,,,,,,,,,,,,,,-,-,,,,,,,,,,,,,,,,,,,,,,,,,
,04-22-2015,18:18:01, Lane 1 ,Fwd,FF,,120,2,66,,2,9.03,,,,,,,,,,,,,,,,,,,,,,,,9.03,-,,,,,,,,,,,,,,,,,,,,,,,,,-,-,,,,,,,,,,,,,,,,,,,,,,,,,
,04-22-2015,18:18:13, Lane 1 ,Fwd,FF,,121,2,54,,2,8.58,,,,,,,,,,,,,,,,,,,,,,,,8.58,-,,,,,,,,,,,,,,,,,,,,,,,,,-,-,,,,,,,,,,,,,,,,,,,,,,,,,
,04-22-2015,18:18:16, Lane 1 ,Fwd,FF,,122,3,59,,2,12.69,,,,,,,,,,,,,,,,,,,,,,,,12.69,-,,,,,,,,,,,,,,,,,,,,,,,,,-,-,,,,,,,,,,,,,,,,,,,,,,,,,
,04-22-2015,18:18:21, Lane 1 ,Fwd,FF,,123,3,61,,2,11.56,,,,,,,,,,,,,,,,,,,,,,,,11.56,-,,,,,,,,,,,,,,,,,,,,,,,,,-,-,,,,,,,,,,,,,,,,,,,,,,,,,
,04-22-2015,18:19:01, Lane 1 ,Fwd,FF,,124,8,58,,4,12.51,31.15,4.00,,,,,,,,,,,,,,,,,,,,,,47.66,-,,,,,,,,,,,,,,,,,,,,,,,,,-,-,,,,,,,,,,,,,,,,,,,,,,,,,
,04-22-2015,18:19:03, Lane 1 ,Fwd,FF,,125,2,58,,2,9.77,,,,,,,,,,,,,,,,,,,,,,,,9.77,-,,,,,,,,,,,,,,,,,,,,,,,,,-,-,,,,,,,,,,,,,,,,,,,,,,,,,
,04-22-2015,18:19:04, Lane 1 ,Fwd,FF,,126,3,60,,2,11.30,,,,,,,,,,,,,,,,,,,,,,,,11.30,-,,,,,,,,,,,,,,,,,,,,,,,,,-,-,,,,,,,,,,,,,,,,,,,,,,,,,
,04-22-2015,18:19:05, Lane 1 ,Fwd,FF,,127,4,60,,2,22.06,,,,,,,,,,,,,,,,,,,,,,,,22.06,-,,,,,,,,,,,,,,,,,,,,,,,,,-,-,,,,,,,,,,,,,,,,,,,,,,,,,
,04-22-2015,18:19:09, Lane 1 ,Fwd,FF,,128,2,57,,2,9.23,,,,,,,,,,,,,,,,,,,,,,,,9.23,-,,,,,,,,,,,,,,,,,,,,,,,,,-,-,,,,,,,,,,,,,,,,,,,,,,,,,
,04-22-2015,18:19:11, Lane 1 ,Fwd,FF,,129,2,58,,2,8.49,,,,,,,,,,,,,,,,,,,,,,,,8.49,-,,,,,,,,,,,,,,,,,,,,,,,,,-,-,,,,,,,,,,,,,,,,,,,,,,,,,
,04-22-2015,18:19:15, Lane 1 ,Fwd,FF,,130,3,55,,2,10.30,,,,,,,,,,,,,,,,,,,,,,,,10.30,-,,,,,,,,,,,,,,,,,,,,,,,,,-,-,,,,,,,,,,,,,,,,,,,,,,,,,
,04-22-2015,18:19:17, Lane 1 ,Fwd,FF,,131,2,56,,2,8.47,,,,,,,,,,,,,,,,,,,,,,,,8.47,-,,,,,,,,,,,,,,,,,,,,,,,,,-,-,,,,,,,,,,,,,,,,,,,,,,,,,
,04-22-2015,18:19:22, Lane 1 ,Fwd,FF,,132,3,57,,2,11.33,,,,,,,,,,,,,,,,,,,,,,,,11.33,-,,,,,,,,,,,,,,,,,,,,,,,,,-,-,,,,,,,,,,,,,,,,,,,,,,,,,
,04-22-2015,18:19:23, Lane 1 ,Fwd,FF,,133,2,59,,2,9.93,,,,,,,,,,,,,,,,,,,,,,,,9.93,-,,,,,,,,,,,,,,,,,,,,,,,,,-,-,,,,,,,,,,,,,,,,,,,,,,,,,
,04-22-2015,18:19:24, Lane 1 ,Fwd,FF,,134,2,59,,2,8.96,,,,,,,,,,,,,,,,,,,,,,,,8.96,-,,,,,,,,,,,,,,,,,,,,,,,,,-,-,,,,,,,,,,,,,,,,,,,,,,,,,
,04-22-2015,18:19:25, Lane 1 ,Fwd,FF,,135,2,61,,2,8.18,,,,,,,,,,,,,,,,,,,,,,,,8.18,-,,,,,,,,,,,,,,,,,,,,,,,,,-,-,,,,,,,,,,,,,,,,,,,,,,,,,
,04-22-2015,18:20:09, Lane 1 ,Fwd,FF,,136,2,56,,2,8.39,,,,,,,,,,,,,,,,,,,,,,,,8.39,-,,,,,,,,,,,,,,,,,,,,,,,,,-,-,,,,,,,,,,,,,,,,,,,,,,,,,
,04-22-2015,18:20:11, Lane 1 ,Fwd,FF,,137,2,56,,2,8.96,,,,,,,,,,,,,,,,,,,,,,,,8.96,-,,,,,,,,,,,,,,,,,,,,,,,,,-,-,,,,,,,,,,,,,,,,,,,,,,,,,
,04-22-2015,18:20:13, Lane 1 ,Fwd,FF,,138,3,61,,2,11.91,,,,,,,,,,,,,,,,,,,,,,,,11.91,-,,,,,,,,,,,,,,,,,,,,,,,,,-,-,,,,,,,,,,,,,,,,,,,,,,,,,
,04-22-2015,18:20:21, Lane 1 ,Fwd,FF,,139,3,58,,2,10.48,,,,,,,,,,,,,,,,,,,,,,,,10.48,-,,,,,,,,,,,,,,,,,,,,,,,,,-,-,,,,,,,,,,,,,,,,,,,,,,,,,
,04-22-2015,18:20:31, Lane 1 ,Fwd,FF,,140,2,62,,2,9.48,,,,,,,,,,,,,,,,,,,,,,,,9.48,-,,,,,,,,,,,,,,,,,,,,,,,,,-,-,,,,,,,,,,,,,,,,,,,,,,,,,
,04-22-2015,18:20:32, Lane 1 ,Fwd,FF,,141,3,62,,2,11.82,,,,,,,,,,,,,,,,,,,,,,,,11.82,-,,,,,,,,,,,,,,,,,,,,,,,,,-,-,,,,,,,,,,,,,,,,,,,,,,,,,
,04-22-2015,18:20:39, Lane 1 ,Fwd,FF,,142,2,64,,2,8.91,,,,,,,,,,,,,,,,,,,,,,,,8.91,-,,,,,,,,,,,,,,,,,,,,,,,,,-,-,,,,,,,,,,,,,,,,,,,,,,,,,
,04-22-2015,18:20:46, Lane 1 ,Fwd,FF,,143,3,67,,2,12.99,,,,,,,,,,,,,,,,,,,,,,,,12.99,-,,,,,,,,,,,,,,,,,,,,,,,,,-,-,,,,,,,,,,,,,,,,,,,,,,,,,
,04-22-2015,18:20:58, Lane 1 ,Fwd,FF,,144,2,61,,2,9.58,,,,,,,,,,,,,,,,,,,,,,,,9.58,-,,,,,,,,,,,,,,,,,,,,,,,,,-,-,,,,,,,,,,,,,,,,,,,,,,,,,
,04-22-2015,18:21:10, Lane 1 ,Fwd,FF,,145,2,58,,2,8.37,,,,,,,,,,,,,,,,,,,,,,,,8.37,-,,,,,,,,,,,,,,,,,,,,,,,,,-,-,,,,,,,,,,,,,,,,,,,,,,,,,
,04-22-2015,18:21:11, Lane 1 ,Fwd,FF,,146,2,59,,2,8.64,,,,,,,,,,,,,,,,,,,,,,,,8.64,-,,,,,,,,,,,,,,,,,,,,,,,,,-,-,,,,,,,,,,,,,,,,,,,,,,,,,
,04-22-2015,18:21:39, Lane 1 ,Fwd,FF,,147,3,58,,2,11.75,,,,,,,,,,,,,,,,,,,,,,,,11.75,-,,,,,,,,,,,,,,,,,,,,,,,,,-,-,,,,,,,,,,,,,,,,,,,,,,,,,
,04-22-2015,18:21:41, Lane 1 ,Fwd,FF,,148,2,60,,2,8.76,,,,,,,,,,,,,,,,,,,,,,,,8.76,-,,,,,,,,,,,,,,,,,,,,,,,,,-,-,,,,,,,,,,,,,,,,,,,,,,,,,
,04-22-2015,18:21:42, Lane 1 ,Fwd,FF,,149,3,60,,2,11.74,,,,,,,,,,,,,,,,,,,,,,,,11.74,-,,,,,,,,,,,,,,,,,,,,,,,,,-,-,,,,,,,,,,,,,,,,,,,,,,,,,
,04-22-2015,18:21:43, Lane 1 ,Fwd,FF,,150,2,61,,2,8.42,,,,,,,,,,,,,,,,,,,,,,,,8.42,-,,,,,,,,,,,,,,,,,,,,,,,,,-,-,,,,,,,,,,,,,,,,,,,,,,,,,
,04-22-2015,18:21:44, Lane 1 ,Fwd,FF,,151,2,60,,2,9.00,,,,,,,,,,,,,,,,,,,,,,,,9.00,-,,,,,,,,,,,,,,,,,,,,,,,,,-,-,,,,,,,,,,,,,,,,,,,,,,,,,
,04-22-2015,18:21:47, Lane 1 ,Fwd,FF,,152,2,59,,2,8.44,,,,,,,,,,,,,,,,,,,,,,,,8.44,-,,,,,,,,,,,,,,,,,,,,,,,,,-,-,,,,,,,,,,,,,,,,,,,,,,,,,
,04-22-2015,18:21:48, Lane 1 ,Fwd,FF,,153,2,56,,2,8.49,,,,,,,,,,,,,,,,,,,,,,,,8.49,-,,,,,,,,,,,,,,,,,,,,,,,,,-,-,,,,,,,,,,,,,,,,,,,,,,,,,
,04-22-2015,18:21:56, Lane 1 ,Fwd,FF,,154,3,63,,3,12.46,16.89,,,,,,,,,,,,,,,,,,,,,,,29.35,-,,,,,,,,,,,,,,,,,,,,,,,,,-,-,,,,,,,,,,,,,,,,,,,,,,,,,
,04-22-2015,18:21:58, Lane 1 ,Fwd,FF,,155,2,64,,2,8.69,,,,,,,,,,,,,,,,,,,,,,,,8.69,-,,,,,,,,,,,,,,,,,,,,,,,,,-,-,,,,,,,,,,,,,,,,,,,,,,,,,
,04-22-2015,18:22:02, Lane 1 ,Fwd,FF,,156,2,67,,2,8.98,,,,,,,,,,,,,,,,,,,,,,,,8.98,-,,,,,,,,,,,,,,,,,,,,,,,,,-,-,,,,,,,,,,,,,,,,,,,,,,,,,
,04-22-2015,18:22:08, Lane 1 ,Fwd,FF,,157,2,59,,2,8.72,,,,,,,,,,,,,,,,,,,,,,,,8.72,-,,,,,,,,,,,,,,,,,,,,,,,,,-,-,,,,,,,,,,,,,,,,,,,,,,,,,
,04-22-2015,18:22:09, Lane 1 ,Fwd,FF,,158,3,58,,2,10.30,,,,,,,,,,,,,,,,,,,,,,,,10.30,-,,,,,,,,,,,,,,,,,,,,,,,,,-,-,,,,,,,,,,,,,,,,,,,,,,,,,
,04-22-2015,18:22:14, Lane 1 ,Fwd,FF,,159,2,59,,2,9.06,,,,,,,,,,,,,,,,,,,,,,,,9.06,-,,,,,,,,,,,,,,,,,,,,,,,,,-,-,,,,,,,,,,,,,,,,,,,,,,,,,
,04-22-2015,18:22:28, Lane 1 ,Fwd,FF,,160,2,64,,2,10.12,,,,,,,,,,,,,,,,,,,,,,,,10.12,-,,,,,,,,,,,,,,,,,,,,,,,,,-,-,,,,,,,,,,,,,,,,,,,,,,,,,
,04-22-2015,18:22:41, Lane 1 ,Fwd,FF,,161,2,58,,2,8.85,,,,,,,,,,,,,,,,,,,,,,,,8.85,-,,,,,,,,,,,,,,,,,,,,,,,,,-,-,,,,,,,,,,,,,,,,,,,,,,,,,
,04-22-2015,18:22:59, Lane 1 ,Fwd,FF,,162,2,58,,2,8.57,,,,,,,,,,,,,,,,,,,,,,,,8.57,-,,,,,,,,,,,,,,,,,,,,,,,,,-,-,,,,,,,,,,,,,,,,,,,,,,,,,
,04-22-2015,18:23:19, Lane 1 ,Fwd,FF,,163,2,67,,2,8.39,,,,,,,,,,,,,,,,,,,,,,,,8.39,-,,,,,,,,,,,,,,,,,,,,,,,,,-,-,,,,,,,,,,,,,,,,,,,,,,,,,
,04-22-2015,18:23:36, Lane 1 ,Fwd,FF,,164,2,58,,2,9.13,,,,,,,,,,,,,,,,,,,,,,,,9.13,-,,,,,,,,,,,,,,,,,,,,,,,,,-,-,,,,,,,,,,,,,,,,,,,,,,,,,
,04-22-2015,18:23:37, Lane 1 ,Fwd,FF,,165,2,58,,2,8.28,,,,,,,,,,,,,,,,,,,,,,,,8.28,-,,,,,,,,,,,,,,,,,,,,,,,,,-,-,,,,,,,,,,,,,,,,,,,,,,,,,
,04-22-2015,18:23:40, Lane 1 ,Fwd,FF,,166,2,58,,2,8.85,,,,,,,,,,,,,,,,,,,,,,,,8.85,-,,,,,,,,,,,,,,,,,,,,,,,,,-,-,,,,,,,,,,,,,,,,,,,,,,,,,
,04-22-2015,18:23:41, Lane 1 ,Fwd,FF,,167,2,57,,2,9.17,,,,,,,,,,,,,,,,,,,,,,,,9.17,-,,,,,,,,,,,,,,,,,,,,,,,,,-,-,,,,,,,,,,,,,,,,,,,,,,,,,
,04-22-2015,18:23:57, Lane 1 ,Fwd,FF,,168,2,65,,2,9.24,,,,,,,,,,,,,,,,,,,,,,,,9.24,-,,,,,,,,,,,,,,,,,,,,,,,,,-,-,,,,,,,,,,,,,,,,,,,,,,,,,
,04-22-2015,18:24:05, Lane 1 ,Fwd,FF,,169,2,64,,2,9.64,,,,,,,,,,,,,,,,,,,,,,,,9.64,-,,,,,,,,,,,,,,,,,,,,,,,,,-,-,,,,,,,,,,,,,,,,,,,,,,,,,
,04-22-2015,18:24:11, Lane 1 ,Fwd,FF,,170,2,63,,2,9.25,,,,,,,,,,,,,,,,,,,,,,,,9.25,-,,,,,,,,,,,,,,,,,,,,,,,,,-,-,,,,,,,,,,,,,,,,,,,,,,,,,
,04-22-2015,18:24:13, Lane 1 ,Fwd,FF,,171,2,61,,2,9.67,,,,,,,,,,,,,,,,,,,,,,,,9.67,-,,,,,,,,,,,,,,,,,,,,,,,,,-,-,,,,,,,,,,,,,,,,,,,,,,,,,
,04-22-2015,18:24:17, Lane 1 ,Fwd,FF,,172,2,59,,2,8.87,,,,,,,,,,,,,,,,,,,,,,,,8.87,-,,,,,,,,,,,,,,,,,,,,,,,,,-,-,,,,,,,,,,,,,,,,,,,,,,,,,
,04-22-2015,18:24:34, Lane 1 ,Fwd,FF,,173,2,61,,2,9.31,,,,,,,,,,,,,,,,,,,,,,,,9.31,-,,,,,,,,,,,,,,,,,,,,,,,,,-,-,,,,,,,,,,,,,,,,,,,,,,,,,
,04-22-2015,18:24:43, Lane 1 ,Fwd,FF,,174,3,53,,2,11.31,,,,,,,,,,,,,,,,,,,,,,,,11.31,-,,,,,,,,,,,,,,,,,,,,,,,,,-,-,,,,,,,,,,,,,,,,,,,,,,,,,
,04-22-2015,18:24:44, Lane 1 ,Fwd,FF,,175,2,53,,2,7.98,,,,,,,,,,,,,,,,,,,,,,,,7.98,-,,,,,,,,,,,,,,,,,,,,,,,,,-,-,,,,,,,,,,,,,,,,,,,,,,,,,
,04-22-2015,18:25:10, Lane 1 ,Fwd,FF,,176,2,62,,2,8.57,,,,,,,,,,,,,,,,,,,,,,,,8.57,-,,,,,,,,,,,,,,,,,,,,,,,,,-,-,,,,,,,,,,,,,,,,,,,,,,,,,
,04-22-2015,18:25:11, Lane 1 ,Fwd,FF,,177,2,61,,2,9.31,,,,,,,,,,,,,,,,,,,,,,,,9.31,-,,,,,,,,,,,,,,,,,,,,,,,,,-,-,,,,,,,,,,,,,,,,,,,,,,,,,
,04-22-2015,18:25:30, Lane 1 ,Fwd,FF,,178,2,57,,2,8.73,,,,,,,,,,,,,,,,,,,,,,,,8.73,-,,,,,,,,,,,,,,,,,,,,,,,,,-,-,,,,,,,,,,,,,,,,,,,,,,,,,
,04-22-2015,18:25:31, Lane 1 ,Fwd,FF,,179,3,57,,2,11.33,,,,,,,,,,,,,,,,,,,,,,,,11.33,-,,,,,,,,,,,,,,,,,,,,,,,,,-,-,,,,,,,,,,,,,,,,,,,,,,,,,
,04-22-2015,18:25:35, Lane 1 ,Fwd,FF,,180,3,61,,2,11.65,,,,,,,,,,,,,,,,,,,,,,,,11.65,-,,,,,,,,,,,,,,,,,,,,,,,,,-,-,,,,,,,,,,,,,,,,,,,,,,,,,
,04-22-2015,18:25:49, Lane 1 ,Fwd,FF,,181,2,68,,2,8.43,,,,,,,,,,,,,,,,,,,,,,,,8.43,-,,,,,,,,,,,,,,,,,,,,,,,,,-,-,,,,,,,,,,,,,,,,,,,,,,,,,
,04-22-2015,18:26:13, Lane 1 ,Fwd,FF,,182,2,57,,2,9.48,,,,,,,,,,,,,,,,,,,,,,,,9.48,-,,,,,,,,,,,,,,,,,,,,,,,,,-,-,,,,,,,,,,,,,,,,,,,,,,,,,
,04-22-2015,18:26:16, Lane 1 ,Fwd,FF,,183,2,59,,2,9.22,,,,,,,,,,,,,,,,,,,,,,,,9.22,-,,,,,,,,,,,,,,,,,,,,,,,,,-,-,,,,,,,,,,,,,,,,,,,,,,,,,
,04-22-2015,18:26:36, Lane 1 ,Fwd,FF,,184,3,63,,2,12.00,,,,,,,,,,,,,,,,,,,,,,,,12.00,-,,,,,,,,,,,,,,,,,,,,,,,,,-,-,,,,,,,,,,,,,,,,,,,,,,,,,
,04-22-2015,18:26:53, Lane 1 ,Fwd,FF,,185,2,64,,2,9.09,,,,,,,,,,,,,,,,,,,,,,,,9.09,-,,,,,,,,,,,,,,,,,,,,,,,,,-,-,,,,,,,,,,,,,,,,,,,,,,,,,
,04-22-2015,18:26:55, Lane 1 ,Fwd,FF,,186,2,62,,2,8.75,,,,,,,,,,,,,,,,,,,,,,,,8.75,-,,,,,,,,,,,,,,,,,,,,,,,,,-,-,,,,,,,,,,,,,,,,,,,,,,,,,
,04-22-2015,18:27:14, Lane 1 ,Fwd,FF,,187,2,55,,2,8.43,,,,,,,,,,,,,,,,,,,,,,,,8.43,-,,,,,,,,,,,,,,,,,,,,,,,,,-,-,,,,,,,,,,,,,,,,,,,,,,,,,
,04-22-2015,18:27:17, Lane 1 ,Fwd,FF,,188,2,57,,2,9.31,,,,,,,,,,,,,,,,,,,,,,,,9.31,-,,,,,,,,,,,,,,,,,,,,,,,,,-,-,,,,,,,,,,,,,,,,,,,,,,,,,
,04-22-2015,18:27:18, Lane 1 ,Fwd,FF,,189,2,59,,2,8.96,,,,,,,,,,,,,,,,,,,,,,,,8.96,-,,,,,,,,,,,,,,,,,,,,,,,,,-,-,,,,,,,,,,,,,,,,,,,,,,,,,
,04-22-2015,18:27:24, Lane 1 ,Fwd,FF,,190,2,60,,2,8.74,,,,,,,,,,,,,,,,,,,,,,,,8.74,-,,,,,,,,,,,,,,,,,,,,,,,,,-,-,,,,,,,,,,,,,,,,,,,,,,,,,
,04-22-2015,18:27:33, Lane 1 ,Fwd,FF,,191,3,58,,2,11.32,,,,,,,,,,,,,,,,,,,,,,,,11.32,-,,,,,,,,,,,,,,,,,,,,,,,,,-,-,,,,,,,,,,,,,,,,,,,,,,,,,
,04-22-2015,18:27:34, Lane 1 ,Fwd,FF,,192,2,59,,2,8.81,,,,,,,,,,,,,,,,,,,,,,,,8.81,-,,,,,,,,,,,,,,,,,,,,,,,,,-,-,,,,,,,,,,,,,,,,,,,,,,,,,
,04-22-2015,18:27:35, Lane 1 ,Fwd,FF,,193,2,57,,2,9.08,,,,,,,,,,,,,,,,,,,,,,,,9.08,-,,,,,,,,,,,,,,,,,,,,,,,,,-,-,,,,,,,,,,,,,,,,,,,,,,,,,
,04-22-2015,18:27:39, Lane 1 ,Fwd,FF,,194,8,56,,3,12.58,20.69,,,,,,,,,,,,,,,,,,,,,,,33.27,-,,,,,,,,,,,,,,,,,,,,,,,,,-,-,,,,,,,,,,,,,,,,,,,,,,,,,
,04-22-2015,18:27:41, Lane 1 ,Fwd,FF,,195,2,56,,2,9.21,,,,,,,,,,,,,,,,,,,,,,,,9.21,-,,,,,,,,,,,,,,,,,,,,,,,,,-,-,,,,,,,,,,,,,,,,,,,,,,,,,
,04-22-2015,18:27:53, Lane 1 ,Fwd,FF,,196,2,56,,2,9.95,,,,,,,,,,,,,,,,,,,,,,,,9.95,-,,,,,,,,,,,,,,,,,,,,,,,,,-,-,,,,,,,,,,,,,,,,,,,,,,,,,
,04-22-2015,18:27:54, Lane 1 ,Fwd,FF,,197,2,54,,2,9.22,,,,,,,,,,,,,,,,,,,,,,,,9.22,-,,,,,,,,,,,,,,,,,,,,,,,,,-,-,,,,,,,,,,,,,,,,,,,,,,,,,
,04-22-2015,18:28:19, Lane 1 ,Fwd,FF,,198,2,53,,2,8.96,,,,,,,,,,,,,,,,,,,,,,,,8.96,-,,,,,,,,,,,,,,,,,,,,,,,,,-,-,,,,,,,,,,,,,,,,,,,,,,,,,
,04-22-2015,18:28:29, Lane 1 ,Fwd,FF,,199,2,63,,2,9.69,,,,,,,,,,,,,,,,,,,,,,,,9.69,-,,,,,,,,,,,,,,,,,,,,,,,,,-,-,,,,,,,,,,,,,,,,,,,,,,,,,
,04-22-2015,18:28:31, Lane 1 ,Fwd,FF,,200,2,63,,2,8.89,,,,,,,,,,,,,,,,,,,,,,,,8.89,-,,,,,,,,,,,,,,,,,,,,,,,,,-,-,,,,,,,,,,,,,,,,,,,,,,,,,
,04-22-2015,18:28:51, Lane 1 ,Fwd,FF,,201,2,61,,2,9.42,,,,,,,,,,,,,,,,,,,,,,,,9.42,-,,,,,,,,,,,,,,,,,,,,,,,,,-,-,,,,,,,,,,,,,,,,,,,,,,,,,
,04-22-2015,18:29:08, Lane 1 ,Fwd,FF,,202,2,51,,2,8.74,,,,,,,,,,,,,,,,,,,,,,,,8.74,-,,,,,,,,,,,,,,,,,,,,,,,,,-,-,,,,,,,,,,,,,,,,,,,,,,,,,
,04-22-2015,18:29:09, Lane 1 ,Fwd,FF,,203,2,51,,2,8.42,,,,,,,,,,,,,,,,,,,,,,,,8.42,-,,,,,,,,,,,,,,,,,,,,,,,,,-,-,,,,,,,,,,,,,,,,,,,,,,,,,
,04-22-2015,18:29:11, Lane 1 ,Fwd,FF,,204,2,52,,2,8.45,,,,,,,,,,,,,,,,,,,,,,,,8.45,-,,,,,,,,,,,,,,,,,,,,,,,,,-,-,,,,,,,,,,,,,,,,,,,,,,,,,
,04-22-2015,18:29:16, Lane 1 ,Fwd,FF,,205,3,58,,2,11.75,,,,,,,,,,,,,,,,,,,,,,,,11.75,-,,,,,,,,,,,,,,,,,,,,,,,,,-,-,,,,,,,,,,,,,,,,,,,,,,,,,
,04-22-2015,18:29:24, Lane 1 ,Fwd,FF,,206,3,62,,3,10.82,16.82,,,,,,,,,,,,,,,,,,,,,,,27.64,-,,,,,,,,,,,,,,,,,,,,,,,,,-,-,,,,,,,,,,,,,,,,,,,,,,,,,
,04-22-2015,18:29:27, Lane 1 ,Fwd,FF,,207,2,64,,2,9.85,,,,,,,,,,,,,,,,,,,,,,,,9.85,-,,,,,,,,,,,,,,,,,,,,,,,,,-,-,,,,,,,,,,,,,,,,,,,,,,,,,
,04-22-2015,18:29:31, Lane 1 ,Fwd,FF,,208,2,61,,2,9.76,,,,,,,,,,,,,,,,,,,,,,,,9.76,-,,,,,,,,,,,,,,,,,,,,,,,,,-,-,,,,,,,,,,,,,,,,,,,,,,,,,
,04-22-2015,18:29:35, Lane 1 ,Fwd,FF,,209,2,60,,2,8.56,,,,,,,,,,,,,,,,,,,,,,,,8.56,-,,,,,,,,,,,,,,,,,,,,,,,,,-,-,,,,,,,,,,,,,,,,,,,,,,,,,
,04-22-2015,18:29:38, Lane 1 ,Fwd,FF,,210,2,58,,2,8.25,,,,,,,,,,,,,,,,,,,,,,,,8.25,-,,,,,,,,,,,,,,,,,,,,,,,,,-,-,,,,,,,,,,,,,,,,,,,,,,,,,
,04-22-2015,18:29:39, Lane 1 ,Fwd,FF,,211,2,58,,2,9.09,,,,,,,,,,,,,,,,,,,,,,,,9.09,-,,,,,,,,,,,,,,,,,,,,,,,,,-,-,,,,,,,,,,,,,,,,,,,,,,,,,
,04-22-2015,18:29:49, Lane 1 ,Fwd,FF,,212,3,58,,2,11.07,,,,,,,,,,,,,,,,,,,,,,,,11.07,-,,,,,,,,,,,,,,,,,,,,,,,,,-,-,,,,,,,,,,,,,,,,,,,,,,,,,
,04-22-2015,18:29:50, Lane 1 ,Fwd,FF,,213,2,58,,2,9.28,,,,,,,,,,,,,,,,,,,,,,,,9.28,-,,,,,,,,,,,,,,,,,,,,,,,,,-,-,,,,,,,,,,,,,,,,,,,,,,,,,
,04-22-2015,18:29:52, Lane 1 ,Fwd,FF,,214,2,56,,2,8.71,,,,,,,,,,,,,,,,,,,,,,,,8.71,-,,,,,,,,,,,,,,,,,,,,,,,,,-,-,,,,,,,,,,,,,,,,,,,,,,,,,
,04-22-2015,18:29:57, Lane 1 ,Fwd,FF,,215,2,61,,2,8.36,,,,,,,,,,,,,,,,,,,,,,,,8.36,-,,,,,,,,,,,,,,,,,,,,,,,,,-,-,,,,,,,,,,,,,,,,,,,,,,,,,
,04-22-2015,18:30:00, Lane 1 ,Fwd,FF,,216,2,63,,2,9.05,,,,,,,,,,,,,,,,,,,,,,,,9.05,-,,,,,,,,,,,,,,,,,,,,,,,,,-,-,,,,,,,,,,,,,,,,,,,,,,,,,
,04-22-2015,18:30:13, Lane 1 ,Fwd,FF,,217,2,55,,2,9.26,,,,,,,,,,,,,,,,,,,,,,,,9.26,-,,,,,,,,,,,,,,,,,,,,,,,,,-,-,,,,,,,,,,,,,,,,,,,,,,,,,
,04-22-2015,18:30:15, Lane 1 ,Fwd,FF,,218,2,60,,2,9.90,,,,,,,,,,,,,,,,,,,,,,,,9.90,-,,,,,,,,,,,,,,,,,,,,,,,,,-,-,,,,,,,,,,,,,,,,,,,,,,,,,
,04-22-2015,18:30:19, Lane 1 ,Fwd,FF,,219,3,56,,2,11.76,,,,,,,,,,,,,,,,,,,,,,,,11.76,-,,,,,,,,,,,,,,,,,,,,,,,,,-,-,,,,,,,,,,,,,,,,,,,,,,,,,
,04-22-2015,18:30:21, Lane 1 ,Fwd,FF,,220,2,58,,2,9.97,,,,,,,,,,,,,,,,,,,,,,,,9.97,-,,,,,,,,,,,,,,,,,,,,,,,,,-,-,,,,,,,,,,,,,,,,,,,,,,,,,
,04-22-2015,18:30:23, Lane 1 ,Fwd,FF,,221,2,56,,2,8.94,,,,,,,,,,,,,,,,,,,,,,,,8.94,-,,,,,,,,,,,,,,,,,,,,,,,,,-,-,,,,,,,,,,,,,,,,,,,,,,,,,
,04-22-2015,18:30:26, Lane 1 ,Fwd,FF,,222,2,54,,2,8.90,,,,,,,,,,,,,,,,,,,,,,,,8.90,-,,,,,,,,,,,,,,,,,,,,,,,,,-,-,,,,,,,,,,,,,,,,,,,,,,,,,
,04-22-2015,18:30:27, Lane 1 ,Fwd,FF,,223,2,54,,2,9.93,,,,,,,,,,,,,,,,,,,,,,,,9.93,-,,,,,,,,,,,,,,,,,,,,,,,,,-,-,,,,,,,,,,,,,,,,,,,,,,,,,
,04-22-2015,18:30:28, Lane 1 ,Fwd,FF,,224,2,53,,2,8.81,,,,,,,,,,,,,,,,,,,,,,,,8.81,-,,,,,,,,,,,,,,,,,,,,,,,,,-,-,,,,,,,,,,,,,,,,,,,,,,,,,
,04-22-2015,18:30:30, Lane 1 ,Fwd,FF,,225,2,54,,2,8.68,,,,,,,,,,,,,,,,,,,,,,,,8.68,-,,,,,,,,,,,,,,,,,,,,,,,,,-,-,,,,,,,,,,,,,,,,,,,,,,,,,
,04-22-2015,18:30:49, Lane 1 ,Fwd,FF,,226,2,58,,2,7.97,,,,,,,,,,,,,,,,,,,,,,,,7.97,-,,,,,,,,,,,,,,,,,,,,,,,,,-,-,,,,,,,,,,,,,,,,,,,,,,,,,
,04-22-2015,18:30:56, Lane 1 ,Fwd,FF,,227,2,55,,2,9.00,,,,,,,,,,,,,,,,,,,,,,,,9.00,-,,,,,,,,,,,,,,,,,,,,,,,,,-,-,,,,,,,,,,,,,,,,,,,,,,,,,
,04-22-2015,18:31:01, Lane 1 ,Fwd,FF,,228,2,60,,2,9.09,,,,,,,,,,,,,,,,,,,,,,,,9.09,-,,,,,,,,,,,,,,,,,,,,,,,,,-,-,,,,,,,,,,,,,,,,,,,,,,,,,
,04-22-2015,18:31:27, Lane 1 ,Fwd,FF,,229,3,63,,2,11.45,,,,,,,,,,,,,,,,,,,,,,,,11.45,-,,,,,,,,,,,,,,,,,,,,,,,,,-,-,,,,,,,,,,,,,,,,,,,,,,,,,
,04-22-2015,18:31:30, Lane 1 ,Fwd,FF,,230,3,66,,2,11.81,,,,,,,,,,,,,,,,,,,,,,,,11.81,-,,,,,,,,,,,,,,,,,,,,,,,,,-,-,,,,,,,,,,,,,,,,,,,,,,,,,
,04-22-2015,18:31:35, Lane 1 ,Fwd,FF,,231,2,69,,2,9.46,,,,,,,,,,,,,,,,,,,,,,,,9.46,-,,,,,,,,,,,,,,,,,,,,,,,,,-,-,,,,,,,,,,,,,,,,,,,,,,,,,
,04-22-2015,18:31:46, Lane 1 ,Fwd,FF,,232,3,60,,2,11.30,,,,,,,,,,,,,,,,,,,,,,,,11.30,-,,,,,,,,,,,,,,,,,,,,,,,,,-,-,,,,,,,,,,,,,,,,,,,,,,,,,
,04-22-2015,18:31:48, Lane 1 ,Fwd,FF,,233,2,62,,2,9.46,,,,,,,,,,,,,,,,,,,,,,,,9.46,-,,,,,,,,,,,,,,,,,,,,,,,,,-,-,,,,,,,,,,,,,,,,,,,,,,,,,
,04-22-2015,18:32:20, Lane 1 ,Fwd,FF,,234,2,55,,2,8.92,,,,,,,,,,,,,,,,,,,,,,,,8.92,-,,,,,,,,,,,,,,,,,,,,,,,,,-,-,,,,,,,,,,,,,,,,,,,,,,,,,
,04-22-2015,18:32:36, Lane 1 ,Fwd,FF,,235,2,56,,2,8.52,,,,,,,,,,,,,,,,,,,,,,,,8.52,-,,,,,,,,,,,,,,,,,,,,,,,,,-,-,,,,,,,,,,,,,,,,,,,,,,,,,
,04-22-2015,18:32:37, Lane 1 ,Fwd,FF,,236,2,56,,2,8.63,,,,,,,,,,,,,,,,,,,,,,,,8.63,-,,,,,,,,,,,,,,,,,,,,,,,,,-,-,,,,,,,,,,,,,,,,,,,,,,,,,
,04-22-2015,18:32:50, Lane 1 ,Fwd,FF,,237,2,59,,2,8.98,,,,,,,,,,,,,,,,,,,,,,,,8.98,-,,,,,,,,,,,,,,,,,,,,,,,,,-,-,,,,,,,,,,,,,,,,,,,,,,,,,
,04-22-2015,18:33:04, Lane 1 ,Fwd,FF,,238,2,60,,4,11.30,38.74,11.74,,,,,,,,,,,,,,,,,,,,,,61.78,-,,,,,,,,,,,,,,,,,,,,,,,,,-,-,,,,,,,,,,,,,,,,,,,,,,,,,
,04-22-2015,18:33:19, Lane 1 ,Fwd,FF,,239,2,66,,2,8.62,,,,,,,,,,,,,,,,,,,,,,,,8.62,-,,,,,,,,,,,,,,,,,,,,,,,,,-,-,,,,,,,,,,,,,,,,,,,,,,,,,
,04-22-2015,18:33:22, Lane 1 ,Fwd,FF,,240,2,64,,2,8.69,,,,,,,,,,,,,,,,,,,,,,,,8.69,-,,,,,,,,,,,,,,,,,,,,,,,,,-,-,,,,,,,,,,,,,,,,,,,,,,,,,
,04-22-2015,18:33:28, Lane 1 ,Fwd,FF,,241,2,60,,2,9.18,,,,,,,,,,,,,,,,,,,,,,,,9.18,-,,,,,,,,,,,,,,,,,,,,,,,,,-,-,,,,,,,,,,,,,,,,,,,,,,,,,
,04-22-2015,18:33:31, Lane 1 ,Fwd,FF,,242,2,59,,2,8.70,,,,,,,,,,,,,,,,,,,,,,,,8.70,-,,,,,,,,,,,,,,,,,,,,,,,,,-,-,,,,,,,,,,,,,,,,,,,,,,,,,
,04-22-2015,18:33:32, Lane 1 ,Fwd,FF,,243,2,61,,2,9.23,,,,,,,,,,,,,,,,,,,,,,,,9.23,-,,,,,,,,,,,,,,,,,,,,,,,,,-,-,,,,,,,,,,,,,,,,,,,,,,,,,
,04-22-2015,18:33:54, Lane 1 ,Fwd,FF,,244,2,57,,2,8.59,,,,,,,,,,,,,,,,,,,,,,,,8.59,-,,,,,,,,,,,,,,,,,,,,,,,,,-,-,,,,,,,,,,,,,,,,,,,,,,,,,
,04-22-2015,18:33:55, Lane 1 ,Fwd,FF,,245,2,57,,2,8.89,,,,,,,,,,,,,,,,,,,,,,,,8.89,-,,,,,,,,,,,,,,,,,,,,,,,,,-,-,,,,,,,,,,,,,,,,,,,,,,,,,
,04-22-2015,18:33:56, Lane 1 ,Fwd,FF,,246,2,56,,2,8.57,,,,,,,,,,,,,,,,,,,,,,,,8.57,-,,,,,,,,,,,,,,,,,,,,,,,,,-,-,,,,,,,,,,,,,,,,,,,,,,,,,
,04-22-2015,18:34:04, Lane 1 ,Fwd,FF,,247,2,56,,2,8.47,,,,,,,,,,,,,,,,,,,,,,,,8.47,-,,,,,,,,,,,,,,,,,,,,,,,,,-,-,,,,,,,,,,,,,,,,,,,,,,,,,
,04-22-2015,18:34:07, Lane 1 ,Fwd,FF,,248,2,63,,2,8.43,,,,,,,,,,,,,,,,,,,,,,,,8.43,-,,,,,,,,,,,,,,,,,,,,,,,,,-,-,,,,,,,,,,,,,,,,,,,,,,,,,
,04-22-2015,18:34:13, Lane 1 ,Fwd,FF,,249,2,66,,2,8.83,,,,,,,,,,,,,,,,,,,,,,,,8.83,-,,,,,,,,,,,,,,,,,,,,,,,,,-,-,,,,,,,,,,,,,,,,,,,,,,,,,
,04-22-2015,18:34:55, Lane 1 ,Fwd,FF,,250,2,66,,2,8.83,,,,,,,,,,,,,,,,,,,,,,,,8.83,-,,,,,,,,,,,,,,,,,,,,,,,,,-,-,,,,,,,,,,,,,,,,,,,,,,,,,
,04-22-2015,18:36:14, Lane 1 ,Fwd,FF,,251,3,58,,2,11.92,,,,,,,,,,,,,,,,,,,,,,,,11.92,-,,,,,,,,,,,,,,,,,,,,,,,,,-,-,,,,,,,,,,,,,,,,,,,,,,,,,
,04-22-2015,18:36:22, Lane 1 ,Fwd,FF,,252,3,56,,2,11.18,,,,,,,,,,,,,,,,,,,,,,,,11.18,-,,,,,,,,,,,,,,,,,,,,,,,,,-,-,,,,,,,,,,,,,,,,,,,,,,,,,
,04-22-2015,18:36:23, Lane 1 ,Fwd,FF,,253,2,56,,2,9.14,,,,,,,,,,,,,,,,,,,,,,,,9.14,-,,,,,,,,,,,,,,,,,,,,,,,,,-,-,,,,,,,,,,,,,,,,,,,,,,,,,
,04-22-2015,18:36:24, Lane 1 ,Fwd,FF,,254,3,54,,2,11.76,,,,,,,,,,,,,,,,,,,,,,,,11.76,-,,,,,,,,,,,,,,,,,,,,,,,,,-,-,,,,,,,,,,,,,,,,,,,,,,,,,
,04-22-2015,18:36:25, Lane 1 ,Fwd,FF,,255,2,56,,2,9.37,,,,,,,,,,,,,,,,,,,,,,,,9.37,-,,,,,,,,,,,,,,,,,,,,,,,,,-,-,,,,,,,,,,,,,,,,,,,,,,,,,
,04-22-2015,18:36:28, Lane 1 ,Fwd,FF,,256,2,56,,2,8.63,,,,,,,,,,,,,,,,,,,,,,,,8.63,-,,,,,,,,,,,,,,,,,,,,,,,,,-,-,,,,,,,,,,,,,,,,,,,,,,,,,
,04-22-2015,18:36:29, Lane 1 ,Fwd,FF,,257,2,58,,2,8.79,,,,,,,,,,,,,,,,,,,,,,,,8.79,-,,,,,,,,,,,,,,,,,,,,,,,,,-,-,,,,,,,,,,,,,,,,,,,,,,,,,
,04-22-2015,18:36:31, Lane 1 ,Fwd,FF,,258,2,55,,2,9.08,,,,,,,,,,,,,,,,,,,,,,,,9.08,-,,,,,,,,,,,,,,,,,,,,,,,,,-,-,,,,,,,,,,,,,,,,,,,,,,,,,
,04-22-2015,18:36:36, Lane 1 ,Fwd,FF,,259,3,52,,2,11.01,,,,,,,,,,,,,,,,,,,,,,,,11.01,-,,,,,,,,,,,,,,,,,,,,,,,,,-,-,,,,,,,,,,,,,,,,,,,,,,,,,
,04-22-2015,18:36:40, Lane 1 ,Fwd,FF,,260,3,52,,2,10.49,,,,,,,,,,,,,,,,,,,,,,,,10.49,-,,,,,,,,,,,,,,,,,,,,,,,,,-,-,,,,,,,,,,,,,,,,,,,,,,,,,
,04-22-2015,18:36:41, Lane 1 ,Fwd,FF,,261,2,51,,2,8.96,,,,,,,,,,,,,,,,,,,,,,,,8.96,-,,,,,,,,,,,,,,,,,,,,,,,,,-,-,,,,,,,,,,,,,,,,,,,,,,,,,
,04-22-2015,18:36:49, Lane 1 ,Fwd,FF,,262,3,56,,2,12.91,,,,,,,,,,,,,,,,,,,,,,,,12.91,-,,,,,,,,,,,,,,,,,,,,,,,,,-,-,,,,,,,,,,,,,,,,,,,,,,,,,
,04-22-2015,18:36:52, Lane 1 ,Fwd,FF,,263,2,56,,2,8.65,,,,,,,,,,,,,,,,,,,,,,,,8.65,-,,,,,,,,,,,,,,,,,,,,,,,,,-,-,,,,,,,,,,,,,,,,,,,,,,,,,
,04-22-2015,18:36:53, Lane 1 ,Fwd,FF,,264,2,54,,2,9.30,,,,,,,,,,,,,,,,,,,,,,,,9.30,-,,,,,,,,,,,,,,,,,,,,,,,,,-,-,,,,,,,,,,,,,,,,,,,,,,,,,
,04-22-2015,18:36:54, Lane 1 ,Fwd,FF,,265,2,55,,2,9.25,,,,,,,,,,,,,,,,,,,,,,,,9.25,-,,,,,,,,,,,,,,,,,,,,,,,,,-,-,,,,,,,,,,,,,,,,,,,,,,,,,
,04-22-2015,18:36:56, Lane 1 ,Fwd,FF,,266,2,56,,2,8.49,,,,,,,,,,,,,,,,,,,,,,,,8.49,-,,,,,,,,,,,,,,,,,,,,,,,,,-,-,,,,,,,,,,,,,,,,,,,,,,,,,
,04-22-2015,18:36:58, Lane 1 ,Fwd,FF,,267,2,61,,2,9.69,,,,,,,,,,,,,,,,,,,,,,,,9.69,-,,,,,,,,,,,,,,,,,,,,,,,,,-,-,,,,,,,,,,,,,,,,,,,,,,,,,
,04-22-2015,18:37:14, Lane 1 ,Fwd,FF,,268,2,49,,2,8.69,,,,,,,,,,,,,,,,,,,,,,,,8.69,-,,,,,,,,,,,,,,,,,,,,,,,,,-,-,,,,,,,,,,,,,,,,,,,,,,,,,
,04-22-2015,18:37:15, Lane 1 ,Fwd,FF,,269,2,54,,2,8.92,,,,,,,,,,,,,,,,,,,,,,,,8.92,-,,,,,,,,,,,,,,,,,,,,,,,,,-,-,,,,,,,,,,,,,,,,,,,,,,,,,
,04-22-2015,18:37:18, Lane 1 ,Fwd,FF,,270,3,56,,2,11.92,,,,,,,,,,,,,,,,,,,,,,,,11.92,-,,,,,,,,,,,,,,,,,,,,,,,,,-,-,,,,,,,,,,,,,,,,,,,,,,,,,
,04-22-2015,18:37:49, Lane 1 ,Fwd,FF,,271,2,57,,2,8.33,,,,,,,,,,,,,,,,,,,,,,,,8.33,-,,,,,,,,,,,,,,,,,,,,,,,,,-,-,,,,,,,,,,,,,,,,,,,,,,,,,
,04-22-2015,18:37:55, Lane 1 ,Fwd,FF,,272,3,59,,2,10.62,,,,,,,,,,,,,,,,,,,,,,,,10.62,-,,,,,,,,,,,,,,,,,,,,,,,,,-,-,,,,,,,,,,,,,,,,,,,,,,,,,
,04-22-2015,18:38:42, Lane 1 ,Fwd,FF,,273,2,58,,2,8.94,,,,,,,,,,,,,,,,,,,,,,,,8.94,-,,,,,,,,,,,,,,,,,,,,,,,,,-,-,,,,,,,,,,,,,,,,,,,,,,,,,
,04-22-2015,18:38:43, Lane 1 ,Fwd,FF,,274,2,58,,2,8.11,,,,,,,,,,,,,,,,,,,,,,,,8.11,-,,,,,,,,,,,,,,,,,,,,,,,,,-,-,,,,,,,,,,,,,,,,,,,,,,,,,
,04-22-2015,18:38:54, Lane 1 ,Fwd,FF,,275,3,58,,2,11.75,,,,,,,,,,,,,,,,,,,,,,,,11.75,-,,,,,,,,,,,,,,,,,,,,,,,,,-,-,,,,,,,,,,,,,,,,,,,,,,,,,
,04-22-2015,18:38:58, Lane 1 ,Fwd,FF,,276,2,61,,2,9.05,,,,,,,,,,,,,,,,,,,,,,,,9.05,-,,,,,,,,,,,,,,,,,,,,,,,,,-,-,,,,,,,,,,,,,,,,,,,,,,,,,
,04-22-2015,18:38:59, Lane 1 ,Fwd,FF,,277,2,64,,2,9.09,,,,,,,,,,,,,,,,,,,,,,,,9.09,-,,,,,,,,,,,,,,,,,,,,,,,,,-,-,,,,,,,,,,,,,,,,,,,,,,,,,
,04-22-2015,18:39:06, Lane 1 ,Fwd,FF,,278,3,63,,2,11.81,,,,,,,,,,,,,,,,,,,,,,,,11.81,-,,,,,,,,,,,,,,,,,,,,,,,,,-,-,,,,,,,,,,,,,,,,,,,,,,,,,
,04-22-2015,18:39:09, Lane 1 ,Fwd,FF,,279,2,64,,2,8.63,,,,,,,,,,,,,,,,,,,,,,,,8.63,-,,,,,,,,,,,,,,,,,,,,,,,,,-,-,,,,,,,,,,,,,,,,,,,,,,,,,
,04-22-2015,18:39:46, Lane 1 ,Fwd,FF,,280,2,58,,2,8.40,,,,,,,,,,,,,,,,,,,,,,,,8.40,-,,,,,,,,,,,,,,,,,,,,,,,,,-,-,,,,,,,,,,,,,,,,,,,,,,,,,
,04-22-2015,18:39:47, Lane 1 ,Fwd,FF,,281,2,56,,2,9.27,,,,,,,,,,,,,,,,,,,,,,,,9.27,-,,,,,,,,,,,,,,,,,,,,,,,,,-,-,,,,,,,,,,,,,,,,,,,,,,,,,
,04-22-2015,18:39:48, Lane 1 ,Fwd,FF,,282,2,54,,2,9.10,,,,,,,,,,,,,,,,,,,,,,,,9.10,-,,,,,,,,,,,,,,,,,,,,,,,,,-,-,,,,,,,,,,,,,,,,,,,,,,,,,
,04-22-2015,18:40:01, Lane 1 ,Fwd,FF,,283,2,56,,2,9.23,,,,,,,,,,,,,,,,,,,,,,,,9.23,-,,,,,,,,,,,,,,,,,,,,,,,,,-,-,,,,,,,,,,,,,,,,,,,,,,,,,
,04-22-2015,18:40:02, Lane 1 ,Fwd,FF,,284,2,58,,2,9.17,,,,,,,,,,,,,,,,,,,,,,,,9.17,-,,,,,,,,,,,,,,,,,,,,,,,,,-,-,,,,,,,,,,,,,,,,,,,,,,,,,
,04-22-2015,18:40:04, Lane 1 ,Fwd,FF,,285,2,57,,2,9.65,,,,,,,,,,,,,,,,,,,,,,,,9.65,-,,,,,,,,,,,,,,,,,,,,,,,,,-,-,,,,,,,,,,,,,,,,,,,,,,,,,
,04-22-2015,18:40:36, Lane 1 ,Fwd,FF,,286,2,49,,2,8.67,,,,,,,,,,,,,,,,,,,,,,,,8.67,-,,,,,,,,,,,,,,,,,,,,,,,,,-,-,,,,,,,,,,,,,,,,,,,,,,,,,
,04-22-2015,18:40:38, Lane 1 ,Fwd,FF,,287,2,48,,2,9.18,,,,,,,,,,,,,,,,,,,,,,,,9.18,-,,,,,,,,,,,,,,,,,,,,,,,,,-,-,,,,,,,,,,,,,,,,,,,,,,,,,
,04-22-2015,18:40:40, Lane 1 ,Fwd,FF,,288,2,51,,2,8.57,,,,,,,,,,,,,,,,,,,,,,,,8.57,-,,,,,,,,,,,,,,,,,,,,,,,,,-,-,,,,,,,,,,,,,,,,,,,,,,,,,
,04-22-2015,18:40:41, Lane 1 ,Fwd,FF,,289,2,56,,2,9.71,,,,,,,,,,,,,,,,,,,,,,,,9.71,-,,,,,,,,,,,,,,,,,,,,,,,,,-,-,,,,,,,,,,,,,,,,,,,,,,,,,
,04-22-2015,18:40:44, Lane 1 ,Fwd,FF,,290,2,60,,2,9.00,,,,,,,,,,,,,,,,,,,,,,,,9.00,-,,,,,,,,,,,,,,,,,,,,,,,,,-,-,,,,,,,,,,,,,,,,,,,,,,,,,
,04-22-2015,18:40:45, Lane 1 ,Fwd,FF,,291,2,60,,2,9.20,,,,,,,,,,,,,,,,,,,,,,,,9.20,-,,,,,,,,,,,,,,,,,,,,,,,,,-,-,,,,,,,,,,,,,,,,,,,,,,,,,
,04-22-2015,18:40:52, Lane 1 ,Fwd,FF,,292,2,62,,2,8.45,,,,,,,,,,,,,,,,,,,,,,,,8.45,-,,,,,,,,,,,,,,,,,,,,,,,,,-,-,,,,,,,,,,,,,,,,,,,,,,,,,
,04-22-2015,18:40:54, Lane 1 ,Fwd,FF,,293,2,58,,2,8.37,,,,,,,,,,,,,,,,,,,,,,,,8.37,-,,,,,,,,,,,,,,,,,,,,,,,,,-,-,,,,,,,,,,,,,,,,,,,,,,,,,
,04-22-2015,18:41:04, Lane 1 ,Fwd,FF,,294,2,63,,2,8.84,,,,,,,,,,,,,,,,,,,,,,,,8.84,-,,,,,,,,,,,,,,,,,,,,,,,,,-,-,,,,,,,,,,,,,,,,,,,,,,,,,
,04-22-2015,18:41:19, Lane 1 ,Fwd,FF,,295,3,55,,2,11.36,,,,,,,,,,,,,,,,,,,,,,,,11.36,-,,,,,,,,,,,,,,,,,,,,,,,,,-,-,,,,,,,,,,,,,,,,,,,,,,,,,
,04-22-2015,18:41:37, Lane 1 ,Fwd,FF,,296,2,60,,2,8.59,,,,,,,,,,,,,,,,,,,,,,,,8.59,-,,,,,,,,,,,,,,,,,,,,,,,,,-,-,,,,,,,,,,,,,,,,,,,,,,,,,
,04-22-2015,18:41:54, Lane 1 ,Fwd,FF,,297,2,56,,2,8.44,,,,,,,,,,,,,,,,,,,,,,,,8.44,-,,,,,,,,,,,,,,,,,,,,,,,,,-,-,,,,,,,,,,,,,,,,,,,,,,,,,
,04-22-2015,18:41:56, Lane 1 ,Fwd,FF,,298,2,56,,2,8.80,,,,,,,,,,,,,,,,,,,,,,,,8.80,-,,,,,,,,,,,,,,,,,,,,,,,,,-,-,,,,,,,,,,,,,,,,,,,,,,,,,
,04-22-2015,18:41:59, Lane 1 ,Fwd,FF,,299,2,57,,2,8.56,,,,,,,,,,,,,,,,,,,,,,,,8.56,-,,,,,,,,,,,,,,,,,,,,,,,,,-,-,,,,,,,,,,,,,,,,,,,,,,,,,
,04-22-2015,18:42:15, Lane 1 ,Fwd,FF,,300,3,58,,2,11.75,,,,,,,,,,,,,,,,,,,,,,,,11.75,-,,,,,,,,,,,,,,,,,,,,,,,,,-,-,,,,,,,,,,,,,,,,,,,,,,,,,
,04-22-2015,18:42:37, Lane 1 ,Fwd,FF,,301,3,58,,2,10.30,,,,,,,,,,,,,,,,,,,,,,,,10.30,-,,,,,,,,,,,,,,,,,,,,,,,,,-,-,,,,,,,,,,,,,,,,,,,,,,,,,
,04-22-2015,18:42:40, Lane 1 ,Fwd,FF,,302,3,56,,2,10.93,,,,,,,,,,,,,,,,,,,,,,,,10.93,-,,,,,,,,,,,,,,,,,,,,,,,,,-,-,,,,,,,,,,,,,,,,,,,,,,,,,
,04-22-2015,18:42:41, Lane 1 ,Fwd,FF,,303,2,56,,2,8.61,,,,,,,,,,,,,,,,,,,,,,,,8.61,-,,,,,,,,,,,,,,,,,,,,,,,,,-,-,,,,,,,,,,,,,,,,,,,,,,,,,
,04-22-2015,18:42:47, Lane 1 ,Fwd,FF,,304,2,58,,2,9.13,,,,,,,,,,,,,,,,,,,,,,,,9.13,-,,,,,,,,,,,,,,,,,,,,,,,,,-,-,,,,,,,,,,,,,,,,,,,,,,,,,
,04-22-2015,18:42:50, Lane 1 ,Fwd,FF,,305,3,61,,2,10.93,,,,,,,,,,,,,,,,,,,,,,,,10.93,-,,,,,,,,,,,,,,,,,,,,,,,,,-,-,,,,,,,,,,,,,,,,,,,,,,,,,
,04-22-2015,18:42:54, Lane 1 ,Fwd,FF,,306,2,62,,2,8.30,,,,,,,,,,,,,,,,,,,,,,,,8.30,-,,,,,,,,,,,,,,,,,,,,,,,,,-,-,,,,,,,,,,,,,,,,,,,,,,,,,
,04-22-2015,18:43:02, Lane 1 ,Fwd,FF,,307,2,58,,2,9.28,,,,,,,,,,,,,,,,,,,,,,,,9.28,-,,,,,,,,,,,,,,,,,,,,,,,,,-,-,,,,,,,,,,,,,,,,,,,,,,,,,
,04-22-2015,18:43:04, Lane 1 ,Fwd,FF,,308,2,58,,2,9.34,,,,,,,,,,,,,,,,,,,,,,,,9.34,-,,,,,,,,,,,,,,,,,,,,,,,,,-,-,,,,,,,,,,,,,,,,,,,,,,,,,
,04-22-2015,18:43:09, Lane 1 ,Fwd,FF,,309,3,62,,2,11.73,,,,,,,,,,,,,,,,,,,,,,,,11.73,-,,,,,,,,,,,,,,,,,,,,,,,,,-,-,,,,,,,,,,,,,,,,,,,,,,,,,
,04-22-2015,18:43:41, Lane 1 ,Fwd,FF,,310,2,54,,2,8.13,,,,,,,,,,,,,,,,,,,,,,,,8.13,-,,,,,,,,,,,,,,,,,,,,,,,,,-,-,,,,,,,,,,,,,,,,,,,,,,,,,
,04-22-2015,18:43:43, Lane 1 ,Fwd,FF,,311,3,53,,2,12.70,,,,,,,,,,,,,,,,,,,,,,,,12.70,-,,,,,,,,,,,,,,,,,,,,,,,,,-,-,,,,,,,,,,,,,,,,,,,,,,,,,
,04-22-2015,18:43:49, Lane 1 ,Fwd,FF,,312,2,59,,2,8.87,,,,,,,,,,,,,,,,,,,,,,,,8.87,-,,,,,,,,,,,,,,,,,,,,,,,,,-,-,,,,,,,,,,,,,,,,,,,,,,,,,
,04-22-2015,18:43:58, Lane 1 ,Fwd,FF,,313,2,55,,2,9.12,,,,,,,,,,,,,,,,,,,,,,,,9.12,-,,,,,,,,,,,,,,,,,,,,,,,,,-,-,,,,,,,,,,,,,,,,,,,,,,,,,
,04-22-2015,18:44:00, Lane 1 ,Fwd,FF,,314,2,55,,2,8.70,,,,,,,,,,,,,,,,,,,,,,,,8.70,-,,,,,,,,,,,,,,,,,,,,,,,,,-,-,,,,,,,,,,,,,,,,,,,,,,,,,
,04-22-2015,18:44:01, Lane 1 ,Fwd,FF,,315,2,55,,2,8.80,,,,,,,,,,,,,,,,,,,,,,,,8.80,-,,,,,,,,,,,,,,,,,,,,,,,,,-,-,,,,,,,,,,,,,,,,,,,,,,,,,
,04-22-2015,18:44:16, Lane 1 ,Fwd,FF,,316,2,57,,2,9.06,,,,,,,,,,,,,,,,,,,,,,,,9.06,-,,,,,,,,,,,,,,,,,,,,,,,,,-,-,,,,,,,,,,,,,,,,,,,,,,,,,
,04-22-2015,18:44:19, Lane 1 ,Fwd,FF,,317,2,55,,2,8.64,,,,,,,,,,,,,,,,,,,,,,,,8.64,-,,,,,,,,,,,,,,,,,,,,,,,,,-,-,,,,,,,,,,,,,,,,,,,,,,,,,
,04-22-2015,18:44:21, Lane 1 ,Fwd,FF,,318,2,57,,2,9.99,,,,,,,,,,,,,,,,,,,,,,,,9.99,-,,,,,,,,,,,,,,,,,,,,,,,,,-,-,,,,,,,,,,,,,,,,,,,,,,,,,
,04-22-2015,18:44:42, Lane 1 ,Fwd,FF,,319,2,58,,2,8.66,,,,,,,,,,,,,,,,,,,,,,,,8.66,-,,,,,,,,,,,,,,,,,,,,,,,,,-,-,,,,,,,,,,,,,,,,,,,,,,,,,
,04-22-2015,18:44:52, Lane 1 ,Fwd,FF,,320,2,56,,2,8.90,,,,,,,,,,,,,,,,,,,,,,,,8.90,-,,,,,,,,,,,,,,,,,,,,,,,,,-,-,,,,,,,,,,,,,,,,,,,,,,,,,
,04-22-2015,18:45:19, Lane 1 ,Fwd,FF,,321,2,64,,2,8.72,,,,,,,,,,,,,,,,,,,,,,,,8.72,-,,,,,,,,,,,,,,,,,,,,,,,,,-,-,,,,,,,,,,,,,,,,,,,,,,,,,
,04-22-2015,18:45:27, Lane 1 ,Fwd,FF,,322,2,57,,2,8.75,,,,,,,,,,,,,,,,,,,,,,,,8.75,-,,,,,,,,,,,,,,,,,,,,,,,,,-,-,,,,,,,,,,,,,,,,,,,,,,,,,
,04-22-2015,18:45:29, Lane 1 ,Fwd,FF,,323,2,58,,2,8.57,,,,,,,,,,,,,,,,,,,,,,,,8.57,-,,,,,,,,,,,,,,,,,,,,,,,,,-,-,,,,,,,,,,,,,,,,,,,,,,,,,
,04-22-2015,18:45:32, Lane 1 ,Fwd,FF,,324,2,59,,2,9.74,,,,,,,,,,,,,,,,,,,,,,,,9.74,-,,,,,,,,,,,,,,,,,,,,,,,,,-,-,,,,,,,,,,,,,,,,,,,,,,,,,
,04-22-2015,18:45:37, Lane 1 ,Fwd,FF,,325,3,55,,2,10.31,,,,,,,,,,,,,,,,,,,,,,,,10.31,-,,,,,,,,,,,,,,,,,,,,,,,,,-,-,,,,,,,,,,,,,,,,,,,,,,,,,
,04-22-2015,18:45:38, Lane 1 ,Fwd,FF,,326,2,58,,2,8.49,,,,,,,,,,,,,,,,,,,,,,,,8.49,-,,,,,,,,,,,,,,,,,,,,,,,,,-,-,,,,,,,,,,,,,,,,,,,,,,,,,
,04-22-2015,18:45:40, Lane 1 ,Fwd,FF,,327,2,61,,2,8.71,,,,,,,,,,,,,,,,,,,,,,,,8.71,-,,,,,,,,,,,,,,,,,,,,,,,,,-,-,,,,,,,,,,,,,,,,,,,,,,,,,
,04-22-2015,18:45:58, Lane 1 ,Fwd,FF,,328,3,56,,2,11.76,,,,,,,,,,,,,,,,,,,,,,,,11.76,-,,,,,,,,,,,,,,,,,,,,,,,,,-,-,,,,,,,,,,,,,,,,,,,,,,,,,
,04-22-2015,18:46:26, Lane 1 ,Fwd,FF,,329,3,59,,2,12.86,,,,,,,,,,,,,,,,,,,,,,,,12.86,-,,,,,,,,,,,,,,,,,,,,,,,,,-,-,,,,,,,,,,,,,,,,,,,,,,,,,
,04-22-2015,18:46:47, Lane 1 ,Fwd,FF,,330,3,58,,2,11.33,,,,,,,,,,,,,,,,,,,,,,,,11.33,-,,,,,,,,,,,,,,,,,,,,,,,,,-,-,,,,,,,,,,,,,,,,,,,,,,,,,
,04-22-2015,18:46:49, Lane 1 ,Fwd,FF,,331,3,56,,2,10.76,,,,,,,,,,,,,,,,,,,,,,,,10.76,-,,,,,,,,,,,,,,,,,,,,,,,,,-,-,,,,,,,,,,,,,,,,,,,,,,,,,
,04-22-2015,18:46:51, Lane 1 ,Fwd,FF,,332,2,57,,2,8.81,,,,,,,,,,,,,,,,,,,,,,,,8.81,-,,,,,,,,,,,,,,,,,,,,,,,,,-,-,,,,,,,,,,,,,,,,,,,,,,,,,
,04-22-2015,18:46:52, Lane 1 ,Fwd,FF,,333,2,58,,2,9.21,,,,,,,,,,,,,,,,,,,,,,,,9.21,-,,,,,,,,,,,,,,,,,,,,,,,,,-,-,,,,,,,,,,,,,,,,,,,,,,,,,
,04-22-2015,18:47:20, Lane 1 ,Fwd,FF,,334,4,57,,2,22.74,,,,,,,,,,,,,,,,,,,,,,,,22.74,-,,,,,,,,,,,,,,,,,,,,,,,,,-,-,,,,,,,,,,,,,,,,,,,,,,,,,
,04-22-2015,18:47:31, Lane 1 ,Fwd,FF,,335,2,55,,2,8.43,,,,,,,,,,,,,,,,,,,,,,,,8.43,-,,,,,,,,,,,,,,,,,,,,,,,,,-,-,,,,,,,,,,,,,,,,,,,,,,,,,
,04-22-2015,18:47:32, Lane 1 ,Fwd,FF,,336,2,56,,2,8.55,,,,,,,,,,,,,,,,,,,,,,,,8.55,-,,,,,,,,,,,,,,,,,,,,,,,,,-,-,,,,,,,,,,,,,,,,,,,,,,,,,
,04-22-2015,18:47:33, Lane 1 ,Fwd,FF,,337,2,56,,2,9.78,,,,,,,,,,,,,,,,,,,,,,,,9.78,-,,,,,,,,,,,,,,,,,,,,,,,,,-,-,,,,,,,,,,,,,,,,,,,,,,,,,
,04-22-2015,18:47:35, Lane 1 ,Fwd,FF,,338,2,58,,2,9.62,,,,,,,,,,,,,,,,,,,,,,,,9.62,-,,,,,,,,,,,,,,,,,,,,,,,,,-,-,,,,,,,,,,,,,,,,,,,,,,,,,
,04-22-2015,18:47:37, Lane 1 ,Fwd,FF,,339,3,59,,2,11.22,,,,,,,,,,,,,,,,,,,,,,,,11.22,-,,,,,,,,,,,,,,,,,,,,,,,,,-,-,,,,,,,,,,,,,,,,,,,,,,,,,
,04-22-2015,18:47:41, Lane 1 ,Fwd,FF,,340,3,59,,2,11.31,,,,,,,,,,,,,,,,,,,,,,,,11.31,-,,,,,,,,,,,,,,,,,,,,,,,,,-,-,,,,,,,,,,,,,,,,,,,,,,,,,
,04-22-2015,18:47:42, Lane 1 ,Fwd,FF,,341,2,58,,2,9.45,,,,,,,,,,,,,,,,,,,,,,,,9.45,-,,,,,,,,,,,,,,,,,,,,,,,,,-,-,,,,,,,,,,,,,,,,,,,,,,,,,
,04-22-2015,18:48:26, Lane 1 ,Fwd,FF,,342,2,62,,2,8.57,,,,,,,,,,,,,,,,,,,,,,,,8.57,-,,,,,,,,,,,,,,,,,,,,,,,,,-,-,,,,,,,,,,,,,,,,,,,,,,,,,
,04-22-2015,18:48:27, Lane 1 ,Fwd,FF,,343,3,61,,2,12.99,,,,,,,,,,,,,,,,,,,,,,,,12.99,-,,,,,,,,,,,,,,,,,,,,,,,,,-,-,,,,,,,,,,,,,,,,,,,,,,,,,
,04-22-2015,18:48:28, Lane 1 ,Fwd,FF,,344,2,61,,2,8.44,,,,,,,,,,,,,,,,,,,,,,,,8.44,-,,,,,,,,,,,,,,,,,,,,,,,,,-,-,,,,,,,,,,,,,,,,,,,,,,,,,
,04-22-2015,18:48:40, Lane 1 ,Fwd,FF,,345,2,56,,2,8.77,,,,,,,,,,,,,,,,,,,,,,,,8.77,-,,,,,,,,,,,,,,,,,,,,,,,,,-,-,,,,,,,,,,,,,,,,,,,,,,,,,
,04-22-2015,18:48:43, Lane 1 ,Fwd,FF,,346,2,59,,2,8.64,,,,,,,,,,,,,,,,,,,,,,,,8.64,-,,,,,,,,,,,,,,,,,,,,,,,,,-,-,,,,,,,,,,,,,,,,,,,,,,,,,
,04-22-2015,18:48:45, Lane 1 ,Fwd,FF,,347,2,61,,2,8.96,,,,,,,,,,,,,,,,,,,,,,,,8.96,-,,,,,,,,,,,,,,,,,,,,,,,,,-,-,,,,,,,,,,,,,,,,,,,,,,,,,
,04-22-2015,18:48:54, Lane 1 ,Fwd,FF,,348,3,54,,2,11.76,,,,,,,,,,,,,,,,,,,,,,,,11.76,-,,,,,,,,,,,,,,,,,,,,,,,,,-,-,,,,,,,,,,,,,,,,,,,,,,,,,
,04-22-2015,18:48:57, Lane 1 ,Fwd,FF,,349,2,53,,2,8.36,,,,,,,,,,,,,,,,,,,,,,,,8.36,-,,,,,,,,,,,,,,,,,,,,,,,,,-,-,,,,,,,,,,,,,,,,,,,,,,,,,
,04-22-2015,18:48:58, Lane 1 ,Fwd,FF,,350,2,59,,2,8.55,,,,,,,,,,,,,,,,,,,,,,,,8.55,-,,,,,,,,,,,,,,,,,,,,,,,,,-,-,,,,,,,,,,,,,,,,,,,,,,,,,
,04-22-2015,18:49:01, Lane 1 ,Fwd,FF,,351,2,58,,2,9.17,,,,,,,,,,,,,,,,,,,,,,,,9.17,-,,,,,,,,,,,,,,,,,,,,,,,,,-,-,,,,,,,,,,,,,,,,,,,,,,,,,
,04-22-2015,18:49:03, Lane 1 ,Fwd,FF,,352,2,59,,2,8.98,,,,,,,,,,,,,,,,,,,,,,,,8.98,-,,,,,,,,,,,,,,,,,,,,,,,,,-,-,,,,,,,,,,,,,,,,,,,,,,,,,
,04-22-2015,18:49:04, Lane 1 ,Fwd,FF,,353,2,59,,2,8.72,,,,,,,,,,,,,,,,,,,,,,,,8.72,-,,,,,,,,,,,,,,,,,,,,,,,,,-,-,,,,,,,,,,,,,,,,,,,,,,,,,
,04-22-2015,18:49:08, Lane 1 ,Fwd,FF,,354,2,60,,2,8.91,,,,,,,,,,,,,,,,,,,,,,,,8.91,-,,,,,,,,,,,,,,,,,,,,,,,,,-,-,,,,,,,,,,,,,,,,,,,,,,,,,
,04-22-2015,18:49:09, Lane 1 ,Fwd,FF,,355,2,60,,2,10.08,,,,,,,,,,,,,,,,,,,,,,,,10.08,-,,,,,,,,,,,,,,,,,,,,,,,,,-,-,,,,,,,,,,,,,,,,,,,,,,,,,
,04-22-2015,18:49:10, Lane 1 ,Fwd,FF,,356,3,60,,2,10.94,,,,,,,,,,,,,,,,,,,,,,,,10.94,-,,,,,,,,,,,,,,,,,,,,,,,,,-,-,,,,,,,,,,,,,,,,,,,,,,,,,
,04-22-2015,18:49:13, Lane 1 ,Fwd,FF,,357,2,59,,2,8.96,,,,,,,,,,,,,,,,,,,,,,,,8.96,-,,,,,,,,,,,,,,,,,,,,,,,,,-,-,,,,,,,,,,,,,,,,,,,,,,,,,
,04-22-2015,18:49:35, Lane 1 ,Fwd,FF,,358,2,62,,2,9.36,,,,,,,,,,,,,,,,,,,,,,,,9.36,-,,,,,,,,,,,,,,,,,,,,,,,,,-,-,,,,,,,,,,,,,,,,,,,,,,,,,
,04-22-2015,18:49:53, Lane 1 ,Fwd,FF,,359,2,57,,2,9.31,,,,,,,,,,,,,,,,,,,,,,,,9.31,-,,,,,,,,,,,,,,,,,,,,,,,,,-,-,,,,,,,,,,,,,,,,,,,,,,,,,
,04-22-2015,18:49:54, Lane 1 ,Fwd,FF,,360,2,57,,2,8.31,,,,,,,,,,,,,,,,,,,,,,,,8.31,-,,,,,,,,,,,,,,,,,,,,,,,,,-,-,,,,,,,,,,,,,,,,,,,,,,,,,
,04-22-2015,18:49:59, Lane 1 ,Fwd,FF,,361,2,60,,2,9.90,,,,,,,,,,,,,,,,,,,,,,,,9.90,-,,,,,,,,,,,,,,,,,,,,,,,,,-,-,,,,,,,,,,,,,,,,,,,,,,,,,
,04-22-2015,18:50:08, Lane 1 ,Fwd,FF,,362,2,58,,4,9.13,24.34,8.11,,,,,,,,,,,,,,,,,,,,,,41.58,-,,,,,,,,,,,,,,,,,,,,,,,,,-,-,,,,,,,,,,,,,,,,,,,,,,,,,
,04-22-2015,18:50:12, Lane 1 ,Fwd,FF,,363,2,55,,2,7.44,,,,,,,,,,,,,,,,,,,,,,,,7.44,-,,,,,,,,,,,,,,,,,,,,,,,,,-,-,,,,,,,,,,,,,,,,,,,,,,,,,
,04-22-2015,18:50:31, Lane 1 ,Fwd,FF,,364,2,56,,2,8.77,,,,,,,,,,,,,,,,,,,,,,,,8.77,-,,,,,,,,,,,,,,,,,,,,,,,,,-,-,,,,,,,,,,,,,,,,,,,,,,,,,
,04-22-2015,18:50:34, Lane 1 ,Fwd,FF,,365,2,60,,2,8.38,,,,,,,,,,,,,,,,,,,,,,,,8.38,-,,,,,,,,,,,,,,,,,,,,,,,,,-,-,,,,,,,,,,,,,,,,,,,,,,,,,
,04-22-2015,18:50:51, Lane 1 ,Fwd,FF,,366,2,57,,2,8.56,,,,,,,,,,,,,,,,,,,,,,,,8.56,-,,,,,,,,,,,,,,,,,,,,,,,,,-,-,,,,,,,,,,,,,,,,,,,,,,,,,
,04-22-2015,18:51:14, Lane 1 ,Fwd,FF,,367,2,59,,2,8.98,,,,,,,,,,,,,,,,,,,,,,,,8.98,-,,,,,,,,,,,,,,,,,,,,,,,,,-,-,,,,,,,,,,,,,,,,,,,,,,,,,
,04-22-2015,18:51:17, Lane 1 ,Fwd,FF,,368,2,61,,2,9.31,,,,,,,,,,,,,,,,,,,,,,,,9.31,-,,,,,,,,,,,,,,,,,,,,,,,,,-,-,,,,,,,,,,,,,,,,,,,,,,,,,
,04-22-2015,18:51:21, Lane 1 ,Fwd,FF,,369,2,63,,2,9.25,,,,,,,,,,,,,,,,,,,,,,,,9.25,-,,,,,,,,,,,,,,,,,,,,,,,,,-,-,,,,,,,,,,,,,,,,,,,,,,,,,
,04-22-2015,18:51:28, Lane 1 ,Fwd,FF,,370,2,60,,2,9.20,,,,,,,,,,,,,,,,,,,,,,,,9.20,-,,,,,,,,,,,,,,,,,,,,,,,,,-,-,,,,,,,,,,,,,,,,,,,,,,,,,
,04-22-2015,18:51:30, Lane 1 ,Fwd,FF,,371,2,59,,2,8.78,,,,,,,,,,,,,,,,,,,,,,,,8.78,-,,,,,,,,,,,,,,,,,,,,,,,,,-,-,,,,,,,,,,,,,,,,,,,,,,,,,
,04-22-2015,18:51:32, Lane 1 ,Fwd,FF,,372,3,62,,2,11.27,,,,,,,,,,,,,,,,,,,,,,,,11.27,-,,,,,,,,,,,,,,,,,,,,,,,,,-,-,,,,,,,,,,,,,,,,,,,,,,,,,
,04-22-2015,18:51:48, Lane 1 ,Fwd,FF,,373,2,56,,2,9.23,,,,,,,,,,,,,,,,,,,,,,,,9.23,-,,,,,,,,,,,,,,,,,,,,,,,,,-,-,,,,,,,,,,,,,,,,,,,,,,,,,
,04-22-2015,18:52:04, Lane 1 ,Fwd,FF,,374,2,48,,2,9.21,,,,,,,,,,,,,,,,,,,,,,,,9.21,-,,,,,,,,,,,,,,,,,,,,,,,,,-,-,,,,,,,,,,,,,,,,,,,,,,,,,
,04-22-2015,18:52:48, Lane 1 ,Fwd,FF,,375,3,59,,2,10.53,,,,,,,,,,,,,,,,,,,,,,,,10.53,-,,,,,,,,,,,,,,,,,,,,,,,,,-,-,,,,,,,,,,,,,,,,,,,,,,,,,
,04-22-2015,18:52:50, Lane 1 ,Fwd,FF,,376,2,57,,2,8.65,,,,,,,,,,,,,,,,,,,,,,,,8.65,-,,,,,,,,,,,,,,,,,,,,,,,,,-,-,,,,,,,,,,,,,,,,,,,,,,,,,
,04-22-2015,18:53:00, Lane 1 ,Fwd,FF,,377,2,57,,2,8.48,,,,,,,,,,,,,,,,,,,,,,,,8.48,-,,,,,,,,,,,,,,,,,,,,,,,,,-,-,,,,,,,,,,,,,,,,,,,,,,,,,
,04-22-2015,18:53:01, Lane 1 ,Fwd,FF,,378,1,57,,2,4.67,,,,,,,,,,,,,,,,,,,,,,,,4.67,-,,,,,,,,,,,,,,,,,,,,,,,,,-,-,,,,,,,,,,,,,,,,,,,,,,,,,
,04-22-2015,18:53:03, Lane 1 ,Fwd,FF,,379,2,61,,2,8.98,,,,,,,,,,,,,,,,,,,,,,,,8.98,-,,,,,,,,,,,,,,,,,,,,,,,,,-,-,,,,,,,,,,,,,,,,,,,,,,,,,
,04-22-2015,18:53:07, Lane 1 ,Fwd,FF,,380,3,58,,2,11.23,,,,,,,,,,,,,,,,,,,,,,,,11.23,-,,,,,,,,,,,,,,,,,,,,,,,,,-,-,,,,,,,,,,,,,,,,,,,,,,,,,
,04-22-2015,18:53:38, Lane 1 ,Fwd,FF,,381,2,64,,2,8.44,,,,,,,,,,,,,,,,,,,,,,,,8.44,-,,,,,,,,,,,,,,,,,,,,,,,,,-,-,,,,,,,,,,,,,,,,,,,,,,,,,
,04-22-2015,18:53:47, Lane 1 ,Fwd,FF,,382,2,60,,2,9.80,,,,,,,,,,,,,,,,,,,,,,,,9.80,-,,,,,,,,,,,,,,,,,,,,,,,,,-,-,,,,,,,,,,,,,,,,,,,,,,,,,
,04-22-2015,18:54:07, Lane 1 ,Fwd,FF,,383,2,58,,2,9.89,,,,,,,,,,,,,,,,,,,,,,,,9.89,-,,,,,,,,,,,,,,,,,,,,,,,,,-,-,,,,,,,,,,,,,,,,,,,,,,,,,
,04-22-2015,18:54:16, Lane 1 ,Fwd,FF,,384,2,61,,2,9.07,,,,,,,,,,,,,,,,,,,,,,,,9.07,-,,,,,,,,,,,,,,,,,,,,,,,,,-,-,,,,,,,,,,,,,,,,,,,,,,,,,
,04-22-2015,18:54:18, Lane 1 ,Fwd,FF,,385,2,64,,2,8.53,,,,,,,,,,,,,,,,,,,,,,,,8.53,-,,,,,,,,,,,,,,,,,,,,,,,,,-,-,,,,,,,,,,,,,,,,,,,,,,,,,
,04-22-2015,18:54:20, Lane 1 ,Fwd,FF,,386,3,64,,2,12.76,,,,,,,,,,,,,,,,,,,,,,,,12.76,-,,,,,,,,,,,,,,,,,,,,,,,,,-,-,,,,,,,,,,,,,,,,,,,,,,,,,
,04-22-2015,18:54:32, Lane 1 ,Fwd,FF,,387,3,57,,2,11.83,,,,,,,,,,,,,,,,,,,,,,,,11.83,-,,,,,,,,,,,,,,,,,,,,,,,,,-,-,,,,,,,,,,,,,,,,,,,,,,,,,
,04-22-2015,18:55:12, Lane 1 ,Fwd,FF,,388,3,55,,2,11.52,,,,,,,,,,,,,,,,,,,,,,,,11.52,-,,,,,,,,,,,,,,,,,,,,,,,,,-,-,,,,,,,,,,,,,,,,,,,,,,,,,
,04-22-2015,18:55:14, Lane 1 ,Fwd,FF,,389,3,56,,2,11.92,,,,,,,,,,,,,,,,,,,,,,,,11.92,-,,,,,,,,,,,,,,,,,,,,,,,,,-,-,,,,,,,,,,,,,,,,,,,,,,,,,
,04-22-2015,18:55:17, Lane 1 ,Fwd,FF,,390,2,54,,2,8.43,,,,,,,,,,,,,,,,,,,,,,,,8.43,-,,,,,,,,,,,,,,,,,,,,,,,,,-,-,,,,,,,,,,,,,,,,,,,,,,,,,
,04-22-2015,18:55:18, Lane 1 ,Fwd,FF,,391,2,55,,2,9.50,,,,,,,,,,,,,,,,,,,,,,,,9.50,-,,,,,,,,,,,,,,,,,,,,,,,,,-,-,,,,,,,,,,,,,,,,,,,,,,,,,
,04-22-2015,18:55:19, Lane 1 ,Fwd,FF,,392,3,54,,2,11.29,,,,,,,,,,,,,,,,,,,,,,,,11.29,-,,,,,,,,,,,,,,,,,,,,,,,,,-,-,,,,,,,,,,,,,,,,,,,,,,,,,
,04-22-2015,18:55:20, Lane 1 ,Fwd,FF,,393,2,53,,2,9.37,,,,,,,,,,,,,,,,,,,,,,,,9.37,-,,,,,,,,,,,,,,,,,,,,,,,,,-,-,,,,,,,,,,,,,,,,,,,,,,,,,
,04-22-2015,18:55:22, Lane 1 ,Fwd,FF,,394,3,55,,2,10.88,,,,,,,,,,,,,,,,,,,,,,,,10.88,-,,,,,,,,,,,,,,,,,,,,,,,,,-,-,,,,,,,,,,,,,,,,,,,,,,,,,
,04-22-2015,18:55:23, Lane 1 ,Fwd,FF,,395,2,55,,2,10.14,,,,,,,,,,,,,,,,,,,,,,,,10.14,-,,,,,,,,,,,,,,,,,,,,,,,,,-,-,,,,,,,,,,,,,,,,,,,,,,,,,
,04-22-2015,18:55:27, Lane 1 ,Fwd,FF,,396,3,58,,2,10.46,,,,,,,,,,,,,,,,,,,,,,,,10.46,-,,,,,,,,,,,,,,,,,,,,,,,,,-,-,,,,,,,,,,,,,,,,,,,,,,,,,
,04-22-2015,18:56:13, Lane 1 ,Fwd,FF,,397,3,58,,2,11.49,,,,,,,,,,,,,,,,,,,,,,,,11.49,-,,,,,,,,,,,,,,,,,,,,,,,,,-,-,,,,,,,,,,,,,,,,,,,,,,,,,
,04-22-2015,18:56:28, Lane 1 ,Fwd,FF,,398,2,66,,2,9.68,,,,,,,,,,,,,,,,,,,,,,,,9.68,-,,,,,,,,,,,,,,,,,,,,,,,,,-,-,,,,,,,,,,,,,,,,,,,,,,,,,
,04-22-2015,18:56:31, Lane 1 ,Fwd,FF,,399,2,69,,2,9.26,,,,,,,,,,,,,,,,,,,,,,,,9.26,-,,,,,,,,,,,,,,,,,,,,,,,,,-,-,,,,,,,,,,,,,,,,,,,,,,,,,
,04-22-2015,18:56:35, Lane 1 ,Fwd,FF,,400,3,68,,2,11.01,,,,,,,,,,,,,,,,,,,,,,,,11.01,-,,,,,,,,,,,,,,,,,,,,,,,,,-,-,,,,,,,,,,,,,,,,,,,,,,,,,
,04-22-2015,18:56:36, Lane 1 ,Fwd,FF,,401,2,68,,2,9.30,,,,,,,,,,,,,,,,,,,,,,,,9.30,-,,,,,,,,,,,,,,,,,,,,,,,,,-,-,,,,,,,,,,,,,,,,,,,,,,,,,
,04-22-2015,18:56:58, Lane 1 ,Fwd,FF,,402,3,54,,3,11.21,16.82,,,,,,,,,,,,,,,,,,,,,,,28.03,-,,,,,,,,,,,,,,,,,,,,,,,,,-,-,,,,,,,,,,,,,,,,,,,,,,,,,
,04-22-2015,18:57:00, Lane 1 ,Fwd,FF,,403,2,58,,2,8.83,,,,,,,,,,,,,,,,,,,,,,,,8.83,-,,,,,,,,,,,,,,,,,,,,,,,,,-,-,,,,,,,,,,,,,,,,,,,,,,,,,
,04-22-2015,18:57:03, Lane 1 ,Fwd,FF,,404,2,67,,2,8.10,,,,,,,,,,,,,,,,,,,,,,,,8.10,-,,,,,,,,,,,,,,,,,,,,,,,,,-,-,,,,,,,,,,,,,,,,,,,,,,,,,
,04-22-2015,18:57:08, Lane 1 ,Fwd,FF,,405,2,63,,2,8.95,,,,,,,,,,,,,,,,,,,,,,,,8.95,-,,,,,,,,,,,,,,,,,,,,,,,,,-,-,,,,,,,,,,,,,,,,,,,,,,,,,
,04-22-2015,18:57:15, Lane 1 ,Fwd,FF,,406,1,60,,2,5.12,,,,,,,,,,,,,,,,,,,,,,,,5.12,-,,,,,,,,,,,,,,,,,,,,,,,,,-,-,,,,,,,,,,,,,,,,,,,,,,,,,
,04-22-2015,18:57:16, Lane 1 ,Fwd,FF,,407,2,63,,2,9.12,,,,,,,,,,,,,,,,,,,,,,,,9.12,-,,,,,,,,,,,,,,,,,,,,,,,,,-,-,,,,,,,,,,,,,,,,,,,,,,,,,
,04-22-2015,18:57:17, Lane 1 ,Fwd,FF,,408,3,71,,2,12.63,,,,,,,,,,,,,,,,,,,,,,,,12.63,-,,,,,,,,,,,,,,,,,,,,,,,,,-,-,,,,,,,,,,,,,,,,,,,,,,,,,
,04-22-2015,18:58:08, Lane 1 ,Fwd,FF,,409,2,57,,2,9.06,,,,,,,,,,,,,,,,,,,,,,,,9.06,-,,,,,,,,,,,,,,,,,,,,,,,,,-,-,,,,,,,,,,,,,,,,,,,,,,,,,
,04-22-2015,18:58:18, Lane 1 ,Fwd,FF,,410,2,58,,2,8.40,,,,,,,,,,,,,,,,,,,,,,,,8.40,-,,,,,,,,,,,,,,,,,,,,,,,,,-,-,,,,,,,,,,,,,,,,,,,,,,,,,
,04-22-2015,18:58:22, Lane 1 ,Fwd,FF,,411,3,62,,2,10.73,,,,,,,,,,,,,,,,,,,,,,,,10.73,-,,,,,,,,,,,,,,,,,,,,,,,,,-,-,,,,,,,,,,,,,,,,,,,,,,,,,
,04-22-2015,18:58:34, Lane 1 ,Fwd,FF,,412,3,54,,3,11.37,12.94,,,,,,,,,,,,,,,,,,,,,,,24.31,-,,,,,,,,,,,,,,,,,,,,,,,,,-,-,,,,,,,,,,,,,,,,,,,,,,,,,
,04-22-2015,18:58:37, Lane 1 ,Fwd,FF,,413,3,57,,3,11.17,13.00,,,,,,,,,,,,,,,,,,,,,,,24.17,-,,,,,,,,,,,,,,,,,,,,,,,,,-,-,,,,,,,,,,,,,,,,,,,,,,,,,
,04-22-2015,18:58:39, Lane 1 ,Fwd,FF,,414,3,59,,2,11.92,,,,,,,,,,,,,,,,,,,,,,,,11.92,-,,,,,,,,,,,,,,,,,,,,,,,,,-,-,,,,,,,,,,,,,,,,,,,,,,,,,
,04-22-2015,18:58:44, Lane 1 ,Fwd,FF,,415,3,54,,2,10.28,,,,,,,,,,,,,,,,,,,,,,,,10.28,-,,,,,,,,,,,,,,,,,,,,,,,,,-,-,,,,,,,,,,,,,,,,,,,,,,,,,
,04-22-2015,18:58:47, Lane 1 ,Fwd,FF,,416,2,56,,2,9.45,,,,,,,,,,,,,,,,,,,,,,,,9.45,-,,,,,,,,,,,,,,,,,,,,,,,,,-,-,,,,,,,,,,,,,,,,,,,,,,,,,
,04-22-2015,18:58:50, Lane 1 ,Fwd,FF,,417,2,55,,2,8.70,,,,,,,,,,,,,,,,,,,,,,,,8.70,-,,,,,,,,,,,,,,,,,,,,,,,,,-,-,,,,,,,,,,,,,,,,,,,,,,,,,
,04-22-2015,18:58:52, Lane 1 ,Fwd,FF,,418,2,57,,2,8.67,,,,,,,,,,,,,,,,,,,,,,,,8.67,-,,,,,,,,,,,,,,,,,,,,,,,,,-,-,,,,,,,,,,,,,,,,,,,,,,,,,
,04-22-2015,18:58:54, Lane 1 ,Fwd,FF,,419,3,62,,2,12.18,,,,,,,,,,,,,,,,,,,,,,,,12.18,-,,,,,,,,,,,,,,,,,,,,,,,,,-,-,,,,,,,,,,,,,,,,,,,,,,,,,
,04-22-2015,18:59:12, Lane 1 ,Fwd,FF,,420,2,63,,2,9.16,,,,,,,,,,,,,,,,,,,,,,,,9.16,-,,,,,,,,,,,,,,,,,,,,,,,,,-,-,,,,,,,,,,,,,,,,,,,,,,,,,
,04-22-2015,18:59:23, Lane 1 ,Fwd,FF,,421,3,61,,2,11.46,,,,,,,,,,,,,,,,,,,,,,,,11.46,-,,,,,,,,,,,,,,,,,,,,,,,,,-,-,,,,,,,,,,,,,,,,,,,,,,,,,
,04-22-2015,18:59:33, Lane 1 ,Fwd,FF,,422,2,63,,2,7.85,,,,,,,,,,,,,,,,,,,,,,,,7.85,-,,,,,,,,,,,,,,,,,,,,,,,,,-,-,,,,,,,,,,,,,,,,,,,,,,,,,
,04-22-2015,18:59:34, Lane 1 ,Fwd,FF,,423,2,63,,2,9.21,,,,,,,,,,,,,,,,,,,,,,,,9.21,-,,,,,,,,,,,,,,,,,,,,,,,,,-,-,,,,,,,,,,,,,,,,,,,,,,,,,
,04-22-2015,18:59:41, Lane 1 ,Fwd,FF,,424,2,55,,2,8.43,,,,,,,,,,,,,,,,,,,,,,,,8.43,-,,,,,,,,,,,,,,,,,,,,,,,,,-,-,,,,,,,,,,,,,,,,,,,,,,,,,
,04-22-2015,18:59:42, Lane 1 ,Fwd,FF,,425,2,58,,2,8.70,,,,,,,,,,,,,,,,,,,,,,,,8.70,-,,,,,,,,,,,,,,,,,,,,,,,,,-,-,,,,,,,,,,,,,,,,,,,,,,,,,
,04-22-2015,18:59:45, Lane 1 ,Fwd,FF,,426,5,56,,2,14.30,,,,,,,,,,,,,,,,,,,,,,,,14.30,-,,,,,,,,,,,,,,,,,,,,,,,,,-,-,,,,,,,,,,,,,,,,,,,,,,,,,
,04-22-2015,18:59:49, Lane 1 ,Fwd,FF,,427,2,63,,2,9.60,,,,,,,,,,,,,,,,,,,,,,,,9.60,-,,,,,,,,,,,,,,,,,,,,,,,,,-,-,,,,,,,,,,,,,,,,,,,,,,,,,
,04-22-2015,18:59:54, Lane 1 ,Fwd,FF,,428,2,60,,2,8.83,,,,,,,,,,,,,,,,,,,,,,,,8.83,-,,,,,,,,,,,,,,,,,,,,,,,,,-,-,,,,,,,,,,,,,,,,,,,,,,,,,
,04-22-2015,19:00:02, Lane 1 ,Fwd,FF,,1,2,61,,2,8.51,,,,,,,,,,,,,,,,,,,,,,,,8.51,-,,,,,,,,,,,,,,,,,,,,,,,,,-,-,,,,,,,,,,,,,,,,,,,,,,,,,
,04-22-2015,19:00:09, Lane 1 ,Fwd,FF,,2,2,55,,2,8.38,,,,,,,,,,,,,,,,,,,,,,,,8.38,-,,,,,,,,,,,,,,,,,,,,,,,,,-,-,,,,,,,,,,,,,,,,,,,,,,,,,
,04-22-2015,19:00:13, Lane 1 ,Fwd,FF,,3,2,54,,2,8.50,,,,,,,,,,,,,,,,,,,,,,,,8.50,-,,,,,,,,,,,,,,,,,,,,,,,,,-,-,,,,,,,,,,,,,,,,,,,,,,,,,
,04-22-2015,19:00:14, Lane 1 ,Fwd,FF,,4,2,54,,2,9.16,,,,,,,,,,,,,,,,,,,,,,,,9.16,-,,,,,,,,,,,,,,,,,,,,,,,,,-,-,,,,,,,,,,,,,,,,,,,,,,,,,
,04-22-2015,19:00:16, Lane 1 ,Fwd,FF,,5,1,53,,2,4.83,,,,,,,,,,,,,,,,,,,,,,,,4.83,-,,,,,,,,,,,,,,,,,,,,,,,,,-,-,,,,,,,,,,,,,,,,,,,,,,,,,
,04-22-2015,19:00:31, Lane 1 ,Fwd,FF,,6,3,59,,2,11.22,,,,,,,,,,,,,,,,,,,,,,,,11.22,-,,,,,,,,,,,,,,,,,,,,,,,,,-,-,,,,,,,,,,,,,,,,,,,,,,,,,
,04-22-2015,19:00:38, Lane 1 ,Fwd,FF,,7,2,63,,2,9.49,,,,,,,,,,,,,,,,,,,,,,,,9.49,-,,,,,,,,,,,,,,,,,,,,,,,,,-,-,,,,,,,,,,,,,,,,,,,,,,,,,
,04-22-2015,19:00:47, Lane 1 ,Fwd,FF,,8,2,61,,2,9.78,,,,,,,,,,,,,,,,,,,,,,,,9.78,-,,,,,,,,,,,,,,,,,,,,,,,,,-,-,,,,,,,,,,,,,,,,,,,,,,,,,
,04-22-2015,19:01:12, Lane 1 ,Fwd,FF,,9,2,58,,2,8.54,,,,,,,,,,,,,,,,,,,,,,,,8.54,-,,,,,,,,,,,,,,,,,,,,,,,,,-,-,,,,,,,,,,,,,,,,,,,,,,,,,
,04-22-2015,19:01:17, Lane 1 ,Fwd,FF,,10,2,58,,2,9.64,,,,,,,,,,,,,,,,,,,,,,,,9.64,-,,,,,,,,,,,,,,,,,,,,,,,,,-,-,,,,,,,,,,,,,,,,,,,,,,,,,
,04-22-2015,19:01:18, Lane 1 ,Fwd,FF,,11,3,57,,2,11.00,,,,,,,,,,,,,,,,,,,,,,,,11.00,-,,,,,,,,,,,,,,,,,,,,,,,,,-,-,,,,,,,,,,,,,,,,,,,,,,,,,
,04-22-2015,19:01:32, Lane 1 ,Fwd,FF,,12,2,60,,2,8.38,,,,,,,,,,,,,,,,,,,,,,,,8.38,-,,,,,,,,,,,,,,,,,,,,,,,,,-,-,,,,,,,,,,,,,,,,,,,,,,,,,
,04-22-2015,19:01:38, Lane 1 ,Fwd,FF,,13,3,57,,2,10.58,,,,,,,,,,,,,,,,,,,,,,,,10.58,-,,,,,,,,,,,,,,,,,,,,,,,,,-,-,,,,,,,,,,,,,,,,,,,,,,,,,
,04-22-2015,19:01:47, Lane 1 ,Fwd,FF,,14,3,54,,2,10.43,,,,,,,,,,,,,,,,,,,,,,,,10.43,-,,,,,,,,,,,,,,,,,,,,,,,,,-,-,,,,,,,,,,,,,,,,,,,,,,,,,
,04-22-2015,19:01:49, Lane 1 ,Fwd,FF,,15,3,58,,2,11.83,,,,,,,,,,,,,,,,,,,,,,,,11.83,-,,,,,,,,,,,,,,,,,,,,,,,,,-,-,,,,,,,,,,,,,,,,,,,,,,,,,
,04-22-2015,19:01:51, Lane 1 ,Fwd,FF,,16,3,54,,2,11.21,,,,,,,,,,,,,,,,,,,,,,,,11.21,-,,,,,,,,,,,,,,,,,,,,,,,,,-,-,,,,,,,,,,,,,,,,,,,,,,,,,
,04-22-2015,19:01:52, Lane 1 ,Fwd,FF,,17,2,55,,2,8.96,,,,,,,,,,,,,,,,,,,,,,,,8.96,-,,,,,,,,,,,,,,,,,,,,,,,,,-,-,,,,,,,,,,,,,,,,,,,,,,,,,
,04-22-2015,19:01:54, Lane 1 ,Fwd,FF,,18,5,54,,2,13.02,,,,,,,,,,,,,,,,,,,,,,,,13.02,-,,,,,,,,,,,,,,,,,,,,,,,,,-,-,,,,,,,,,,,,,,,,,,,,,,,,,
,04-22-2015,19:02:04, Lane 1 ,Fwd,FF,,19,2,60,,2,10.15,,,,,,,,,,,,,,,,,,,,,,,,10.15,-,,,,,,,,,,,,,,,,,,,,,,,,,-,-,,,,,,,,,,,,,,,,,,,,,,,,,
,04-22-2015,19:02:34, Lane 1 ,Fwd,FF,,20,2,63,,2,8.98,,,,,,,,,,,,,,,,,,,,,,,,8.98,-,,,,,,,,,,,,,,,,,,,,,,,,,-,-,,,,,,,,,,,,,,,,,,,,,,,,,
,04-22-2015,19:02:35, Lane 1 ,Fwd,FF,,21,3,64,,2,11.25,,,,,,,,,,,,,,,,,,,,,,,,11.25,-,,,,,,,,,,,,,,,,,,,,,,,,,-,-,,,,,,,,,,,,,,,,,,,,,,,,,
,04-22-2015,19:03:10, Lane 1 ,Fwd,FF,,22,3,55,,2,10.39,,,,,,,,,,,,,,,,,,,,,,,,10.39,-,,,,,,,,,,,,,,,,,,,,,,,,,-,-,,,,,,,,,,,,,,,,,,,,,,,,,
,04-22-2015,19:03:28, Lane 1 ,Fwd,FF,,23,2,59,,2,9.15,,,,,,,,,,,,,,,,,,,,,,,,9.15,-,,,,,,,,,,,,,,,,,,,,,,,,,-,-,,,,,,,,,,,,,,,,,,,,,,,,,
,04-22-2015,19:03:52, Lane 1 ,Fwd,FF,,24,2,50,,2,8.39,,,,,,,,,,,,,,,,,,,,,,,,8.39,-,,,,,,,,,,,,,,,,,,,,,,,,,-,-,,,,,,,,,,,,,,,,,,,,,,,,,
,04-22-2015,19:03:53, Lane 1 ,Fwd,FF,,25,2,50,,2,8.95,,,,,,,,,,,,,,,,,,,,,,,,8.95,-,,,,,,,,,,,,,,,,,,,,,,,,,-,-,,,,,,,,,,,,,,,,,,,,,,,,,
,04-22-2015,19:03:55, Lane 1 ,Fwd,FF,,26,2,49,,2,8.67,,,,,,,,,,,,,,,,,,,,,,,,8.67,-,,,,,,,,,,,,,,,,,,,,,,,,,-,-,,,,,,,,,,,,,,,,,,,,,,,,,
,04-22-2015,19:03:57, Lane 1 ,Fwd,FF,,27,2,51,,2,8.59,,,,,,,,,,,,,,,,,,,,,,,,8.59,-,,,,,,,,,,,,,,,,,,,,,,,,,-,-,,,,,,,,,,,,,,,,,,,,,,,,,
,04-22-2015,19:04:00, Lane 1 ,Fwd,FF,,28,2,58,,2,8.83,,,,,,,,,,,,,,,,,,,,,,,,8.83,-,,,,,,,,,,,,,,,,,,,,,,,,,-,-,,,,,,,,,,,,,,,,,,,,,,,,,
,04-22-2015,19:04:41, Lane 1 ,Fwd,FF,,29,2,59,,2,9.84,,,,,,,,,,,,,,,,,,,,,,,,9.84,-,,,,,,,,,,,,,,,,,,,,,,,,,-,-,,,,,,,,,,,,,,,,,,,,,,,,,
,04-22-2015,19:04:46, Lane 1 ,Fwd,FF,,30,2,58,,2,7.97,,,,,,,,,,,,,,,,,,,,,,,,7.97,-,,,,,,,,,,,,,,,,,,,,,,,,,-,-,,,,,,,,,,,,,,,,,,,,,,,,,
,04-22-2015,19:04:47, Lane 1 ,Fwd,FF,,31,2,58,,2,9.17,,,,,,,,,,,,,,,,,,,,,,,,9.17,-,,,,,,,,,,,,,,,,,,,,,,,,,-,-,,,,,,,,,,,,,,,,,,,,,,,,,
,04-22-2015,19:04:48, Lane 1 ,Fwd,FF,,32,2,64,,2,9.85,,,,,,,,,,,,,,,,,,,,,,,,9.85,-,,,,,,,,,,,,,,,,,,,,,,,,,-,-,,,,,,,,,,,,,,,,,,,,,,,,,
,04-22-2015,19:05:20, Lane 1 ,Fwd,FF,,33,2,56,,2,9.78,,,,,,,,,,,,,,,,,,,,,,,,9.78,-,,,,,,,,,,,,,,,,,,,,,,,,,-,-,,,,,,,,,,,,,,,,,,,,,,,,,
,04-22-2015,19:05:34, Lane 1 ,Fwd,FF,,34,2,61,,2,9.23,,,,,,,,,,,,,,,,,,,,,,,,9.23,-,,,,,,,,,,,,,,,,,,,,,,,,,-,-,,,,,,,,,,,,,,,,,,,,,,,,,
,04-22-2015,19:05:38, Lane 1 ,Fwd,FF,,35,2,56,,2,8.82,,,,,,,,,,,,,,,,,,,,,,,,8.82,-,,,,,,,,,,,,,,,,,,,,,,,,,-,-,,,,,,,,,,,,,,,,,,,,,,,,,
,04-22-2015,19:06:22, Lane 1 ,Fwd,FF,,36,2,63,,2,8.40,,,,,,,,,,,,,,,,,,,,,,,,8.40,-,,,,,,,,,,,,,,,,,,,,,,,,,-,-,,,,,,,,,,,,,,,,,,,,,,,,,
,04-22-2015,19:06:24, Lane 1 ,Fwd,FF,,37,2,63,,2,8.70,,,,,,,,,,,,,,,,,,,,,,,,8.70,-,,,,,,,,,,,,,,,,,,,,,,,,,-,-,,,,,,,,,,,,,,,,,,,,,,,,,
,04-22-2015,19:06:30, Lane 1 ,Fwd,FF,,38,2,56,,2,8.77,,,,,,,,,,,,,,,,,,,,,,,,8.77,-,,,,,,,,,,,,,,,,,,,,,,,,,-,-,,,,,,,,,,,,,,,,,,,,,,,,,
,04-22-2015,19:06:37, Lane 1 ,Fwd,FF,,39,2,58,,2,9.19,,,,,,,,,,,,,,,,,,,,,,,,9.19,-,,,,,,,,,,,,,,,,,,,,,,,,,-,-,,,,,,,,,,,,,,,,,,,,,,,,,
,04-22-2015,19:06:42, Lane 1 ,Fwd,FF,,40,2,55,,2,8.48,,,,,,,,,,,,,,,,,,,,,,,,8.48,-,,,,,,,,,,,,,,,,,,,,,,,,,-,-,,,,,,,,,,,,,,,,,,,,,,,,,
,04-22-2015,19:06:45, Lane 1 ,Fwd,FF,,41,2,58,,2,9.69,,,,,,,,,,,,,,,,,,,,,,,,9.69,-,,,,,,,,,,,,,,,,,,,,,,,,,-,-,,,,,,,,,,,,,,,,,,,,,,,,,
,04-22-2015,19:06:48, Lane 1 ,Fwd,FF,,42,3,62,,2,11.28,,,,,,,,,,,,,,,,,,,,,,,,11.28,-,,,,,,,,,,,,,,,,,,,,,,,,,-,-,,,,,,,,,,,,,,,,,,,,,,,,,
,04-22-2015,19:06:53, Lane 1 ,Fwd,FF,,43,2,59,,2,8.61,,,,,,,,,,,,,,,,,,,,,,,,8.61,-,,,,,,,,,,,,,,,,,,,,,,,,,-,-,,,,,,,,,,,,,,,,,,,,,,,,,
,04-22-2015,19:07:09, Lane 1 ,Fwd,FF,,44,3,59,,2,11.56,,,,,,,,,,,,,,,,,,,,,,,,11.56,-,,,,,,,,,,,,,,,,,,,,,,,,,-,-,,,,,,,,,,,,,,,,,,,,,,,,,
,04-22-2015,19:07:21, Lane 1 ,Fwd,FF,,45,2,57,,2,9.48,,,,,,,,,,,,,,,,,,,,,,,,9.48,-,,,,,,,,,,,,,,,,,,,,,,,,,-,-,,,,,,,,,,,,,,,,,,,,,,,,,
,04-22-2015,19:07:27, Lane 1 ,Fwd,FF,,46,3,56,,2,10.68,,,,,,,,,,,,,,,,,,,,,,,,10.68,-,,,,,,,,,,,,,,,,,,,,,,,,,-,-,,,,,,,,,,,,,,,,,,,,,,,,,
,04-22-2015,19:07:42, Lane 1 ,Fwd,FF,,47,2,55,,2,8.38,,,,,,,,,,,,,,,,,,,,,,,,8.38,-,,,,,,,,,,,,,,,,,,,,,,,,,-,-,,,,,,,,,,,,,,,,,,,,,,,,,
,04-22-2015,19:08:17, Lane 1 ,Fwd,FF,,48,2,58,,2,8.45,,,,,,,,,,,,,,,,,,,,,,,,8.45,-,,,,,,,,,,,,,,,,,,,,,,,,,-,-,,,,,,,,,,,,,,,,,,,,,,,,,
,04-22-2015,19:08:18, Lane 1 ,Fwd,FF,,49,2,58,,2,8.74,,,,,,,,,,,,,,,,,,,,,,,,8.74,-,,,,,,,,,,,,,,,,,,,,,,,,,-,-,,,,,,,,,,,,,,,,,,,,,,,,,
,04-22-2015,19:08:20, Lane 1 ,Fwd,FF,,50,3,58,,2,10.29,,,,,,,,,,,,,,,,,,,,,,,,10.29,-,,,,,,,,,,,,,,,,,,,,,,,,,-,-,,,,,,,,,,,,,,,,,,,,,,,,,
,04-22-2015,19:08:25, Lane 1 ,Fwd,FF,,51,2,52,,2,9.27,,,,,,,,,,,,,,,,,,,,,,,,9.27,-,,,,,,,,,,,,,,,,,,,,,,,,,-,-,,,,,,,,,,,,,,,,,,,,,,,,,
,04-22-2015,19:08:48, Lane 1 ,Fwd,FF,,52,2,64,,2,8.53,,,,,,,,,,,,,,,,,,,,,,,,8.53,-,,,,,,,,,,,,,,,,,,,,,,,,,-,-,,,,,,,,,,,,,,,,,,,,,,,,,
,04-22-2015,19:09:05, Lane 1 ,Fwd,FF,,53,3,58,,3,11.15,15.41,,,,,,,,,,,,,,,,,,,,,,,26.56,-,,,,,,,,,,,,,,,,,,,,,,,,,-,-,,,,,,,,,,,,,,,,,,,,,,,,,
,04-22-2015,19:09:21, Lane 1 ,Fwd,FF,,54,3,60,,2,11.21,,,,,,,,,,,,,,,,,,,,,,,,11.21,-,,,,,,,,,,,,,,,,,,,,,,,,,-,-,,,,,,,,,,,,,,,,,,,,,,,,,
,04-22-2015,19:09:23, Lane 1 ,Fwd,FF,,55,2,63,,2,9.79,,,,,,,,,,,,,,,,,,,,,,,,9.79,-,,,,,,,,,,,,,,,,,,,,,,,,,-,-,,,,,,,,,,,,,,,,,,,,,,,,,
,04-22-2015,19:09:41, Lane 1 ,Fwd,FF,,56,3,62,,2,10.29,,,,,,,,,,,,,,,,,,,,,,,,10.29,-,,,,,,,,,,,,,,,,,,,,,,,,,-,-,,,,,,,,,,,,,,,,,,,,,,,,,
,04-22-2015,19:10:14, Lane 1 ,Fwd,FF,,57,2,60,,2,9.00,,,,,,,,,,,,,,,,,,,,,,,,9.00,-,,,,,,,,,,,,,,,,,,,,,,,,,-,-,,,,,,,,,,,,,,,,,,,,,,,,,
,04-22-2015,19:10:15, Lane 1 ,Fwd,FF,,58,2,60,,2,9.00,,,,,,,,,,,,,,,,,,,,,,,,9.00,-,,,,,,,,,,,,,,,,,,,,,,,,,-,-,,,,,,,,,,,,,,,,,,,,,,,,,
,04-22-2015,19:10:21, Lane 1 ,Fwd,FF,,59,5,67,,2,16.69,,,,,,,,,,,,,,,,,,,,,,,,16.69,-,,,,,,,,,,,,,,,,,,,,,,,,,-,-,,,,,,,,,,,,,,,,,,,,,,,,,
,04-22-2015,19:10:46, Lane 1 ,Fwd,FF,,60,3,57,,2,11.50,,,,,,,,,,,,,,,,,,,,,,,,11.50,-,,,,,,,,,,,,,,,,,,,,,,,,,-,-,,,,,,,,,,,,,,,,,,,,,,,,,
,04-22-2015,19:10:48, Lane 1 ,Fwd,FF,,61,3,58,,2,10.21,,,,,,,,,,,,,,,,,,,,,,,,10.21,-,,,,,,,,,,,,,,,,,,,,,,,,,-,-,,,,,,,,,,,,,,,,,,,,,,,,,
,04-22-2015,19:11:10, Lane 1 ,Fwd,FF,,62,2,64,,2,9.17,,,,,,,,,,,,,,,,,,,,,,,,9.17,-,,,,,,,,,,,,,,,,,,,,,,,,,-,-,,,,,,,,,,,,,,,,,,,,,,,,,
,04-22-2015,19:11:12, Lane 1 ,Fwd,FF,,63,2,63,,2,8.80,,,,,,,,,,,,,,,,,,,,,,,,8.80,-,,,,,,,,,,,,,,,,,,,,,,,,,-,-,,,,,,,,,,,,,,,,,,,,,,,,,
,04-22-2015,19:11:17, Lane 1 ,Fwd,FF,,64,2,66,,2,8.93,,,,,,,,,,,,,,,,,,,,,,,,8.93,-,,,,,,,,,,,,,,,,,,,,,,,,,-,-,,,,,,,,,,,,,,,,,,,,,,,,,
,04-22-2015,19:11:53, Lane 1 ,Fwd,FF,,65,3,51,,2,11.78,,,,,,,,,,,,,,,,,,,,,,,,11.78,-,,,,,,,,,,,,,,,,,,,,,,,,,-,-,,,,,,,,,,,,,,,,,,,,,,,,,
,04-22-2015,19:12:05, Lane 1 ,Fwd,FF,,66,2,54,,2,8.63,,,,,,,,,,,,,,,,,,,,,,,,8.63,-,,,,,,,,,,,,,,,,,,,,,,,,,-,-,,,,,,,,,,,,,,,,,,,,,,,,,
,04-22-2015,19:12:06, Lane 1 ,Fwd,FF,,67,2,55,,2,8.62,,,,,,,,,,,,,,,,,,,,,,,,8.62,-,,,,,,,,,,,,,,,,,,,,,,,,,-,-,,,,,,,,,,,,,,,,,,,,,,,,,
,04-22-2015,19:12:09, Lane 1 ,Fwd,FF,,68,2,65,,2,8.86,,,,,,,,,,,,,,,,,,,,,,,,8.86,-,,,,,,,,,,,,,,,,,,,,,,,,,-,-,,,,,,,,,,,,,,,,,,,,,,,,,
,04-22-2015,19:12:40, Lane 1 ,Fwd,FF,,69,2,66,,2,9.20,,,,,,,,,,,,,,,,,,,,,,,,9.20,-,,,,,,,,,,,,,,,,,,,,,,,,,-,-,,,,,,,,,,,,,,,,,,,,,,,,,
,04-22-2015,19:12:43, Lane 1 ,Fwd,FF,,70,2,68,,2,8.93,,,,,,,,,,,,,,,,,,,,,,,,8.93,-,,,,,,,,,,,,,,,,,,,,,,,,,-,-,,,,,,,,,,,,,,,,,,,,,,,,,
,04-22-2015,19:12:54, Lane 1 ,Fwd,FF,,71,2,62,,2,8.39,,,,,,,,,,,,,,,,,,,,,,,,8.39,-,,,,,,,,,,,,,,,,,,,,,,,,,-,-,,,,,,,,,,,,,,,,,,,,,,,,,
,04-22-2015,19:13:19, Lane 1 ,Fwd,FF,,72,2,61,,2,9.25,,,,,,,,,,,,,,,,,,,,,,,,9.25,-,,,,,,,,,,,,,,,,,,,,,,,,,-,-,,,,,,,,,,,,,,,,,,,,,,,,,
,04-22-2015,19:13:22, Lane 1 ,Fwd,FF,,73,2,60,,2,8.85,,,,,,,,,,,,,,,,,,,,,,,,8.85,-,,,,,,,,,,,,,,,,,,,,,,,,,-,-,,,,,,,,,,,,,,,,,,,,,,,,,
,04-22-2015,19:13:35, Lane 1 ,Fwd,FF,,74,2,59,,2,9.32,,,,,,,,,,,,,,,,,,,,,,,,9.32,-,,,,,,,,,,,,,,,,,,,,,,,,,-,-,,,,,,,,,,,,,,,,,,,,,,,,,
,04-22-2015,19:13:39, Lane 1 ,Fwd,FF,,75,3,63,,2,11.27,,,,,,,,,,,,,,,,,,,,,,,,11.27,-,,,,,,,,,,,,,,,,,,,,,,,,,-,-,,,,,,,,,,,,,,,,,,,,,,,,,
,04-22-2015,19:13:43, Lane 1 ,Fwd,FF,,76,3,60,,2,11.83,,,,,,,,,,,,,,,,,,,,,,,,11.83,-,,,,,,,,,,,,,,,,,,,,,,,,,-,-,,,,,,,,,,,,,,,,,,,,,,,,,
,04-22-2015,19:13:44, Lane 1 ,Fwd,FF,,77,3,59,,2,11.74,,,,,,,,,,,,,,,,,,,,,,,,11.74,-,,,,,,,,,,,,,,,,,,,,,,,,,-,-,,,,,,,,,,,,,,,,,,,,,,,,,
,04-22-2015,19:13:48, Lane 1 ,Fwd,FF,,78,2,62,,2,8.75,,,,,,,,,,,,,,,,,,,,,,,,8.75,-,,,,,,,,,,,,,,,,,,,,,,,,,-,-,,,,,,,,,,,,,,,,,,,,,,,,,
,04-22-2015,19:13:52, Lane 1 ,Fwd,FF,,79,2,59,,2,9.24,,,,,,,,,,,,,,,,,,,,,,,,9.24,-,,,,,,,,,,,,,,,,,,,,,,,,,-,-,,,,,,,,,,,,,,,,,,,,,,,,,
,04-22-2015,19:13:53, Lane 1 ,Fwd,FF,,80,2,59,,2,8.87,,,,,,,,,,,,,,,,,,,,,,,,8.87,-,,,,,,,,,,,,,,,,,,,,,,,,,-,-,,,,,,,,,,,,,,,,,,,,,,,,,
,04-22-2015,19:13:56, Lane 1 ,Fwd,FF,,81,2,61,,2,9.33,,,,,,,,,,,,,,,,,,,,,,,,9.33,-,,,,,,,,,,,,,,,,,,,,,,,,,-,-,,,,,,,,,,,,,,,,,,,,,,,,,
,04-22-2015,19:14:15, Lane 1 ,Fwd,FF,,82,3,64,,2,11.06,,,,,,,,,,,,,,,,,,,,,,,,11.06,-,,,,,,,,,,,,,,,,,,,,,,,,,-,-,,,,,,,,,,,,,,,,,,,,,,,,,
,04-22-2015,19:14:18, Lane 1 ,Fwd,FF,,83,2,61,,2,9.69,,,,,,,,,,,,,,,,,,,,,,,,9.69,-,,,,,,,,,,,,,,,,,,,,,,,,,-,-,,,,,,,,,,,,,,,,,,,,,,,,,
,04-22-2015,19:15:11, Lane 1 ,Fwd,FF,,84,2,63,,2,9.44,,,,,,,,,,,,,,,,,,,,,,,,9.44,-,,,,,,,,,,,,,,,,,,,,,,,,,-,-,,,,,,,,,,,,,,,,,,,,,,,,,
,04-22-2015,19:15:42, Lane 1 ,Fwd,FF,,85,3,58,,2,11.83,,,,,,,,,,,,,,,,,,,,,,,,11.83,-,,,,,,,,,,,,,,,,,,,,,,,,,-,-,,,,,,,,,,,,,,,,,,,,,,,,,
,04-22-2015,19:16:11, Lane 1 ,Fwd,FF,,86,3,67,,2,10.54,,,,,,,,,,,,,,,,,,,,,,,,10.54,-,,,,,,,,,,,,,,,,,,,,,,,,,-,-,,,,,,,,,,,,,,,,,,,,,,,,,
,04-22-2015,19:16:47, Lane 1 ,Fwd,FF,,87,2,57,,2,9.42,,,,,,,,,,,,,,,,,,,,,,,,9.42,-,,,,,,,,,,,,,,,,,,,,,,,,,-,-,,,,,,,,,,,,,,,,,,,,,,,,,
,04-22-2015,19:16:50, Lane 1 ,Fwd,FF,,88,2,55,,2,9.08,,,,,,,,,,,,,,,,,,,,,,,,9.08,-,,,,,,,,,,,,,,,,,,,,,,,,,-,-,,,,,,,,,,,,,,,,,,,,,,,,,
,04-22-2015,19:17:37, Lane 1 ,Fwd,FF,,89,2,63,,2,9.16,,,,,,,,,,,,,,,,,,,,,,,,9.16,-,,,,,,,,,,,,,,,,,,,,,,,,,-,-,,,,,,,,,,,,,,,,,,,,,,,,,
,04-22-2015,19:17:45, Lane 1 ,Fwd,FF,,90,2,56,,2,9.78,,,,,,,,,,,,,,,,,,,,,,,,9.78,-,,,,,,,,,,,,,,,,,,,,,,,,,-,-,,,,,,,,,,,,,,,,,,,,,,,,,
,04-22-2015,19:17:49, Lane 1 ,Fwd,FF,,91,2,57,,2,8.33,,,,,,,,,,,,,,,,,,,,,,,,8.33,-,,,,,,,,,,,,,,,,,,,,,,,,,-,-,,,,,,,,,,,,,,,,,,,,,,,,,
,04-22-2015,19:18:20, Lane 1 ,Fwd,FF,,92,2,60,,2,9.02,,,,,,,,,,,,,,,,,,,,,,,,9.02,-,,,,,,,,,,,,,,,,,,,,,,,,,-,-,,,,,,,,,,,,,,,,,,,,,,,,,
,04-22-2015,19:18:23, Lane 1 ,Fwd,FF,,93,2,58,,2,9.60,,,,,,,,,,,,,,,,,,,,,,,,9.60,-,,,,,,,,,,,,,,,,,,,,,,,,,-,-,,,,,,,,,,,,,,,,,,,,,,,,,
,04-22-2015,19:18:24, Lane 1 ,Fwd,FF,,94,2,59,,2,9.24,,,,,,,,,,,,,,,,,,,,,,,,9.24,-,,,,,,,,,,,,,,,,,,,,,,,,,-,-,,,,,,,,,,,,,,,,,,,,,,,,,
,04-22-2015,19:18:25, Lane 1 ,Fwd,FF,,95,2,58,,2,9.17,,,,,,,,,,,,,,,,,,,,,,,,9.17,-,,,,,,,,,,,,,,,,,,,,,,,,,-,-,,,,,,,,,,,,,,,,,,,,,,,,,
,04-22-2015,19:18:31, Lane 1 ,Fwd,FF,,96,2,59,,2,8.29,,,,,,,,,,,,,,,,,,,,,,,,8.29,-,,,,,,,,,,,,,,,,,,,,,,,,,-,-,,,,,,,,,,,,,,,,,,,,,,,,,
,04-22-2015,19:18:35, Lane 1 ,Fwd,FF,,97,3,61,,2,11.29,,,,,,,,,,,,,,,,,,,,,,,,11.29,-,,,,,,,,,,,,,,,,,,,,,,,,,-,-,,,,,,,,,,,,,,,,,,,,,,,,,
,04-22-2015,19:18:36, Lane 1 ,Fwd,FF,,98,2,63,,2,9.21,,,,,,,,,,,,,,,,,,,,,,,,9.21,-,,,,,,,,,,,,,,,,,,,,,,,,,-,-,,,,,,,,,,,,,,,,,,,,,,,,,
,04-22-2015,19:18:56, Lane 1 ,Fwd,FF,,99,2,61,,2,8.69,,,,,,,,,,,,,,,,,,,,,,,,8.69,-,,,,,,,,,,,,,,,,,,,,,,,,,-,-,,,,,,,,,,,,,,,,,,,,,,,,,
,04-22-2015,19:19:12, Lane 1 ,Fwd,FF,,100,2,56,,2,8.77,,,,,,,,,,,,,,,,,,,,,,,,8.77,-,,,,,,,,,,,,,,,,,,,,,,,,,-,-,,,,,,,,,,,,,,,,,,,,,,,,,
,04-22-2015,19:19:13, Lane 1 ,Fwd,FF,,101,3,59,,2,11.83,,,,,,,,,,,,,,,,,,,,,,,,11.83,-,,,,,,,,,,,,,,,,,,,,,,,,,-,-,,,,,,,,,,,,,,,,,,,,,,,,,
,04-22-2015,19:19:16, Lane 1 ,Fwd,FF,,102,2,62,,2,9.56,,,,,,,,,,,,,,,,,,,,,,,,9.56,-,,,,,,,,,,,,,,,,,,,,,,,,,-,-,,,,,,,,,,,,,,,,,,,,,,,,,
,04-22-2015,19:19:18, Lane 1 ,Fwd,FF,,103,2,66,,2,8.26,,,,,,,,,,,,,,,,,,,,,,,,8.26,-,,,,,,,,,,,,,,,,,,,,,,,,,-,-,,,,,,,,,,,,,,,,,,,,,,,,,
,04-22-2015,19:19:41, Lane 1 ,Fwd,FF,,104,4,58,,2,24.09,,,,,,,,,,,,,,,,,,,,,,,,24.09,-,,,,,,,,,,,,,,,,,,,,,,,,,-,-,,,,,,,,,,,,,,,,,,,,,,,,,
,04-22-2015,19:19:54, Lane 1 ,Fwd,FF,,105,3,52,,2,10.79,,,,,,,,,,,,,,,,,,,,,,,,10.79,-,,,,,,,,,,,,,,,,,,,,,,,,,-,-,,,,,,,,,,,,,,,,,,,,,,,,,
,04-22-2015,19:19:57, Lane 1 ,Fwd,FF,,106,2,53,,2,8.54,,,,,,,,,,,,,,,,,,,,,,,,8.54,-,,,,,,,,,,,,,,,,,,,,,,,,,-,-,,,,,,,,,,,,,,,,,,,,,,,,,
,04-22-2015,19:19:59, Lane 1 ,Fwd,FF,,107,3,50,,2,11.05,,,,,,,,,,,,,,,,,,,,,,,,11.05,-,,,,,,,,,,,,,,,,,,,,,,,,,-,-,,,,,,,,,,,,,,,,,,,,,,,,,
,04-22-2015,19:20:05, Lane 1 ,Fwd,FF,,108,2,56,,2,8.90,,,,,,,,,,,,,,,,,,,,,,,,8.90,-,,,,,,,,,,,,,,,,,,,,,,,,,-,-,,,,,,,,,,,,,,,,,,,,,,,,,
,04-22-2015,19:20:08, Lane 1 ,Fwd,FF,,109,2,53,,2,9.66,,,,,,,,,,,,,,,,,,,,,,,,9.66,-,,,,,,,,,,,,,,,,,,,,,,,,,-,-,,,,,,,,,,,,,,,,,,,,,,,,,
,04-22-2015,19:20:13, Lane 1 ,Fwd,FF,,110,2,53,,2,9.20,,,,,,,,,,,,,,,,,,,,,,,,9.20,-,,,,,,,,,,,,,,,,,,,,,,,,,-,-,,,,,,,,,,,,,,,,,,,,,,,,,
,04-22-2015,19:20:14, Lane 1 ,Fwd,FF,,111,2,54,,2,8.90,,,,,,,,,,,,,,,,,,,,,,,,8.90,-,,,,,,,,,,,,,,,,,,,,,,,,,-,-,,,,,,,,,,,,,,,,,,,,,,,,,
,04-22-2015,19:21:12, Lane 1 ,Fwd,FF,,112,2,60,,2,9.46,,,,,,,,,,,,,,,,,,,,,,,,9.46,-,,,,,,,,,,,,,,,,,,,,,,,,,-,-,,,,,,,,,,,,,,,,,,,,,,,,,
,04-22-2015,19:21:20, Lane 1 ,Fwd,FF,,113,3,54,,2,10.34,,,,,,,,,,,,,,,,,,,,,,,,10.34,-,,,,,,,,,,,,,,,,,,,,,,,,,-,-,,,,,,,,,,,,,,,,,,,,,,,,,
,04-22-2015,19:21:22, Lane 1 ,Fwd,FF,,114,2,56,,2,8.57,,,,,,,,,,,,,,,,,,,,,,,,8.57,-,,,,,,,,,,,,,,,,,,,,,,,,,-,-,,,,,,,,,,,,,,,,,,,,,,,,,
,04-22-2015,19:21:24, Lane 1 ,Fwd,FF,,115,2,57,,2,9.15,,,,,,,,,,,,,,,,,,,,,,,,9.15,-,,,,,,,,,,,,,,,,,,,,,,,,,-,-,,,,,,,,,,,,,,,,,,,,,,,,,
,04-22-2015,19:21:26, Lane 1 ,Fwd,FF,,116,2,56,,2,8.39,,,,,,,,,,,,,,,,,,,,,,,,8.39,-,,,,,,,,,,,,,,,,,,,,,,,,,-,-,,,,,,,,,,,,,,,,,,,,,,,,,
,04-22-2015,19:21:27, Lane 1 ,Fwd,FF,,117,3,54,,2,11.53,,,,,,,,,,,,,,,,,,,,,,,,11.53,-,,,,,,,,,,,,,,,,,,,,,,,,,-,-,,,,,,,,,,,,,,,,,,,,,,,,,
,04-22-2015,19:21:29, Lane 1 ,Fwd,FF,,118,2,55,,2,7.84,,,,,,,,,,,,,,,,,,,,,,,,7.84,-,,,,,,,,,,,,,,,,,,,,,,,,,-,-,,,,,,,,,,,,,,,,,,,,,,,,,
,04-22-2015,19:21:42, Lane 1 ,Fwd,FF,,119,2,56,,2,8.77,,,,,,,,,,,,,,,,,,,,,,,,8.77,-,,,,,,,,,,,,,,,,,,,,,,,,,-,-,,,,,,,,,,,,,,,,,,,,,,,,,
,04-22-2015,19:22:19, Lane 1 ,Fwd,FF,,120,8,48,,4,16.24,22.59,3.39,,,,,,,,,,,,,,,,,,,,,,42.22,-,,,,,,,,,,,,,,,,,,,,,,,,,-,-,,,,,,,,,,,,,,,,,,,,,,,,,
,04-22-2015,19:22:21, Lane 1 ,Fwd,FF,,121,2,48,,2,8.63,,,,,,,,,,,,,,,,,,,,,,,,8.63,-,,,,,,,,,,,,,,,,,,,,,,,,,-,-,,,,,,,,,,,,,,,,,,,,,,,,,
,04-22-2015,19:22:22, Lane 1 ,Fwd,FF,,122,2,49,,2,9.71,,,,,,,,,,,,,,,,,,,,,,,,9.71,-,,,,,,,,,,,,,,,,,,,,,,,,,-,-,,,,,,,,,,,,,,,,,,,,,,,,,
,04-22-2015,19:22:26, Lane 1 ,Fwd,FF,,123,3,63,,2,11.35,,,,,,,,,,,,,,,,,,,,,,,,11.35,-,,,,,,,,,,,,,,,,,,,,,,,,,-,-,,,,,,,,,,,,,,,,,,,,,,,,,
,04-22-2015,19:22:31, Lane 1 ,Fwd,FF,,124,5,58,,2,18.68,,,,,,,,,,,,,,,,,,,,,,,,18.68,-,,,,,,,,,,,,,,,,,,,,,,,,,-,-,,,,,,,,,,,,,,,,,,,,,,,,,
,04-22-2015,19:22:38, Lane 1 ,Fwd,FF,,125,2,64,,2,8.34,,,,,,,,,,,,,,,,,,,,,,,,8.34,-,,,,,,,,,,,,,,,,,,,,,,,,,-,-,,,,,,,,,,,,,,,,,,,,,,,,,
,04-22-2015,19:23:18, Lane 1 ,Fwd,FF,,126,2,55,,2,10.06,,,,,,,,,,,,,,,,,,,,,,,,10.06,-,,,,,,,,,,,,,,,,,,,,,,,,,-,-,,,,,,,,,,,,,,,,,,,,,,,,,
,04-22-2015,19:23:20, Lane 1 ,Fwd,FF,,127,3,58,,2,10.98,,,,,,,,,,,,,,,,,,,,,,,,10.98,-,,,,,,,,,,,,,,,,,,,,,,,,,-,-,,,,,,,,,,,,,,,,,,,,,,,,,
,04-22-2015,19:23:30, Lane 1 ,Fwd,FF,,128,2,57,,2,8.65,,,,,,,,,,,,,,,,,,,,,,,,8.65,-,,,,,,,,,,,,,,,,,,,,,,,,,-,-,,,,,,,,,,,,,,,,,,,,,,,,,
,04-22-2015,19:23:34, Lane 1 ,Fwd,FF,,129,2,56,,2,9.06,,,,,,,,,,,,,,,,,,,,,,,,9.06,-,,,,,,,,,,,,,,,,,,,,,,,,,-,-,,,,,,,,,,,,,,,,,,,,,,,,,
,04-22-2015,19:23:39, Lane 1 ,Fwd,FF,,130,2,57,,2,9.65,,,,,,,,,,,,,,,,,,,,,,,,9.65,-,,,,,,,,,,,,,,,,,,,,,,,,,-,-,,,,,,,,,,,,,,,,,,,,,,,,,
,04-22-2015,19:24:08, Lane 1 ,Fwd,FF,,131,2,62,,2,8.09,,,,,,,,,,,,,,,,,,,,,,,,8.09,-,,,,,,,,,,,,,,,,,,,,,,,,,-,-,,,,,,,,,,,,,,,,,,,,,,,,,
,04-22-2015,19:24:09, Lane 1 ,Fwd,FF,,132,2,62,,2,9.27,,,,,,,,,,,,,,,,,,,,,,,,9.27,-,,,,,,,,,,,,,,,,,,,,,,,,,-,-,,,,,,,,,,,,,,,,,,,,,,,,,
,04-22-2015,19:24:10, Lane 1 ,Fwd,FF,,133,2,63,,2,8.22,,,,,,,,,,,,,,,,,,,,,,,,8.22,-,,,,,,,,,,,,,,,,,,,,,,,,,-,-,,,,,,,,,,,,,,,,,,,,,,,,,
,04-22-2015,19:24:11, Lane 1 ,Fwd,FF,,134,2,61,,2,8.96,,,,,,,,,,,,,,,,,,,,,,,,8.96,-,,,,,,,,,,,,,,,,,,,,,,,,,-,-,,,,,,,,,,,,,,,,,,,,,,,,,
,04-22-2015,19:24:17, Lane 1 ,Fwd,FF,,135,2,58,,2,9.04,,,,,,,,,,,,,,,,,,,,,,,,9.04,-,,,,,,,,,,,,,,,,,,,,,,,,,-,-,,,,,,,,,,,,,,,,,,,,,,,,,
,04-22-2015,19:24:18, Lane 1 ,Fwd,FF,,136,2,57,,2,9.00,,,,,,,,,,,,,,,,,,,,,,,,9.00,-,,,,,,,,,,,,,,,,,,,,,,,,,-,-,,,,,,,,,,,,,,,,,,,,,,,,,
,04-22-2015,19:24:20, Lane 1 ,Fwd,FF,,137,2,59,,2,8.98,,,,,,,,,,,,,,,,,,,,,,,,8.98,-,,,,,,,,,,,,,,,,,,,,,,,,,-,-,,,,,,,,,,,,,,,,,,,,,,,,,
,04-22-2015,19:24:25, Lane 1 ,Fwd,FF,,138,2,55,,2,8.76,,,,,,,,,,,,,,,,,,,,,,,,8.76,-,,,,,,,,,,,,,,,,,,,,,,,,,-,-,,,,,,,,,,,,,,,,,,,,,,,,,
,04-22-2015,19:24:26, Lane 1 ,Fwd,FF,,139,2,56,,2,8.80,,,,,,,,,,,,,,,,,,,,,,,,8.80,-,,,,,,,,,,,,,,,,,,,,,,,,,-,-,,,,,,,,,,,,,,,,,,,,,,,,,
,04-22-2015,19:24:45, Lane 1 ,Fwd,FF,,140,2,64,,2,9.66,,,,,,,,,,,,,,,,,,,,,,,,9.66,-,,,,,,,,,,,,,,,,,,,,,,,,,-,-,,,,,,,,,,,,,,,,,,,,,,,,,
,04-22-2015,19:25:03, Lane 1 ,Fwd,FF,,141,2,58,,2,8.34,,,,,,,,,,,,,,,,,,,,,,,,8.34,-,,,,,,,,,,,,,,,,,,,,,,,,,-,-,,,,,,,,,,,,,,,,,,,,,,,,,
,04-22-2015,19:25:17, Lane 1 ,Fwd,FF,,142,2,66,,2,8.52,,,,,,,,,,,,,,,,,,,,,,,,8.52,-,,,,,,,,,,,,,,,,,,,,,,,,,-,-,,,,,,,,,,,,,,,,,,,,,,,,,
,04-22-2015,19:25:57, Lane 1 ,Fwd,FF,,143,4,58,,2,22.20,,,,,,,,,,,,,,,,,,,,,,,,22.20,-,,,,,,,,,,,,,,,,,,,,,,,,,-,-,,,,,,,,,,,,,,,,,,,,,,,,,
,04-22-2015,19:25:58, Lane 1 ,Fwd,FF,,144,2,58,,2,9.89,,,,,,,,,,,,,,,,,,,,,,,,9.89,-,,,,,,,,,,,,,,,,,,,,,,,,,-,-,,,,,,,,,,,,,,,,,,,,,,,,,
,04-22-2015,19:26:08, Lane 1 ,Fwd,FF,,145,2,63,,2,8.59,,,,,,,,,,,,,,,,,,,,,,,,8.59,-,,,,,,,,,,,,,,,,,,,,,,,,,-,-,,,,,,,,,,,,,,,,,,,,,,,,,
,04-22-2015,19:26:10, Lane 1 ,Fwd,FF,,146,3,62,,2,10.64,,,,,,,,,,,,,,,,,,,,,,,,10.64,-,,,,,,,,,,,,,,,,,,,,,,,,,-,-,,,,,,,,,,,,,,,,,,,,,,,,,
,04-22-2015,19:26:12, Lane 1 ,Fwd,FF,,147,2,60,,2,8.41,,,,,,,,,,,,,,,,,,,,,,,,8.41,-,,,,,,,,,,,,,,,,,,,,,,,,,-,-,,,,,,,,,,,,,,,,,,,,,,,,,
,04-22-2015,19:26:17, Lane 1 ,Fwd,FF,,148,3,57,,2,10.83,,,,,,,,,,,,,,,,,,,,,,,,10.83,-,,,,,,,,,,,,,,,,,,,,,,,,,-,-,,,,,,,,,,,,,,,,,,,,,,,,,
,04-22-2015,19:26:19, Lane 1 ,Fwd,FF,,149,2,55,,2,8.88,,,,,,,,,,,,,,,,,,,,,,,,8.88,-,,,,,,,,,,,,,,,,,,,,,,,,,-,-,,,,,,,,,,,,,,,,,,,,,,,,,
,04-22-2015,19:26:21, Lane 1 ,Fwd,FF,,150,2,53,,2,8.67,,,,,,,,,,,,,,,,,,,,,,,,8.67,-,,,,,,,,,,,,,,,,,,,,,,,,,-,-,,,,,,,,,,,,,,,,,,,,,,,,,
,04-22-2015,19:27:00, Lane 1 ,Fwd,FF,,151,2,61,,2,8.98,,,,,,,,,,,,,,,,,,,,,,,,8.98,-,,,,,,,,,,,,,,,,,,,,,,,,,-,-,,,,,,,,,,,,,,,,,,,,,,,,,
,04-22-2015,19:27:02, Lane 1 ,Fwd,FF,,152,2,61,,2,8.62,,,,,,,,,,,,,,,,,,,,,,,,8.62,-,,,,,,,,,,,,,,,,,,,,,,,,,-,-,,,,,,,,,,,,,,,,,,,,,,,,,
,04-22-2015,19:27:13, Lane 1 ,Fwd,FF,,153,2,66,,2,8.32,,,,,,,,,,,,,,,,,,,,,,,,8.32,-,,,,,,,,,,,,,,,,,,,,,,,,,-,-,,,,,,,,,,,,,,,,,,,,,,,,,
,04-22-2015,19:27:14, Lane 1 ,Fwd,FF,,154,2,65,,2,8.38,,,,,,,,,,,,,,,,,,,,,,,,8.38,-,,,,,,,,,,,,,,,,,,,,,,,,,-,-,,,,,,,,,,,,,,,,,,,,,,,,,
,04-22-2015,19:28:00, Lane 1 ,Fwd,FF,,155,2,58,,2,9.89,,,,,,,,,,,,,,,,,,,,,,,,9.89,-,,,,,,,,,,,,,,,,,,,,,,,,,-,-,,,,,,,,,,,,,,,,,,,,,,,,,
,04-22-2015,19:28:02, Lane 1 ,Fwd,FF,,156,2,61,,2,8.51,,,,,,,,,,,,,,,,,,,,,,,,8.51,-,,,,,,,,,,,,,,,,,,,,,,,,,-,-,,,,,,,,,,,,,,,,,,,,,,,,,
,04-22-2015,19:28:10, Lane 1 ,Fwd,FF,,157,2,56,,2,8.63,,,,,,,,,,,,,,,,,,,,,,,,8.63,-,,,,,,,,,,,,,,,,,,,,,,,,,-,-,,,,,,,,,,,,,,,,,,,,,,,,,
,04-22-2015,19:28:12, Lane 1 ,Fwd,FF,,158,2,59,,3,8.89,12.09,,,,,,,,,,,,,,,,,,,,,,,20.98,-,,,,,,,,,,,,,,,,,,,,,,,,,-,-,,,,,,,,,,,,,,,,,,,,,,,,,
,04-22-2015,19:28:14, Lane 1 ,Fwd,FF,,159,2,55,,2,8.54,,,,,,,,,,,,,,,,,,,,,,,,8.54,-,,,,,,,,,,,,,,,,,,,,,,,,,-,-,,,,,,,,,,,,,,,,,,,,,,,,,
,04-22-2015,19:28:16, Lane 1 ,Fwd,FF,,160,2,56,,2,8.65,,,,,,,,,,,,,,,,,,,,,,,,8.65,-,,,,,,,,,,,,,,,,,,,,,,,,,-,-,,,,,,,,,,,,,,,,,,,,,,,,,
,04-22-2015,19:28:17, Lane 1 ,Fwd,FF,,161,2,56,,2,8.03,,,,,,,,,,,,,,,,,,,,,,,,8.03,-,,,,,,,,,,,,,,,,,,,,,,,,,-,-,,,,,,,,,,,,,,,,,,,,,,,,,
,04-22-2015,19:28:20, Lane 1 ,Fwd,FF,,162,2,57,,2,8.89,,,,,,,,,,,,,,,,,,,,,,,,8.89,-,,,,,,,,,,,,,,,,,,,,,,,,,-,-,,,,,,,,,,,,,,,,,,,,,,,,,
,04-22-2015,19:28:21, Lane 1 ,Fwd,FF,,163,2,57,,2,9.00,,,,,,,,,,,,,,,,,,,,,,,,9.00,-,,,,,,,,,,,,,,,,,,,,,,,,,-,-,,,,,,,,,,,,,,,,,,,,,,,,,
,04-22-2015,19:28:38, Lane 1 ,Fwd,FF,,164,3,52,,2,11.24,,,,,,,,,,,,,,,,,,,,,,,,11.24,-,,,,,,,,,,,,,,,,,,,,,,,,,-,-,,,,,,,,,,,,,,,,,,,,,,,,,
,04-22-2015,19:28:41, Lane 1 ,Fwd,FF,,165,2,56,,2,9.71,,,,,,,,,,,,,,,,,,,,,,,,9.71,-,,,,,,,,,,,,,,,,,,,,,,,,,-,-,,,,,,,,,,,,,,,,,,,,,,,,,
,04-22-2015,19:28:42, Lane 1 ,Fwd,FF,,166,2,58,,2,8.37,,,,,,,,,,,,,,,,,,,,,,,,8.37,-,,,,,,,,,,,,,,,,,,,,,,,,,-,-,,,,,,,,,,,,,,,,,,,,,,,,,
,04-22-2015,19:28:56, Lane 1 ,Fwd,FF,,167,2,62,,2,8.45,,,,,,,,,,,,,,,,,,,,,,,,8.45,-,,,,,,,,,,,,,,,,,,,,,,,,,-,-,,,,,,,,,,,,,,,,,,,,,,,,,
,04-22-2015,19:29:02, Lane 1 ,Fwd,FF,,168,2,58,,2,8.85,,,,,,,,,,,,,,,,,,,,,,,,8.85,-,,,,,,,,,,,,,,,,,,,,,,,,,-,-,,,,,,,,,,,,,,,,,,,,,,,,,
,04-22-2015,19:29:05, Lane 1 ,Fwd,FF,,169,2,53,,2,9.51,,,,,,,,,,,,,,,,,,,,,,,,9.51,-,,,,,,,,,,,,,,,,,,,,,,,,,-,-,,,,,,,,,,,,,,,,,,,,,,,,,
,04-22-2015,19:29:06, Lane 1 ,Fwd,FF,,170,3,54,,3,11.77,13.81,,,,,,,,,,,,,,,,,,,,,,,25.58,-,,,,,,,,,,,,,,,,,,,,,,,,,-,-,,,,,,,,,,,,,,,,,,,,,,,,,
,04-22-2015,19:29:08, Lane 1 ,Fwd,FF,,171,2,58,,2,9.21,,,,,,,,,,,,,,,,,,,,,,,,9.21,-,,,,,,,,,,,,,,,,,,,,,,,,,-,-,,,,,,,,,,,,,,,,,,,,,,,,,
,04-22-2015,19:29:10, Lane 1 ,Fwd,FF,,172,2,57,,2,8.50,,,,,,,,,,,,,,,,,,,,,,,,8.50,-,,,,,,,,,,,,,,,,,,,,,,,,,-,-,,,,,,,,,,,,,,,,,,,,,,,,,
,04-22-2015,19:29:25, Lane 1 ,Fwd,FF,,173,2,56,,2,9.44,,,,,,,,,,,,,,,,,,,,,,,,9.44,-,,,,,,,,,,,,,,,,,,,,,,,,,-,-,,,,,,,,,,,,,,,,,,,,,,,,,
,04-22-2015,19:29:28, Lane 1 ,Fwd,FF,,174,3,62,,2,11.01,,,,,,,,,,,,,,,,,,,,,,,,11.01,-,,,,,,,,,,,,,,,,,,,,,,,,,-,-,,,,,,,,,,,,,,,,,,,,,,,,,
,04-22-2015,19:29:44, Lane 1 ,Fwd,FF,,175,2,62,,2,9.20,,,,,,,,,,,,,,,,,,,,,,,,9.20,-,,,,,,,,,,,,,,,,,,,,,,,,,-,-,,,,,,,,,,,,,,,,,,,,,,,,,
,04-22-2015,19:30:05, Lane 1 ,Fwd,FF,,176,2,64,,2,8.50,,,,,,,,,,,,,,,,,,,,,,,,8.50,-,,,,,,,,,,,,,,,,,,,,,,,,,-,-,,,,,,,,,,,,,,,,,,,,,,,,,
,04-22-2015,19:30:30, Lane 1 ,Fwd,FF,,177,3,64,,2,11.06,,,,,,,,,,,,,,,,,,,,,,,,11.06,-,,,,,,,,,,,,,,,,,,,,,,,,,-,-,,,,,,,,,,,,,,,,,,,,,,,,,
,04-22-2015,19:30:41, Lane 1 ,Fwd,FF,,178,3,60,,2,11.30,,,,,,,,,,,,,,,,,,,,,,,,11.30,-,,,,,,,,,,,,,,,,,,,,,,,,,-,-,,,,,,,,,,,,,,,,,,,,,,,,,
,04-22-2015,19:30:42, Lane 1 ,Fwd,FF,,179,2,62,,2,9.36,,,,,,,,,,,,,,,,,,,,,,,,9.36,-,,,,,,,,,,,,,,,,,,,,,,,,,-,-,,,,,,,,,,,,,,,,,,,,,,,,,
,04-22-2015,19:30:58, Lane 1 ,Fwd,FF,,180,5,54,,2,13.59,,,,,,,,,,,,,,,,,,,,,,,,13.59,-,,,,,,,,,,,,,,,,,,,,,,,,,-,-,,,,,,,,,,,,,,,,,,,,,,,,,
,04-22-2015,19:31:30, Lane 1 ,Fwd,FF,,181,2,63,,2,9.14,,,,,,,,,,,,,,,,,,,,,,,,9.14,-,,,,,,,,,,,,,,,,,,,,,,,,,-,-,,,,,,,,,,,,,,,,,,,,,,,,,
,04-22-2015,19:31:31, Lane 1 ,Fwd,FF,,182,2,64,,2,9.45,,,,,,,,,,,,,,,,,,,,,,,,9.45,-,,,,,,,,,,,,,,,,,,,,,,,,,-,-,,,,,,,,,,,,,,,,,,,,,,,,,
,04-22-2015,19:31:58, Lane 1 ,Fwd,FF,,183,2,62,,2,9.11,,,,,,,,,,,,,,,,,,,,,,,,9.11,-,,,,,,,,,,,,,,,,,,,,,,,,,-,-,,,,,,,,,,,,,,,,,,,,,,,,,
,04-22-2015,19:32:00, Lane 1 ,Fwd,FF,,184,2,63,,2,9.25,,,,,,,,,,,,,,,,,,,,,,,,9.25,-,,,,,,,,,,,,,,,,,,,,,,,,,-,-,,,,,,,,,,,,,,,,,,,,,,,,,
,04-22-2015,19:32:03, Lane 1 ,Fwd,FF,,185,2,62,,2,8.84,,,,,,,,,,,,,,,,,,,,,,,,8.84,-,,,,,,,,,,,,,,,,,,,,,,,,,-,-,,,,,,,,,,,,,,,,,,,,,,,,,
,04-22-2015,19:32:07, Lane 1 ,Fwd,FF,,186,2,58,,2,9.62,,,,,,,,,,,,,,,,,,,,,,,,9.62,-,,,,,,,,,,,,,,,,,,,,,,,,,-,-,,,,,,,,,,,,,,,,,,,,,,,,,
,04-22-2015,19:32:36, Lane 1 ,Fwd,FF,,187,2,60,,2,8.76,,,,,,,,,,,,,,,,,,,,,,,,8.76,-,,,,,,,,,,,,,,,,,,,,,,,,,-,-,,,,,,,,,,,,,,,,,,,,,,,,,
,04-22-2015,19:32:37, Lane 1 ,Fwd,FF,,188,2,59,,2,8.87,,,,,,,,,,,,,,,,,,,,,,,,8.87,-,,,,,,,,,,,,,,,,,,,,,,,,,-,-,,,,,,,,,,,,,,,,,,,,,,,,,
,04-22-2015,19:33:01, Lane 1 ,Fwd,FF,,189,2,63,,2,8.77,,,,,,,,,,,,,,,,,,,,,,,,8.77,-,,,,,,,,,,,,,,,,,,,,,,,,,-,-,,,,,,,,,,,,,,,,,,,,,,,,,
,04-22-2015,19:33:19, Lane 1 ,Fwd,FF,,190,2,67,,3,7.58,11.31,,,,,,,,,,,,,,,,,,,,,,,18.89,-,,,,,,,,,,,,,,,,,,,,,,,,,-,-,,,,,,,,,,,,,,,,,,,,,,,,,
,04-22-2015,19:33:48, Lane 1 ,Fwd,FF,,191,2,55,,2,9.65,,,,,,,,,,,,,,,,,,,,,,,,9.65,-,,,,,,,,,,,,,,,,,,,,,,,,,-,-,,,,,,,,,,,,,,,,,,,,,,,,,
,04-22-2015,19:33:49, Lane 1 ,Fwd,FF,,192,2,55,,2,9.04,,,,,,,,,,,,,,,,,,,,,,,,9.04,-,,,,,,,,,,,,,,,,,,,,,,,,,-,-,,,,,,,,,,,,,,,,,,,,,,,,,
,04-22-2015,19:34:07, Lane 1 ,Fwd,FF,,193,3,56,,2,11.26,,,,,,,,,,,,,,,,,,,,,,,,11.26,-,,,,,,,,,,,,,,,,,,,,,,,,,-,-,,,,,,,,,,,,,,,,,,,,,,,,,
,04-22-2015,19:34:10, Lane 1 ,Fwd,FF,,194,3,60,,2,11.04,,,,,,,,,,,,,,,,,,,,,,,,11.04,-,,,,,,,,,,,,,,,,,,,,,,,,,-,-,,,,,,,,,,,,,,,,,,,,,,,,,
,04-22-2015,19:34:16, Lane 1 ,Fwd,FF,,195,2,65,,2,8.76,,,,,,,,,,,,,,,,,,,,,,,,8.76,-,,,,,,,,,,,,,,,,,,,,,,,,,-,-,,,,,,,,,,,,,,,,,,,,,,,,,
,04-22-2015,19:35:01, Lane 1 ,Fwd,FF,,196,2,61,,2,8.51,,,,,,,,,,,,,,,,,,,,,,,,8.51,-,,,,,,,,,,,,,,,,,,,,,,,,,-,-,,,,,,,,,,,,,,,,,,,,,,,,,
,04-22-2015,19:35:08, Lane 1 ,Fwd,FF,,197,2,59,,2,8.64,,,,,,,,,,,,,,,,,,,,,,,,8.64,-,,,,,,,,,,,,,,,,,,,,,,,,,-,-,,,,,,,,,,,,,,,,,,,,,,,,,
,04-22-2015,19:35:25, Lane 1 ,Fwd,FF,,198,2,63,,2,8.98,,,,,,,,,,,,,,,,,,,,,,,,8.98,-,,,,,,,,,,,,,,,,,,,,,,,,,-,-,,,,,,,,,,,,,,,,,,,,,,,,,
,04-22-2015,19:35:35, Lane 1 ,Fwd,FF,,199,2,58,,2,8.91,,,,,,,,,,,,,,,,,,,,,,,,8.91,-,,,,,,,,,,,,,,,,,,,,,,,,,-,-,,,,,,,,,,,,,,,,,,,,,,,,,
,04-22-2015,19:35:48, Lane 1 ,Fwd,FF,,200,2,62,,2,8.75,,,,,,,,,,,,,,,,,,,,,,,,8.75,-,,,,,,,,,,,,,,,,,,,,,,,,,-,-,,,,,,,,,,,,,,,,,,,,,,,,,
,04-22-2015,19:36:08, Lane 1 ,Fwd,FF,,201,2,57,,2,8.39,,,,,,,,,,,,,,,,,,,,,,,,8.39,-,,,,,,,,,,,,,,,,,,,,,,,,,-,-,,,,,,,,,,,,,,,,,,,,,,,,,
,04-22-2015,19:36:10, Lane 1 ,Fwd,FF,,202,2,63,,2,9.51,,,,,,,,,,,,,,,,,,,,,,,,9.51,-,,,,,,,,,,,,,,,,,,,,,,,,,-,-,,,,,,,,,,,,,,,,,,,,,,,,,
,04-22-2015,19:36:28, Lane 1 ,Fwd,FF,,203,8,56,,3,11.51,21.19,,,,,,,,,,,,,,,,,,,,,,,32.70,-,,,,,,,,,,,,,,,,,,,,,,,,,-,-,,,,,,,,,,,,,,,,,,,,,,,,,
,04-22-2015,19:36:36, Lane 1 ,Fwd,FF,,204,3,62,,2,11.27,,,,,,,,,,,,,,,,,,,,,,,,11.27,-,,,,,,,,,,,,,,,,,,,,,,,,,-,-,,,,,,,,,,,,,,,,,,,,,,,,,
,04-22-2015,19:37:26, Lane 1 ,Fwd,FF,,205,3,56,,2,10.70,,,,,,,,,,,,,,,,,,,,,,,,10.70,-,,,,,,,,,,,,,,,,,,,,,,,,,-,-,,,,,,,,,,,,,,,,,,,,,,,,,
,04-22-2015,19:37:46, Lane 1 ,Fwd,FF,,206,3,49,,3,11.28,15.11,,,,,,,,,,,,,,,,,,,,,,,26.39,-,,,,,,,,,,,,,,,,,,,,,,,,,-,-,,,,,,,,,,,,,,,,,,,,,,,,,
,04-22-2015,19:38:02, Lane 1 ,Fwd,FF,,207,2,58,,2,9.11,,,,,,,,,,,,,,,,,,,,,,,,9.11,-,,,,,,,,,,,,,,,,,,,,,,,,,-,-,,,,,,,,,,,,,,,,,,,,,,,,,
,04-22-2015,19:38:06, Lane 1 ,Fwd,FF,,208,2,56,,2,8.44,,,,,,,,,,,,,,,,,,,,,,,,8.44,-,,,,,,,,,,,,,,,,,,,,,,,,,-,-,,,,,,,,,,,,,,,,,,,,,,,,,
,04-22-2015,19:38:08, Lane 1 ,Fwd,FF,,209,2,56,,2,8.63,,,,,,,,,,,,,,,,,,,,,,,,8.63,-,,,,,,,,,,,,,,,,,,,,,,,,,-,-,,,,,,,,,,,,,,,,,,,,,,,,,
,04-22-2015,19:38:19, Lane 1 ,Fwd,FF,,210,3,50,,2,10.31,,,,,,,,,,,,,,,,,,,,,,,,10.31,-,,,,,,,,,,,,,,,,,,,,,,,,,-,-,,,,,,,,,,,,,,,,,,,,,,,,,
,04-22-2015,19:38:21, Lane 1 ,Fwd,FF,,211,3,45,,2,11.80,,,,,,,,,,,,,,,,,,,,,,,,11.80,-,,,,,,,,,,,,,,,,,,,,,,,,,-,-,,,,,,,,,,,,,,,,,,,,,,,,,
,04-22-2015,19:38:28, Lane 1 ,Fwd,FF,,212,2,56,,2,8.90,,,,,,,,,,,,,,,,,,,,,,,,8.90,-,,,,,,,,,,,,,,,,,,,,,,,,,-,-,,,,,,,,,,,,,,,,,,,,,,,,,
,04-22-2015,19:38:31, Lane 1 ,Fwd,FF,,213,2,58,,2,9.60,,,,,,,,,,,,,,,,,,,,,,,,9.60,-,,,,,,,,,,,,,,,,,,,,,,,,,-,-,,,,,,,,,,,,,,,,,,,,,,,,,
,04-22-2015,19:38:33, Lane 1 ,Fwd,FF,,214,2,58,,2,8.94,,,,,,,,,,,,,,,,,,,,,,,,8.94,-,,,,,,,,,,,,,,,,,,,,,,,,,-,-,,,,,,,,,,,,,,,,,,,,,,,,,
,04-22-2015,19:38:45, Lane 1 ,Fwd,FF,,215,2,58,,2,8.85,,,,,,,,,,,,,,,,,,,,,,,,8.85,-,,,,,,,,,,,,,,,,,,,,,,,,,-,-,,,,,,,,,,,,,,,,,,,,,,,,,
,04-22-2015,19:38:55, Lane 1 ,Fwd,FF,,216,2,53,,2,8.44,,,,,,,,,,,,,,,,,,,,,,,,8.44,-,,,,,,,,,,,,,,,,,,,,,,,,,-,-,,,,,,,,,,,,,,,,,,,,,,,,,
,04-22-2015,19:39:00, Lane 1 ,Fwd,FF,,217,2,61,,2,8.44,,,,,,,,,,,,,,,,,,,,,,,,8.44,-,,,,,,,,,,,,,,,,,,,,,,,,,-,-,,,,,,,,,,,,,,,,,,,,,,,,,
,04-22-2015,19:39:03, Lane 1 ,Fwd,FF,,218,2,62,,2,8.39,,,,,,,,,,,,,,,,,,,,,,,,8.39,-,,,,,,,,,,,,,,,,,,,,,,,,,-,-,,,,,,,,,,,,,,,,,,,,,,,,,
,04-22-2015,19:39:08, Lane 1 ,Fwd,FF,,219,2,56,,2,8.44,,,,,,,,,,,,,,,,,,,,,,,,8.44,-,,,,,,,,,,,,,,,,,,,,,,,,,-,-,,,,,,,,,,,,,,,,,,,,,,,,,
,04-22-2015,19:39:11, Lane 1 ,Fwd,FF,,220,3,60,,2,11.03,,,,,,,,,,,,,,,,,,,,,,,,11.03,-,,,,,,,,,,,,,,,,,,,,,,,,,-,-,,,,,,,,,,,,,,,,,,,,,,,,,
,04-22-2015,19:39:26, Lane 1 ,Fwd,FF,,221,3,62,,2,11.73,,,,,,,,,,,,,,,,,,,,,,,,11.73,-,,,,,,,,,,,,,,,,,,,,,,,,,-,-,,,,,,,,,,,,,,,,,,,,,,,,,
,04-22-2015,19:39:33, Lane 1 ,Fwd,FF,,222,2,65,,2,9.05,,,,,,,,,,,,,,,,,,,,,,,,9.05,-,,,,,,,,,,,,,,,,,,,,,,,,,-,-,,,,,,,,,,,,,,,,,,,,,,,,,
,04-22-2015,19:40:05, Lane 1 ,Fwd,FF,,223,2,56,,2,8.20,,,,,,,,,,,,,,,,,,,,,,,,8.20,-,,,,,,,,,,,,,,,,,,,,,,,,,-,-,,,,,,,,,,,,,,,,,,,,,,,,,
,04-22-2015,19:40:07, Lane 1 ,Fwd,FF,,224,2,53,,2,9.46,,,,,,,,,,,,,,,,,,,,,,,,9.46,-,,,,,,,,,,,,,,,,,,,,,,,,,-,-,,,,,,,,,,,,,,,,,,,,,,,,,
,04-22-2015,19:40:27, Lane 1 ,Fwd,FF,,225,8,67,,3,11.71,18.34,,,,,,,,,,,,,,,,,,,,,,,30.05,-,,,,,,,,,,,,,,,,,,,,,,,,,-,-,,,,,,,,,,,,,,,,,,,,,,,,,
,04-22-2015,19:40:29, Lane 1 ,Fwd,FF,,226,2,66,,2,8.93,,,,,,,,,,,,,,,,,,,,,,,,8.93,-,,,,,,,,,,,,,,,,,,,,,,,,,-,-,,,,,,,,,,,,,,,,,,,,,,,,,
,04-22-2015,19:40:36, Lane 1 ,Fwd,FF,,227,2,71,,2,8.66,,,,,,,,,,,,,,,,,,,,,,,,8.66,-,,,,,,,,,,,,,,,,,,,,,,,,,-,-,,,,,,,,,,,,,,,,,,,,,,,,,
,04-22-2015,19:41:12, Lane 1 ,Fwd,FF,,228,2,55,,2,8.11,,,,,,,,,,,,,,,,,,,,,,,,8.11,-,,,,,,,,,,,,,,,,,,,,,,,,,-,-,,,,,,,,,,,,,,,,,,,,,,,,,
,04-22-2015,19:41:26, Lane 1 ,Fwd,FF,,229,2,62,,2,9.46,,,,,,,,,,,,,,,,,,,,,,,,9.46,-,,,,,,,,,,,,,,,,,,,,,,,,,-,-,,,,,,,,,,,,,,,,,,,,,,,,,
,04-22-2015,19:41:44, Lane 1 ,Fwd,FF,,230,2,62,,2,9.11,,,,,,,,,,,,,,,,,,,,,,,,9.11,-,,,,,,,,,,,,,,,,,,,,,,,,,-,-,,,,,,,,,,,,,,,,,,,,,,,,,
,04-22-2015,19:41:47, Lane 1 ,Fwd,FF,,231,2,67,,2,9.37,,,,,,,,,,,,,,,,,,,,,,,,9.37,-,,,,,,,,,,,,,,,,,,,,,,,,,-,-,,,,,,,,,,,,,,,,,,,,,,,,,
,04-22-2015,19:42:28, Lane 1 ,Fwd,FF,,232,2,58,,2,7.97,,,,,,,,,,,,,,,,,,,,,,,,7.97,-,,,,,,,,,,,,,,,,,,,,,,,,,-,-,,,,,,,,,,,,,,,,,,,,,,,,,
,04-22-2015,19:42:43, Lane 1 ,Fwd,FF,,233,3,56,,2,11.84,,,,,,,,,,,,,,,,,,,,,,,,11.84,-,,,,,,,,,,,,,,,,,,,,,,,,,-,-,,,,,,,,,,,,,,,,,,,,,,,,,
,04-22-2015,19:42:53, Lane 1 ,Fwd,FF,,234,2,58,,2,9.21,,,,,,,,,,,,,,,,,,,,,,,,9.21,-,,,,,,,,,,,,,,,,,,,,,,,,,-,-,,,,,,,,,,,,,,,,,,,,,,,,,
,04-22-2015,19:43:00, Lane 1 ,Fwd,FF,,235,2,58,,2,9.19,,,,,,,,,,,,,,,,,,,,,,,,9.19,-,,,,,,,,,,,,,,,,,,,,,,,,,-,-,,,,,,,,,,,,,,,,,,,,,,,,,
,04-22-2015,19:43:27, Lane 1 ,Fwd,FF,,236,2,55,,2,9.65,,,,,,,,,,,,,,,,,,,,,,,,9.65,-,,,,,,,,,,,,,,,,,,,,,,,,,-,-,,,,,,,,,,,,,,,,,,,,,,,,,
,04-22-2015,19:43:29, Lane 1 ,Fwd,FF,,237,3,55,,2,11.04,,,,,,,,,,,,,,,,,,,,,,,,11.04,-,,,,,,,,,,,,,,,,,,,,,,,,,-,-,,,,,,,,,,,,,,,,,,,,,,,,,
,04-22-2015,19:43:31, Lane 1 ,Fwd,FF,,238,2,56,,2,8.90,,,,,,,,,,,,,,,,,,,,,,,,8.90,-,,,,,,,,,,,,,,,,,,,,,,,,,-,-,,,,,,,,,,,,,,,,,,,,,,,,,
,04-22-2015,19:43:43, Lane 1 ,Fwd,FF,,239,2,55,,2,8.40,,,,,,,,,,,,,,,,,,,,,,,,8.40,-,,,,,,,,,,,,,,,,,,,,,,,,,-,-,,,,,,,,,,,,,,,,,,,,,,,,,
,04-22-2015,19:43:47, Lane 1 ,Fwd,FF,,240,2,58,,2,8.87,,,,,,,,,,,,,,,,,,,,,,,,8.87,-,,,,,,,,,,,,,,,,,,,,,,,,,-,-,,,,,,,,,,,,,,,,,,,,,,,,,
,04-22-2015,19:43:48, Lane 1 ,Fwd,FF,,241,3,64,,2,12.66,,,,,,,,,,,,,,,,,,,,,,,,12.66,-,,,,,,,,,,,,,,,,,,,,,,,,,-,-,,,,,,,,,,,,,,,,,,,,,,,,,
,04-22-2015,19:44:42, Lane 1 ,Fwd,FF,,242,2,52,,2,9.48,,,,,,,,,,,,,,,,,,,,,,,,9.48,-,,,,,,,,,,,,,,,,,,,,,,,,,-,-,,,,,,,,,,,,,,,,,,,,,,,,,
,04-22-2015,19:44:50, Lane 1 ,Fwd,FF,,243,2,60,,2,8.15,,,,,,,,,,,,,,,,,,,,,,,,8.15,-,,,,,,,,,,,,,,,,,,,,,,,,,-,-,,,,,,,,,,,,,,,,,,,,,,,,,
,04-22-2015,19:44:53, Lane 1 ,Fwd,FF,,244,2,60,,2,8.59,,,,,,,,,,,,,,,,,,,,,,,,8.59,-,,,,,,,,,,,,,,,,,,,,,,,,,-,-,,,,,,,,,,,,,,,,,,,,,,,,,
,04-22-2015,19:44:57, Lane 1 ,Fwd,FF,,245,2,62,,2,9.36,,,,,,,,,,,,,,,,,,,,,,,,9.36,-,,,,,,,,,,,,,,,,,,,,,,,,,-,-,,,,,,,,,,,,,,,,,,,,,,,,,
,04-22-2015,19:45:01, Lane 1 ,Fwd,FF,,246,2,68,,2,8.30,,,,,,,,,,,,,,,,,,,,,,,,8.30,-,,,,,,,,,,,,,,,,,,,,,,,,,-,-,,,,,,,,,,,,,,,,,,,,,,,,,
,04-22-2015,19:45:07, Lane 1 ,Fwd,FF,,247,2,68,,2,9.03,,,,,,,,,,,,,,,,,,,,,,,,9.03,-,,,,,,,,,,,,,,,,,,,,,,,,,-,-,,,,,,,,,,,,,,,,,,,,,,,,,
,04-22-2015,19:45:16, Lane 1 ,Fwd,FF,,248,2,57,,2,8.50,,,,,,,,,,,,,,,,,,,,,,,,8.50,-,,,,,,,,,,,,,,,,,,,,,,,,,-,-,,,,,,,,,,,,,,,,,,,,,,,,,
,04-22-2015,19:45:18, Lane 1 ,Fwd,FF,,249,2,59,,2,8.96,,,,,,,,,,,,,,,,,,,,,,,,8.96,-,,,,,,,,,,,,,,,,,,,,,,,,,-,-,,,,,,,,,,,,,,,,,,,,,,,,,
,04-22-2015,19:45:42, Lane 1 ,Fwd,FF,,250,2,61,,2,9.69,,,,,,,,,,,,,,,,,,,,,,,,9.69,-,,,,,,,,,,,,,,,,,,,,,,,,,-,-,,,,,,,,,,,,,,,,,,,,,,,,,
,04-22-2015,19:45:57, Lane 1 ,Fwd,FF,,251,2,58,,2,9.11,,,,,,,,,,,,,,,,,,,,,,,,9.11,-,,,,,,,,,,,,,,,,,,,,,,,,,-,-,,,,,,,,,,,,,,,,,,,,,,,,,
,04-22-2015,19:45:58, Lane 1 ,Fwd,FF,,252,2,60,,2,9.02,,,,,,,,,,,,,,,,,,,,,,,,9.02,-,,,,,,,,,,,,,,,,,,,,,,,,,-,-,,,,,,,,,,,,,,,,,,,,,,,,,
,04-22-2015,19:45:59, Lane 1 ,Fwd,FF,,253,2,59,,2,8.29,,,,,,,,,,,,,,,,,,,,,,,,8.29,-,,,,,,,,,,,,,,,,,,,,,,,,,-,-,,,,,,,,,,,,,,,,,,,,,,,,,
,04-22-2015,19:46:21, Lane 1 ,Fwd,FF,,254,3,70,,2,10.36,,,,,,,,,,,,,,,,,,,,,,,,10.36,-,,,,,,,,,,,,,,,,,,,,,,,,,-,-,,,,,,,,,,,,,,,,,,,,,,,,,
,04-22-2015,19:46:22, Lane 1 ,Fwd,FF,,255,2,67,,2,8.85,,,,,,,,,,,,,,,,,,,,,,,,8.85,-,,,,,,,,,,,,,,,,,,,,,,,,,-,-,,,,,,,,,,,,,,,,,,,,,,,,,
,04-22-2015,19:46:46, Lane 1 ,Fwd,FF,,256,2,63,,2,9.86,,,,,,,,,,,,,,,,,,,,,,,,9.86,-,,,,,,,,,,,,,,,,,,,,,,,,,-,-,,,,,,,,,,,,,,,,,,,,,,,,,
,04-22-2015,19:47:40, Lane 1 ,Fwd,FF,,257,2,65,,2,8.38,,,,,,,,,,,,,,,,,,,,,,,,8.38,-,,,,,,,,,,,,,,,,,,,,,,,,,-,-,,,,,,,,,,,,,,,,,,,,,,,,,
,04-22-2015,19:47:57, Lane 1 ,Fwd,FF,,258,3,63,,2,11.54,,,,,,,,,,,,,,,,,,,,,,,,11.54,-,,,,,,,,,,,,,,,,,,,,,,,,,-,-,,,,,,,,,,,,,,,,,,,,,,,,,
,04-22-2015,19:48:02, Lane 1 ,Fwd,FF,,259,3,61,,2,10.40,,,,,,,,,,,,,,,,,,,,,,,,10.40,-,,,,,,,,,,,,,,,,,,,,,,,,,-,-,,,,,,,,,,,,,,,,,,,,,,,,,
,04-22-2015,19:48:08, Lane 1 ,Fwd,FF,,260,2,58,,2,8.91,,,,,,,,,,,,,,,,,,,,,,,,8.91,-,,,,,,,,,,,,,,,,,,,,,,,,,-,-,,,,,,,,,,,,,,,,,,,,,,,,,
,04-22-2015,19:48:10, Lane 1 ,Fwd,FF,,261,2,57,,2,8.65,,,,,,,,,,,,,,,,,,,,,,,,8.65,-,,,,,,,,,,,,,,,,,,,,,,,,,-,-,,,,,,,,,,,,,,,,,,,,,,,,,
,04-22-2015,19:48:11, Lane 1 ,Fwd,FF,,262,2,58,,2,10.03,,,,,,,,,,,,,,,,,,,,,,,,10.03,-,,,,,,,,,,,,,,,,,,,,,,,,,-,-,,,,,,,,,,,,,,,,,,,,,,,,,
,04-22-2015,19:48:15, Lane 1 ,Fwd,FF,,263,2,56,,2,9.77,,,,,,,,,,,,,,,,,,,,,,,,9.77,-,,,,,,,,,,,,,,,,,,,,,,,,,-,-,,,,,,,,,,,,,,,,,,,,,,,,,
,04-22-2015,19:48:53, Lane 1 ,Fwd,FF,,264,3,59,,2,11.48,,,,,,,,,,,,,,,,,,,,,,,,11.48,-,,,,,,,,,,,,,,,,,,,,,,,,,-,-,,,,,,,,,,,,,,,,,,,,,,,,,
,04-22-2015,19:49:28, Lane 1 ,Fwd,FF,,265,2,60,,2,9.02,,,,,,,,,,,,,,,,,,,,,,,,9.02,-,,,,,,,,,,,,,,,,,,,,,,,,,-,-,,,,,,,,,,,,,,,,,,,,,,,,,
,04-22-2015,19:49:30, Lane 1 ,Fwd,FF,,266,3,61,,2,12.80,,,,,,,,,,,,,,,,,,,,,,,,12.80,-,,,,,,,,,,,,,,,,,,,,,,,,,-,-,,,,,,,,,,,,,,,,,,,,,,,,,
,04-22-2015,19:49:31, Lane 1 ,Fwd,FF,,267,2,62,,2,8.93,,,,,,,,,,,,,,,,,,,,,,,,8.93,-,,,,,,,,,,,,,,,,,,,,,,,,,-,-,,,,,,,,,,,,,,,,,,,,,,,,,
,04-22-2015,19:49:32, Lane 1 ,Fwd,FF,,268,2,60,,2,8.41,,,,,,,,,,,,,,,,,,,,,,,,8.41,-,,,,,,,,,,,,,,,,,,,,,,,,,-,-,,,,,,,,,,,,,,,,,,,,,,,,,
,04-22-2015,19:49:35, Lane 1 ,Fwd,FF,,269,2,59,,2,9.48,,,,,,,,,,,,,,,,,,,,,,,,9.48,-,,,,,,,,,,,,,,,,,,,,,,,,,-,-,,,,,,,,,,,,,,,,,,,,,,,,,
,04-22-2015,19:49:40, Lane 1 ,Fwd,FF,,270,2,56,,2,9.95,,,,,,,,,,,,,,,,,,,,,,,,9.95,-,,,,,,,,,,,,,,,,,,,,,,,,,-,-,,,,,,,,,,,,,,,,,,,,,,,,,
,04-22-2015,19:49:49, Lane 1 ,Fwd,FF,,271,3,58,,2,11.15,,,,,,,,,,,,,,,,,,,,,,,,11.15,-,,,,,,,,,,,,,,,,,,,,,,,,,-,-,,,,,,,,,,,,,,,,,,,,,,,,,
,04-22-2015,19:49:51, Lane 1 ,Fwd,FF,,272,2,60,,2,8.74,,,,,,,,,,,,,,,,,,,,,,,,8.74,-,,,,,,,,,,,,,,,,,,,,,,,,,-,-,,,,,,,,,,,,,,,,,,,,,,,,,
,04-22-2015,19:50:07, Lane 1 ,Fwd,FF,,273,2,60,,2,8.06,,,,,,,,,,,,,,,,,,,,,,,,8.06,-,,,,,,,,,,,,,,,,,,,,,,,,,-,-,,,,,,,,,,,,,,,,,,,,,,,,,
,04-22-2015,19:50:13, Lane 1 ,Fwd,FF,,274,2,56,,2,8.69,,,,,,,,,,,,,,,,,,,,,,,,8.69,-,,,,,,,,,,,,,,,,,,,,,,,,,-,-,,,,,,,,,,,,,,,,,,,,,,,,,
,04-22-2015,19:50:28, Lane 1 ,Fwd,FF,,275,2,54,,2,7.63,,,,,,,,,,,,,,,,,,,,,,,,7.63,-,,,,,,,,,,,,,,,,,,,,,,,,,-,-,,,,,,,,,,,,,,,,,,,,,,,,,
,04-22-2015,19:51:26, Lane 1 ,Fwd,FF,,276,2,56,,2,8.47,,,,,,,,,,,,,,,,,,,,,,,,8.47,-,,,,,,,,,,,,,,,,,,,,,,,,,-,-,,,,,,,,,,,,,,,,,,,,,,,,,
,04-22-2015,19:51:55, Lane 1 ,Fwd,FF,,277,2,66,,2,8.35,,,,,,,,,,,,,,,,,,,,,,,,8.35,-,,,,,,,,,,,,,,,,,,,,,,,,,-,-,,,,,,,,,,,,,,,,,,,,,,,,,
,04-22-2015,19:51:59, Lane 1 ,Fwd,FF,,278,2,60,,2,8.56,,,,,,,,,,,,,,,,,,,,,,,,8.56,-,,,,,,,,,,,,,,,,,,,,,,,,,-,-,,,,,,,,,,,,,,,,,,,,,,,,,
,04-22-2015,19:52:01, Lane 1 ,Fwd,FF,,279,2,56,,2,9.04,,,,,,,,,,,,,,,,,,,,,,,,9.04,-,,,,,,,,,,,,,,,,,,,,,,,,,-,-,,,,,,,,,,,,,,,,,,,,,,,,,
,04-22-2015,19:52:03, Lane 1 ,Fwd,FF,,280,3,55,,2,11.20,,,,,,,,,,,,,,,,,,,,,,,,11.20,-,,,,,,,,,,,,,,,,,,,,,,,,,-,-,,,,,,,,,,,,,,,,,,,,,,,,,
,04-22-2015,19:52:09, Lane 1 ,Fwd,FF,,281,2,53,,2,8.49,,,,,,,,,,,,,,,,,,,,,,,,8.49,-,,,,,,,,,,,,,,,,,,,,,,,,,-,-,,,,,,,,,,,,,,,,,,,,,,,,,
,04-22-2015,19:52:15, Lane 1 ,Fwd,FF,,282,2,53,,2,9.68,,,,,,,,,,,,,,,,,,,,,,,,9.68,-,,,,,,,,,,,,,,,,,,,,,,,,,-,-,,,,,,,,,,,,,,,,,,,,,,,,,
,04-22-2015,19:52:17, Lane 1 ,Fwd,FF,,283,2,54,,2,8.43,,,,,,,,,,,,,,,,,,,,,,,,8.43,-,,,,,,,,,,,,,,,,,,,,,,,,,-,-,,,,,,,,,,,,,,,,,,,,,,,,,
,04-22-2015,19:52:19, Lane 1 ,Fwd,FF,,284,2,58,,2,8.74,,,,,,,,,,,,,,,,,,,,,,,,8.74,-,,,,,,,,,,,,,,,,,,,,,,,,,-,-,,,,,,,,,,,,,,,,,,,,,,,,,
,04-22-2015,19:52:46, Lane 1 ,Fwd,FF,,285,2,52,,2,10.03,,,,,,,,,,,,,,,,,,,,,,,,10.03,-,,,,,,,,,,,,,,,,,,,,,,,,,-,-,,,,,,,,,,,,,,,,,,,,,,,,,
,04-22-2015,19:52:50, Lane 1 ,Fwd,FF,,286,8,56,,3,13.47,16.33,,,,,,,,,,,,,,,,,,,,,,,29.80,-,,,,,,,,,,,,,,,,,,,,,,,,,-,-,,,,,,,,,,,,,,,,,,,,,,,,,
,04-22-2015,19:52:51, Lane 1 ,Fwd,FF,,287,2,58,,2,8.87,,,,,,,,,,,,,,,,,,,,,,,,8.87,-,,,,,,,,,,,,,,,,,,,,,,,,,-,-,,,,,,,,,,,,,,,,,,,,,,,,,
,04-22-2015,19:52:53, Lane 1 ,Fwd,FF,,288,2,59,,2,9.76,,,,,,,,,,,,,,,,,,,,,,,,9.76,-,,,,,,,,,,,,,,,,,,,,,,,,,-,-,,,,,,,,,,,,,,,,,,,,,,,,,
,04-22-2015,19:52:56, Lane 1 ,Fwd,FF,,289,2,61,,2,9.16,,,,,,,,,,,,,,,,,,,,,,,,9.16,-,,,,,,,,,,,,,,,,,,,,,,,,,-,-,,,,,,,,,,,,,,,,,,,,,,,,,
,04-22-2015,19:54:04, Lane 1 ,Fwd,FF,,290,2,60,,2,9.46,,,,,,,,,,,,,,,,,,,,,,,,9.46,-,,,,,,,,,,,,,,,,,,,,,,,,,-,-,,,,,,,,,,,,,,,,,,,,,,,,,
,04-22-2015,19:54:24, Lane 1 ,Rev,FF,,291,3,65,,2,11.34,,,,,,,,,,,,,,,,,,,,,,,,11.34,-,,,,,,,,,,,,,,,,,,,,,,,,,-,-,,,,,,,,,,,,,,,,,,,,,,,,,
,04-22-2015,19:54:51, Lane 1 ,Fwd,FF,,292,2,54,,2,9.06,,,,,,,,,,,,,,,,,,,,,,,,9.06,-,,,,,,,,,,,,,,,,,,,,,,,,,-,-,,,,,,,,,,,,,,,,,,,,,,,,,
,04-22-2015,19:54:53, Lane 1 ,Fwd,FF,,293,2,56,,2,8.71,,,,,,,,,,,,,,,,,,,,,,,,8.71,-,,,,,,,,,,,,,,,,,,,,,,,,,-,-,,,,,,,,,,,,,,,,,,,,,,,,,
,04-22-2015,19:55:19, Lane 1 ,Fwd,FF,,294,3,63,,2,11.82,,,,,,,,,,,,,,,,,,,,,,,,11.82,-,,,,,,,,,,,,,,,,,,,,,,,,,-,-,,,,,,,,,,,,,,,,,,,,,,,,,
,04-22-2015,19:55:23, Lane 1 ,Fwd,FF,,295,2,62,,2,8.93,,,,,,,,,,,,,,,,,,,,,,,,8.93,-,,,,,,,,,,,,,,,,,,,,,,,,,-,-,,,,,,,,,,,,,,,,,,,,,,,,,
,04-22-2015,19:55:25, Lane 1 ,Fwd,FF,,296,2,61,,2,8.06,,,,,,,,,,,,,,,,,,,,,,,,8.06,-,,,,,,,,,,,,,,,,,,,,,,,,,-,-,,,,,,,,,,,,,,,,,,,,,,,,,
,04-22-2015,19:56:18, Lane 1 ,Fwd,FF,,297,3,60,,3,11.91,13.14,,,,,,,,,,,,,,,,,,,,,,,25.05,-,,,,,,,,,,,,,,,,,,,,,,,,,-,-,,,,,,,,,,,,,,,,,,,,,,,,,
,04-22-2015,19:56:36, Lane 1 ,Fwd,FF,,298,3,64,,2,10.50,,,,,,,,,,,,,,,,,,,,,,,,10.50,-,,,,,,,,,,,,,,,,,,,,,,,,,-,-,,,,,,,,,,,,,,,,,,,,,,,,,
,04-22-2015,19:56:52, Lane 1 ,Fwd,FF,,299,2,56,,2,8.44,,,,,,,,,,,,,,,,,,,,,,,,8.44,-,,,,,,,,,,,,,,,,,,,,,,,,,-,-,,,,,,,,,,,,,,,,,,,,,,,,,
,04-22-2015,19:57:09, Lane 1 ,Fwd,FF,,300,3,53,,2,11.31,,,,,,,,,,,,,,,,,,,,,,,,11.31,-,,,,,,,,,,,,,,,,,,,,,,,,,-,-,,,,,,,,,,,,,,,,,,,,,,,,,
,04-22-2015,19:57:40, Lane 1 ,Fwd,FF,,301,2,68,,2,8.63,,,,,,,,,,,,,,,,,,,,,,,,8.63,-,,,,,,,,,,,,,,,,,,,,,,,,,-,-,,,,,,,,,,,,,,,,,,,,,,,,,
,04-22-2015,19:57:43, Lane 1 ,Fwd,FF,,302,2,63,,2,9.90,,,,,,,,,,,,,,,,,,,,,,,,9.90,-,,,,,,,,,,,,,,,,,,,,,,,,,-,-,,,,,,,,,,,,,,,,,,,,,,,,,
,04-22-2015,19:57:45, Lane 1 ,Fwd,FF,,303,1,65,,2,5.14,,,,,,,,,,,,,,,,,,,,,,,,5.14,-,,,,,,,,,,,,,,,,,,,,,,,,,-,-,,,,,,,,,,,,,,,,,,,,,,,,,
,04-22-2015,19:57:53, Lane 1 ,Fwd,FF,,304,2,66,,2,9.41,,,,,,,,,,,,,,,,,,,,,,,,9.41,-,,,,,,,,,,,,,,,,,,,,,,,,,-,-,,,,,,,,,,,,,,,,,,,,,,,,,
,04-22-2015,19:58:24, Lane 1 ,Fwd,FF,,305,2,59,,2,8.00,,,,,,,,,,,,,,,,,,,,,,,,8.00,-,,,,,,,,,,,,,,,,,,,,,,,,,-,-,,,,,,,,,,,,,,,,,,,,,,,,,
,04-22-2015,19:58:42, Lane 1 ,Fwd,FF,,306,2,62,,2,9.00,,,,,,,,,,,,,,,,,,,,,,,,9.00,-,,,,,,,,,,,,,,,,,,,,,,,,,-,-,,,,,,,,,,,,,,,,,,,,,,,,,
,04-22-2015,19:58:57, Lane 1 ,Fwd,FF,,307,2,63,,2,9.03,,,,,,,,,,,,,,,,,,,,,,,,9.03,-,,,,,,,,,,,,,,,,,,,,,,,,,-,-,,,,,,,,,,,,,,,,,,,,,,,,,
,04-22-2015,19:59:00, Lane 1 ,Fwd,FF,,308,2,62,,2,8.55,,,,,,,,,,,,,,,,,,,,,,,,8.55,-,,,,,,,,,,,,,,,,,,,,,,,,,-,-,,,,,,,,,,,,,,,,,,,,,,,,,
,04-22-2015,19:59:03, Lane 1 ,Fwd,FF,,309,2,63,,2,9.71,,,,,,,,,,,,,,,,,,,,,,,,9.71,-,,,,,,,,,,,,,,,,,,,,,,,,,-,-,,,,,,,,,,,,,,,,,,,,,,,,,
,04-22-2015,19:59:11, Lane 1 ,Fwd,FF,,310,2,55,,2,9.16,,,,,,,,,,,,,,,,,,,,,,,,9.16,-,,,,,,,,,,,,,,,,,,,,,,,,,-,-,,,,,,,,,,,,,,,,,,,,,,,,,
,04-22-2015,19:59:13, Lane 1 ,Fwd,FF,,311,2,54,,2,8.90,,,,,,,,,,,,,,,,,,,,,,,,8.90,-,,,,,,,,,,,,,,,,,,,,,,,,,-,-,,,,,,,,,,,,,,,,,,,,,,,,,
,04-22-2015,19:59:15, Lane 1 ,Fwd,FF,,312,3,56,,2,11.76,,,,,,,,,,,,,,,,,,,,,,,,11.76,-,,,,,,,,,,,,,,,,,,,,,,,,,-,-,,,,,,,,,,,,,,,,,,,,,,,,,
,04-22-2015,19:59:48, Lane 1 ,Fwd,FF,,313,2,59,,2,8.72,,,,,,,,,,,,,,,,,,,,,,,,8.72,-,,,,,,,,,,,,,,,,,,,,,,,,,-,-,,,,,,,,,,,,,,,,,,,,,,,,,
,04-22-2015,19:59:53, Lane 1 ,Fwd,FF,,314,2,59,,2,8.89,,,,,,,,,,,,,,,,,,,,,,,,8.89,-,,,,,,,,,,,,,,,,,,,,,,,,,-,-,,,,,,,,,,,,,,,,,,,,,,,,,
,04-22-2015,19:59:57, Lane 1 ,Fwd,FF,,315,2,60,,2,8.85,,,,,,,,,,,,,,,,,,,,,,,,8.85,-,,,,,,,,,,,,,,,,,,,,,,,,,-,-,,,,,,,,,,,,,,,,,,,,,,,,,
,04-22-2015,20:00:06, Lane 1 ,Fwd,FF,,1,2,58,,2,9.69,,,,,,,,,,,,,,,,,,,,,,,,9.69,-,,,,,,,,,,,,,,,,,,,,,,,,,-,-,,,,,,,,,,,,,,,,,,,,,,,,,
,04-22-2015,20:00:15, Lane 1 ,Fwd,FF,,2,3,71,,2,10.44,,,,,,,,,,,,,,,,,,,,,,,,10.44,-,,,,,,,,,,,,,,,,,,,,,,,,,-,-,,,,,,,,,,,,,,,,,,,,,,,,,
,04-22-2015,20:00:19, Lane 1 ,Fwd,FF,,3,2,60,,2,8.67,,,,,,,,,,,,,,,,,,,,,,,,8.67,-,,,,,,,,,,,,,,,,,,,,,,,,,-,-,,,,,,,,,,,,,,,,,,,,,,,,,
,04-22-2015,20:00:23, Lane 1 ,Fwd,FF,,4,3,54,,2,10.90,,,,,,,,,,,,,,,,,,,,,,,,10.90,-,,,,,,,,,,,,,,,,,,,,,,,,,-,-,,,,,,,,,,,,,,,,,,,,,,,,,
,04-22-2015,20:00:51, Lane 1 ,Fwd,FF,,5,2,60,,2,9.27,,,,,,,,,,,,,,,,,,,,,,,,9.27,-,,,,,,,,,,,,,,,,,,,,,,,,,-,-,,,,,,,,,,,,,,,,,,,,,,,,,
,04-22-2015,20:00:53, Lane 1 ,Fwd,FF,,6,2,57,,2,8.73,,,,,,,,,,,,,,,,,,,,,,,,8.73,-,,,,,,,,,,,,,,,,,,,,,,,,,-,-,,,,,,,,,,,,,,,,,,,,,,,,,
,04-22-2015,20:00:54, Lane 1 ,Fwd,FF,,7,2,56,,2,8.36,,,,,,,,,,,,,,,,,,,,,,,,8.36,-,,,,,,,,,,,,,,,,,,,,,,,,,-,-,,,,,,,,,,,,,,,,,,,,,,,,,
,04-22-2015,20:01:11, Lane 1 ,Fwd,FF,,8,3,55,,2,10.87,,,,,,,,,,,,,,,,,,,,,,,,10.87,-,,,,,,,,,,,,,,,,,,,,,,,,,-,-,,,,,,,,,,,,,,,,,,,,,,,,,
,04-22-2015,20:01:35, Lane 1 ,Fwd,FF,,9,2,54,,2,8.92,,,,,,,,,,,,,,,,,,,,,,,,8.92,-,,,,,,,,,,,,,,,,,,,,,,,,,-,-,,,,,,,,,,,,,,,,,,,,,,,,,
,04-22-2015,20:01:37, Lane 1 ,Fwd,FF,,10,2,57,,4,8.65,39.69,8.56,,,,,,,,,,,,,,,,,,,,,,56.90,-,,,,,,,,,,,,,,,,,,,,,,,,,-,-,,,,,,,,,,,,,,,,,,,,,,,,,
,04-22-2015,20:02:01, Lane 1 ,Fwd,FF,,11,2,57,,2,8.92,,,,,,,,,,,,,,,,,,,,,,,,8.92,-,,,,,,,,,,,,,,,,,,,,,,,,,-,-,,,,,,,,,,,,,,,,,,,,,,,,,
,04-22-2015,20:02:03, Lane 1 ,Fwd,FF,,12,2,62,,2,9.91,,,,,,,,,,,,,,,,,,,,,,,,9.91,-,,,,,,,,,,,,,,,,,,,,,,,,,-,-,,,,,,,,,,,,,,,,,,,,,,,,,
,04-22-2015,20:02:05, Lane 1 ,Fwd,FF,,13,3,58,,2,11.40,,,,,,,,,,,,,,,,,,,,,,,,11.40,-,,,,,,,,,,,,,,,,,,,,,,,,,-,-,,,,,,,,,,,,,,,,,,,,,,,,,
,04-22-2015,20:02:15, Lane 1 ,Fwd,FF,,14,2,60,,2,10.06,,,,,,,,,,,,,,,,,,,,,,,,10.06,-,,,,,,,,,,,,,,,,,,,,,,,,,-,-,,,,,,,,,,,,,,,,,,,,,,,,,
,04-22-2015,20:02:18, Lane 1 ,Fwd,FF,,15,2,63,,2,10.08,,,,,,,,,,,,,,,,,,,,,,,,10.08,-,,,,,,,,,,,,,,,,,,,,,,,,,-,-,,,,,,,,,,,,,,,,,,,,,,,,,
,04-22-2015,20:02:27, Lane 1 ,Fwd,FF,,16,2,62,,2,9.74,,,,,,,,,,,,,,,,,,,,,,,,9.74,-,,,,,,,,,,,,,,,,,,,,,,,,,-,-,,,,,,,,,,,,,,,,,,,,,,,,,
,04-22-2015,20:02:28, Lane 1 ,Fwd,FF,,17,3,61,,2,11.29,,,,,,,,,,,,,,,,,,,,,,,,11.29,-,,,,,,,,,,,,,,,,,,,,,,,,,-,-,,,,,,,,,,,,,,,,,,,,,,,,,
,04-22-2015,20:03:17, Lane 1 ,Fwd,FF,,18,2,64,,2,9.00,,,,,,,,,,,,,,,,,,,,,,,,9.00,-,,,,,,,,,,,,,,,,,,,,,,,,,-,-,,,,,,,,,,,,,,,,,,,,,,,,,
,04-22-2015,20:03:30, Lane 1 ,Fwd,FF,,19,8,62,,4,14.80,4.42,12.81,,,,,,,,,,,,,,,,,,,,,,32.03,-,,,,,,,,,,,,,,,,,,,,,,,,,-,-,,,,,,,,,,,,,,,,,,,,,,,,,
,04-22-2015,20:03:55, Lane 1 ,Fwd,FF,,20,2,66,,2,9.03,,,,,,,,,,,,,,,,,,,,,,,,9.03,-,,,,,,,,,,,,,,,,,,,,,,,,,-,-,,,,,,,,,,,,,,,,,,,,,,,,,
,04-22-2015,20:04:35, Lane 1 ,Fwd,FF,,21,2,64,,2,8.53,,,,,,,,,,,,,,,,,,,,,,,,8.53,-,,,,,,,,,,,,,,,,,,,,,,,,,-,-,,,,,,,,,,,,,,,,,,,,,,,,,
,04-22-2015,20:05:05, Lane 1 ,Fwd,FF,,22,2,57,,2,8.67,,,,,,,,,,,,,,,,,,,,,,,,8.67,-,,,,,,,,,,,,,,,,,,,,,,,,,-,-,,,,,,,,,,,,,,,,,,,,,,,,,
,04-22-2015,20:05:06, Lane 1 ,Fwd,FF,,23,2,56,,2,8.96,,,,,,,,,,,,,,,,,,,,,,,,8.96,-,,,,,,,,,,,,,,,,,,,,,,,,,-,-,,,,,,,,,,,,,,,,,,,,,,,,,
,04-22-2015,20:05:56, Lane 1 ,Fwd,FF,,24,2,58,,2,8.23,,,,,,,,,,,,,,,,,,,,,,,,8.23,-,,,,,,,,,,,,,,,,,,,,,,,,,-,-,,,,,,,,,,,,,,,,,,,,,,,,,
,04-22-2015,20:05:58, Lane 1 ,Fwd,FF,,25,2,63,,2,9.05,,,,,,,,,,,,,,,,,,,,,,,,9.05,-,,,,,,,,,,,,,,,,,,,,,,,,,-,-,,,,,,,,,,,,,,,,,,,,,,,,,
,04-22-2015,20:06:22, Lane 1 ,Fwd,FF,,26,2,62,,2,8.55,,,,,,,,,,,,,,,,,,,,,,,,8.55,-,,,,,,,,,,,,,,,,,,,,,,,,,-,-,,,,,,,,,,,,,,,,,,,,,,,,,
,04-22-2015,20:06:37, Lane 1 ,Fwd,FF,,27,2,50,,2,9.72,,,,,,,,,,,,,,,,,,,,,,,,9.72,-,,,,,,,,,,,,,,,,,,,,,,,,,-,-,,,,,,,,,,,,,,,,,,,,,,,,,
,04-22-2015,20:06:43, Lane 1 ,Fwd,FF,,28,2,56,,2,9.35,,,,,,,,,,,,,,,,,,,,,,,,9.35,-,,,,,,,,,,,,,,,,,,,,,,,,,-,-,,,,,,,,,,,,,,,,,,,,,,,,,
,04-22-2015,20:06:45, Lane 1 ,Fwd,FF,,29,2,57,,2,8.73,,,,,,,,,,,,,,,,,,,,,,,,8.73,-,,,,,,,,,,,,,,,,,,,,,,,,,-,-,,,,,,,,,,,,,,,,,,,,,,,,,
,04-22-2015,20:06:55, Lane 1 ,Fwd,FF,,30,2,54,,2,9.73,,,,,,,,,,,,,,,,,,,,,,,,9.73,-,,,,,,,,,,,,,,,,,,,,,,,,,-,-,,,,,,,,,,,,,,,,,,,,,,,,,
,04-22-2015,20:06:57, Lane 1 ,Fwd,FF,,31,3,53,,2,10.23,,,,,,,,,,,,,,,,,,,,,,,,10.23,-,,,,,,,,,,,,,,,,,,,,,,,,,-,-,,,,,,,,,,,,,,,,,,,,,,,,,
,04-22-2015,20:07:07, Lane 1 ,Fwd,FF,,32,2,59,,2,9.67,,,,,,,,,,,,,,,,,,,,,,,,9.67,-,,,,,,,,,,,,,,,,,,,,,,,,,-,-,,,,,,,,,,,,,,,,,,,,,,,,,
,04-22-2015,20:07:08, Lane 1 ,Fwd,FF,,33,2,58,,2,8.40,,,,,,,,,,,,,,,,,,,,,,,,8.40,-,,,,,,,,,,,,,,,,,,,,,,,,,-,-,,,,,,,,,,,,,,,,,,,,,,,,,
,04-22-2015,20:07:34, Lane 1 ,Fwd,FF,,34,2,62,,2,9.11,,,,,,,,,,,,,,,,,,,,,,,,9.11,-,,,,,,,,,,,,,,,,,,,,,,,,,-,-,,,,,,,,,,,,,,,,,,,,,,,,,
,04-22-2015,20:07:44, Lane 1 ,Fwd,FF,,35,2,60,,2,9.11,,,,,,,,,,,,,,,,,,,,,,,,9.11,-,,,,,,,,,,,,,,,,,,,,,,,,,-,-,,,,,,,,,,,,,,,,,,,,,,,,,
,04-22-2015,20:07:48, Lane 1 ,Fwd,FF,,36,2,57,,2,8.92,,,,,,,,,,,,,,,,,,,,,,,,8.92,-,,,,,,,,,,,,,,,,,,,,,,,,,-,-,,,,,,,,,,,,,,,,,,,,,,,,,
,04-22-2015,20:07:53, Lane 1 ,Fwd,FF,,37,2,34,,2,8.44,,,,,,,,,,,,,,,,,,,,,,,,8.44,-,,,,,,,,,,,,,,,,,,,,,,,,,-,-,,,,,,,,,,,,,,,,,,,,,,,,,
,04-22-2015,20:07:59, Lane 1 ,Fwd,FF,,38,3,57,,2,11.41,,,,,,,,,,,,,,,,,,,,,,,,11.41,-,,,,,,,,,,,,,,,,,,,,,,,,,-,-,,,,,,,,,,,,,,,,,,,,,,,,,
,04-22-2015,20:08:18, Lane 1 ,Fwd,FF,,39,2,58,,2,9.72,,,,,,,,,,,,,,,,,,,,,,,,9.72,-,,,,,,,,,,,,,,,,,,,,,,,,,-,-,,,,,,,,,,,,,,,,,,,,,,,,,
,04-22-2015,20:08:31, Lane 1 ,Fwd,FF,,40,2,55,,2,9.68,,,,,,,,,,,,,,,,,,,,,,,,9.68,-,,,,,,,,,,,,,,,,,,,,,,,,,-,-,,,,,,,,,,,,,,,,,,,,,,,,,
,04-22-2015,20:08:44, Lane 1 ,Fwd,FF,,41,3,51,,2,12.89,,,,,,,,,,,,,,,,,,,,,,,,12.89,-,,,,,,,,,,,,,,,,,,,,,,,,,-,-,,,,,,,,,,,,,,,,,,,,,,,,,
,04-22-2015,20:08:46, Lane 1 ,Fwd,FF,,42,2,51,,2,8.70,,,,,,,,,,,,,,,,,,,,,,,,8.70,-,,,,,,,,,,,,,,,,,,,,,,,,,-,-,,,,,,,,,,,,,,,,,,,,,,,,,
,04-22-2015,20:08:47, Lane 1 ,Fwd,FF,,43,3,50,,2,11.27,,,,,,,,,,,,,,,,,,,,,,,,11.27,-,,,,,,,,,,,,,,,,,,,,,,,,,-,-,,,,,,,,,,,,,,,,,,,,,,,,,
,04-22-2015,20:08:49, Lane 1 ,Fwd,FF,,44,3,48,,2,11.22,,,,,,,,,,,,,,,,,,,,,,,,11.22,-,,,,,,,,,,,,,,,,,,,,,,,,,-,-,,,,,,,,,,,,,,,,,,,,,,,,,
,04-22-2015,20:08:53, Lane 1 ,Fwd,FF,,45,2,57,,2,8.67,,,,,,,,,,,,,,,,,,,,,,,,8.67,-,,,,,,,,,,,,,,,,,,,,,,,,,-,-,,,,,,,,,,,,,,,,,,,,,,,,,
,04-22-2015,20:09:17, Lane 1 ,Fwd,FF,,46,2,67,,2,8.68,,,,,,,,,,,,,,,,,,,,,,,,8.68,-,,,,,,,,,,,,,,,,,,,,,,,,,-,-,,,,,,,,,,,,,,,,,,,,,,,,,
,04-22-2015,20:09:28, Lane 1 ,Fwd,FF,,47,3,63,,2,11.81,,,,,,,,,,,,,,,,,,,,,,,,11.81,-,,,,,,,,,,,,,,,,,,,,,,,,,-,-,,,,,,,,,,,,,,,,,,,,,,,,,
,04-22-2015,20:09:34, Lane 1 ,Fwd,FF,,48,2,68,,2,9.72,,,,,,,,,,,,,,,,,,,,,,,,9.72,-,,,,,,,,,,,,,,,,,,,,,,,,,-,-,,,,,,,,,,,,,,,,,,,,,,,,,
,04-22-2015,20:10:02, Lane 1 ,Fwd,FF,,49,2,62,,2,9.11,,,,,,,,,,,,,,,,,,,,,,,,9.11,-,,,,,,,,,,,,,,,,,,,,,,,,,-,-,,,,,,,,,,,,,,,,,,,,,,,,,
,04-22-2015,20:10:22, Lane 1 ,Fwd,FF,,50,3,63,,2,10.25,,,,,,,,,,,,,,,,,,,,,,,,10.25,-,,,,,,,,,,,,,,,,,,,,,,,,,-,-,,,,,,,,,,,,,,,,,,,,,,,,,
,04-22-2015,20:11:20, Lane 1 ,Fwd,FF,,51,4,50,,2,21.57,,,,,,,,,,,,,,,,,,,,,,,,21.57,-,,,,,,,,,,,,,,,,,,,,,,,,,-,-,,,,,,,,,,,,,,,,,,,,,,,,,
,04-22-2015,20:11:21, Lane 1 ,Fwd,FF,,52,5,51,,2,14.39,,,,,,,,,,,,,,,,,,,,,,,,14.39,-,,,,,,,,,,,,,,,,,,,,,,,,,-,-,,,,,,,,,,,,,,,,,,,,,,,,,
,04-22-2015,20:11:23, Lane 1 ,Fwd,FF,,53,2,52,,2,9.13,,,,,,,,,,,,,,,,,,,,,,,,9.13,-,,,,,,,,,,,,,,,,,,,,,,,,,-,-,,,,,,,,,,,,,,,,,,,,,,,,,
,04-22-2015,20:11:25, Lane 1 ,Fwd,FF,,54,3,52,,2,10.40,,,,,,,,,,,,,,,,,,,,,,,,10.40,-,,,,,,,,,,,,,,,,,,,,,,,,,-,-,,,,,,,,,,,,,,,,,,,,,,,,,
,04-22-2015,20:11:27, Lane 1 ,Fwd,FF,,55,3,52,,2,11.24,,,,,,,,,,,,,,,,,,,,,,,,11.24,-,,,,,,,,,,,,,,,,,,,,,,,,,-,-,,,,,,,,,,,,,,,,,,,,,,,,,
,04-22-2015,20:11:28, Lane 1 ,Fwd,FF,,56,2,50,,2,9.22,,,,,,,,,,,,,,,,,,,,,,,,9.22,-,,,,,,,,,,,,,,,,,,,,,,,,,-,-,,,,,,,,,,,,,,,,,,,,,,,,,
,04-22-2015,20:12:06, Lane 1 ,Fwd,FF,,57,2,63,,2,9.23,,,,,,,,,,,,,,,,,,,,,,,,9.23,-,,,,,,,,,,,,,,,,,,,,,,,,,-,-,,,,,,,,,,,,,,,,,,,,,,,,,
,04-22-2015,20:12:20, Lane 1 ,Fwd,FF,,58,2,56,,2,8.24,,,,,,,,,,,,,,,,,,,,,,,,8.24,-,,,,,,,,,,,,,,,,,,,,,,,,,-,-,,,,,,,,,,,,,,,,,,,,,,,,,
,04-22-2015,20:12:23, Lane 1 ,Fwd,FF,,59,2,57,,2,9.42,,,,,,,,,,,,,,,,,,,,,,,,9.42,-,,,,,,,,,,,,,,,,,,,,,,,,,-,-,,,,,,,,,,,,,,,,,,,,,,,,,
,04-22-2015,20:12:46, Lane 1 ,Fwd,FF,,60,2,58,,2,9.69,,,,,,,,,,,,,,,,,,,,,,,,9.69,-,,,,,,,,,,,,,,,,,,,,,,,,,-,-,,,,,,,,,,,,,,,,,,,,,,,,,
,04-22-2015,20:12:59, Lane 1 ,Fwd,FF,,61,2,59,,2,9.05,,,,,,,,,,,,,,,,,,,,,,,,9.05,-,,,,,,,,,,,,,,,,,,,,,,,,,-,-,,,,,,,,,,,,,,,,,,,,,,,,,
,04-22-2015,20:13:01, Lane 1 ,Fwd,FF,,62,2,57,,2,8.98,,,,,,,,,,,,,,,,,,,,,,,,8.98,-,,,,,,,,,,,,,,,,,,,,,,,,,-,-,,,,,,,,,,,,,,,,,,,,,,,,,
,04-22-2015,20:13:07, Lane 1 ,Fwd,FF,,63,3,63,,2,10.72,,,,,,,,,,,,,,,,,,,,,,,,10.72,-,,,,,,,,,,,,,,,,,,,,,,,,,-,-,,,,,,,,,,,,,,,,,,,,,,,,,
,04-22-2015,20:13:13, Lane 1 ,Fwd,FF,,64,3,56,,2,10.35,,,,,,,,,,,,,,,,,,,,,,,,10.35,-,,,,,,,,,,,,,,,,,,,,,,,,,-,-,,,,,,,,,,,,,,,,,,,,,,,,,
,04-22-2015,20:13:14, Lane 1 ,Fwd,FF,,65,2,57,,2,8.67,,,,,,,,,,,,,,,,,,,,,,,,8.67,-,,,,,,,,,,,,,,,,,,,,,,,,,-,-,,,,,,,,,,,,,,,,,,,,,,,,,
,04-22-2015,20:13:32, Lane 1 ,Fwd,FF,,66,2,63,,2,8.86,,,,,,,,,,,,,,,,,,,,,,,,8.86,-,,,,,,,,,,,,,,,,,,,,,,,,,-,-,,,,,,,,,,,,,,,,,,,,,,,,,
,04-22-2015,20:13:58, Lane 1 ,Fwd,FF,,67,3,56,,2,10.68,,,,,,,,,,,,,,,,,,,,,,,,10.68,-,,,,,,,,,,,,,,,,,,,,,,,,,-,-,,,,,,,,,,,,,,,,,,,,,,,,,
,04-22-2015,20:14:54, Lane 1 ,Fwd,FF,,68,3,54,,2,10.82,,,,,,,,,,,,,,,,,,,,,,,,10.82,-,,,,,,,,,,,,,,,,,,,,,,,,,-,-,,,,,,,,,,,,,,,,,,,,,,,,,
,04-22-2015,20:15:01, Lane 1 ,Fwd,FF,,69,2,54,,2,8.63,,,,,,,,,,,,,,,,,,,,,,,,8.63,-,,,,,,,,,,,,,,,,,,,,,,,,,-,-,,,,,,,,,,,,,,,,,,,,,,,,,
,04-22-2015,20:15:02, Lane 1 ,Fwd,FF,,70,5,53,,2,13.69,,,,,,,,,,,,,,,,,,,,,,,,13.69,-,,,,,,,,,,,,,,,,,,,,,,,,,-,-,,,,,,,,,,,,,,,,,,,,,,,,,
,04-22-2015,20:15:34, Lane 1 ,Fwd,FF,,71,3,58,,2,10.80,,,,,,,,,,,,,,,,,,,,,,,,10.80,-,,,,,,,,,,,,,,,,,,,,,,,,,-,-,,,,,,,,,,,,,,,,,,,,,,,,,
,04-22-2015,20:15:50, Lane 1 ,Fwd,FF,,72,3,58,,2,11.07,,,,,,,,,,,,,,,,,,,,,,,,11.07,-,,,,,,,,,,,,,,,,,,,,,,,,,-,-,,,,,,,,,,,,,,,,,,,,,,,,,
,04-22-2015,20:15:51, Lane 1 ,Fwd,FF,,73,2,59,,2,8.96,,,,,,,,,,,,,,,,,,,,,,,,8.96,-,,,,,,,,,,,,,,,,,,,,,,,,,-,-,,,,,,,,,,,,,,,,,,,,,,,,,
,04-22-2015,20:16:31, Lane 1 ,Fwd,FF,,74,2,53,,2,8.81,,,,,,,,,,,,,,,,,,,,,,,,8.81,-,,,,,,,,,,,,,,,,,,,,,,,,,-,-,,,,,,,,,,,,,,,,,,,,,,,,,
,04-22-2015,20:16:41, Lane 1 ,Fwd,FF,,75,3,56,,2,11.51,,,,,,,,,,,,,,,,,,,,,,,,11.51,-,,,,,,,,,,,,,,,,,,,,,,,,,-,-,,,,,,,,,,,,,,,,,,,,,,,,,
,04-22-2015,20:16:43, Lane 1 ,Fwd,FF,,76,3,56,,2,10.77,,,,,,,,,,,,,,,,,,,,,,,,10.77,-,,,,,,,,,,,,,,,,,,,,,,,,,-,-,,,,,,,,,,,,,,,,,,,,,,,,,
,04-22-2015,20:16:50, Lane 1 ,Fwd,FF,,77,3,56,,2,11.26,,,,,,,,,,,,,,,,,,,,,,,,11.26,-,,,,,,,,,,,,,,,,,,,,,,,,,-,-,,,,,,,,,,,,,,,,,,,,,,,,,
,04-22-2015,20:16:52, Lane 1 ,Fwd,FF,,78,2,58,,3,8.60,12.09,,,,,,,,,,,,,,,,,,,,,,,20.69,-,,,,,,,,,,,,,,,,,,,,,,,,,-,-,,,,,,,,,,,,,,,,,,,,,,,,,
,04-22-2015,20:16:56, Lane 1 ,Fwd,FF,,79,2,65,,2,8.57,,,,,,,,,,,,,,,,,,,,,,,,8.57,-,,,,,,,,,,,,,,,,,,,,,,,,,-,-,,,,,,,,,,,,,,,,,,,,,,,,,
,04-22-2015,20:16:59, Lane 1 ,Fwd,FF,,80,3,66,,2,11.33,,,,,,,,,,,,,,,,,,,,,,,,11.33,-,,,,,,,,,,,,,,,,,,,,,,,,,-,-,,,,,,,,,,,,,,,,,,,,,,,,,
,04-22-2015,20:17:14, Lane 1 ,Fwd,FF,,81,2,57,,2,8.65,,,,,,,,,,,,,,,,,,,,,,,,8.65,-,,,,,,,,,,,,,,,,,,,,,,,,,-,-,,,,,,,,,,,,,,,,,,,,,,,,,
,04-22-2015,20:17:33, Lane 1 ,Fwd,FF,,82,2,59,,2,8.98,,,,,,,,,,,,,,,,,,,,,,,,8.98,-,,,,,,,,,,,,,,,,,,,,,,,,,-,-,,,,,,,,,,,,,,,,,,,,,,,,,
,04-22-2015,20:17:35, Lane 1 ,Fwd,FF,,83,3,61,,2,10.67,,,,,,,,,,,,,,,,,,,,,,,,10.67,-,,,,,,,,,,,,,,,,,,,,,,,,,-,-,,,,,,,,,,,,,,,,,,,,,,,,,
,04-22-2015,20:18:22, Lane 1 ,Fwd,FF,,84,2,58,,2,8.94,,,,,,,,,,,,,,,,,,,,,,,,8.94,-,,,,,,,,,,,,,,,,,,,,,,,,,-,-,,,,,,,,,,,,,,,,,,,,,,,,,
,04-22-2015,20:18:57, Lane 1 ,Fwd,FF,,85,3,62,,2,10.92,,,,,,,,,,,,,,,,,,,,,,,,10.92,-,,,,,,,,,,,,,,,,,,,,,,,,,-,-,,,,,,,,,,,,,,,,,,,,,,,,,
,04-22-2015,20:19:00, Lane 1 ,Fwd,FF,,86,3,58,,2,11.75,,,,,,,,,,,,,,,,,,,,,,,,11.75,-,,,,,,,,,,,,,,,,,,,,,,,,,-,-,,,,,,,,,,,,,,,,,,,,,,,,,
,04-22-2015,20:19:11, Lane 1 ,Fwd,FF,,87,2,64,,2,8.44,,,,,,,,,,,,,,,,,,,,,,,,8.44,-,,,,,,,,,,,,,,,,,,,,,,,,,-,-,,,,,,,,,,,,,,,,,,,,,,,,,
,04-22-2015,20:19:43, Lane 1 ,Fwd,FF,,88,2,60,,2,9.88,,,,,,,,,,,,,,,,,,,,,,,,9.88,-,,,,,,,,,,,,,,,,,,,,,,,,,-,-,,,,,,,,,,,,,,,,,,,,,,,,,
,04-22-2015,20:20:16, Lane 1 ,Fwd,FF,,89,3,51,,2,10.30,,,,,,,,,,,,,,,,,,,,,,,,10.30,-,,,,,,,,,,,,,,,,,,,,,,,,,-,-,,,,,,,,,,,,,,,,,,,,,,,,,
,04-22-2015,20:20:17, Lane 1 ,Fwd,FF,,90,3,50,,2,10.54,,,,,,,,,,,,,,,,,,,,,,,,10.54,-,,,,,,,,,,,,,,,,,,,,,,,,,-,-,,,,,,,,,,,,,,,,,,,,,,,,,
,04-22-2015,20:20:18, Lane 1 ,Fwd,FF,,91,2,49,,2,8.75,,,,,,,,,,,,,,,,,,,,,,,,8.75,-,,,,,,,,,,,,,,,,,,,,,,,,,-,-,,,,,,,,,,,,,,,,,,,,,,,,,
,04-22-2015,20:20:21, Lane 1 ,Fwd,FF,,92,2,62,,2,8.39,,,,,,,,,,,,,,,,,,,,,,,,8.39,-,,,,,,,,,,,,,,,,,,,,,,,,,-,-,,,,,,,,,,,,,,,,,,,,,,,,,
,04-22-2015,20:20:24, Lane 1 ,Fwd,FF,,93,2,62,,2,9.66,,,,,,,,,,,,,,,,,,,,,,,,9.66,-,,,,,,,,,,,,,,,,,,,,,,,,,-,-,,,,,,,,,,,,,,,,,,,,,,,,,
,04-22-2015,20:20:31, Lane 1 ,Fwd,FF,,94,2,56,,2,9.62,,,,,,,,,,,,,,,,,,,,,,,,9.62,-,,,,,,,,,,,,,,,,,,,,,,,,,-,-,,,,,,,,,,,,,,,,,,,,,,,,,
,04-22-2015,20:20:51, Lane 1 ,Fwd,FF,,95,5,66,,2,13.65,,,,,,,,,,,,,,,,,,,,,,,,13.65,-,,,,,,,,,,,,,,,,,,,,,,,,,-,-,,,,,,,,,,,,,,,,,,,,,,,,,
,04-22-2015,20:21:15, Lane 1 ,Fwd,FF,,96,2,59,,2,8.98,,,,,,,,,,,,,,,,,,,,,,,,8.98,-,,,,,,,,,,,,,,,,,,,,,,,,,-,-,,,,,,,,,,,,,,,,,,,,,,,,,
,04-22-2015,20:21:54, Lane 1 ,Fwd,FF,,97,2,55,,2,8.78,,,,,,,,,,,,,,,,,,,,,,,,8.78,-,,,,,,,,,,,,,,,,,,,,,,,,,-,-,,,,,,,,,,,,,,,,,,,,,,,,,
,04-22-2015,20:22:18, Lane 1 ,Fwd,FF,,98,2,59,,2,9.24,,,,,,,,,,,,,,,,,,,,,,,,9.24,-,,,,,,,,,,,,,,,,,,,,,,,,,-,-,,,,,,,,,,,,,,,,,,,,,,,,,
,04-22-2015,20:23:39, Lane 1 ,Fwd,FF,,99,3,63,,2,11.45,,,,,,,,,,,,,,,,,,,,,,,,11.45,-,,,,,,,,,,,,,,,,,,,,,,,,,-,-,,,,,,,,,,,,,,,,,,,,,,,,,
,04-22-2015,20:23:42, Lane 1 ,Fwd,FF,,100,2,64,,2,8.63,,,,,,,,,,,,,,,,,,,,,,,,8.63,-,,,,,,,,,,,,,,,,,,,,,,,,,-,-,,,,,,,,,,,,,,,,,,,,,,,,,
,04-22-2015,20:23:50, Lane 1 ,Fwd,FF,,101,2,61,,2,8.36,,,,,,,,,,,,,,,,,,,,,,,,8.36,-,,,,,,,,,,,,,,,,,,,,,,,,,-,-,,,,,,,,,,,,,,,,,,,,,,,,,
,04-22-2015,20:24:01, Lane 1 ,Fwd,FF,,102,3,56,,3,12.82,16.69,,,,,,,,,,,,,,,,,,,,,,,29.51,-,,,,,,,,,,,,,,,,,,,,,,,,,-,-,,,,,,,,,,,,,,,,,,,,,,,,,
,04-22-2015,20:24:03, Lane 1 ,Fwd,FF,,103,3,56,,2,10.29,,,,,,,,,,,,,,,,,,,,,,,,10.29,-,,,,,,,,,,,,,,,,,,,,,,,,,-,-,,,,,,,,,,,,,,,,,,,,,,,,,
,04-22-2015,20:24:04, Lane 1 ,Fwd,FF,,104,2,55,,2,8.64,,,,,,,,,,,,,,,,,,,,,,,,8.64,-,,,,,,,,,,,,,,,,,,,,,,,,,-,-,,,,,,,,,,,,,,,,,,,,,,,,,
,04-22-2015,20:24:10, Lane 1 ,Fwd,FF,,105,2,59,,2,8.98,,,,,,,,,,,,,,,,,,,,,,,,8.98,-,,,,,,,,,,,,,,,,,,,,,,,,,-,-,,,,,,,,,,,,,,,,,,,,,,,,,
,04-22-2015,20:24:48, Lane 1 ,Fwd,FF,,106,2,54,,2,7.74,,,,,,,,,,,,,,,,,,,,,,,,7.74,-,,,,,,,,,,,,,,,,,,,,,,,,,-,-,,,,,,,,,,,,,,,,,,,,,,,,,
,04-22-2015,20:24:51, Lane 1 ,Fwd,FF,,107,2,59,,2,9.83,,,,,,,,,,,,,,,,,,,,,,,,9.83,-,,,,,,,,,,,,,,,,,,,,,,,,,-,-,,,,,,,,,,,,,,,,,,,,,,,,,
,04-22-2015,20:24:53, Lane 1 ,Fwd,FF,,108,2,59,,2,9.05,,,,,,,,,,,,,,,,,,,,,,,,9.05,-,,,,,,,,,,,,,,,,,,,,,,,,,-,-,,,,,,,,,,,,,,,,,,,,,,,,,
,04-22-2015,20:25:06, Lane 1 ,Fwd,FF,,109,2,58,,2,8.37,,,,,,,,,,,,,,,,,,,,,,,,8.37,-,,,,,,,,,,,,,,,,,,,,,,,,,-,-,,,,,,,,,,,,,,,,,,,,,,,,,
,04-22-2015,20:25:30, Lane 1 ,Fwd,FF,,110,2,58,,2,8.77,,,,,,,,,,,,,,,,,,,,,,,,8.77,-,,,,,,,,,,,,,,,,,,,,,,,,,-,-,,,,,,,,,,,,,,,,,,,,,,,,,
,04-22-2015,20:25:33, Lane 1 ,Fwd,FF,,111,3,57,,2,11.33,,,,,,,,,,,,,,,,,,,,,,,,11.33,-,,,,,,,,,,,,,,,,,,,,,,,,,-,-,,,,,,,,,,,,,,,,,,,,,,,,,
,04-22-2015,20:26:01, Lane 1 ,Fwd,FF,,112,2,57,,2,8.75,,,,,,,,,,,,,,,,,,,,,,,,8.75,-,,,,,,,,,,,,,,,,,,,,,,,,,-,-,,,,,,,,,,,,,,,,,,,,,,,,,
,04-22-2015,20:26:31, Lane 1 ,Fwd,FF,,113,2,56,,2,9.87,,,,,,,,,,,,,,,,,,,,,,,,9.87,-,,,,,,,,,,,,,,,,,,,,,,,,,-,-,,,,,,,,,,,,,,,,,,,,,,,,,
,04-22-2015,20:26:32, Lane 1 ,Fwd,FF,,114,2,56,,2,8.96,,,,,,,,,,,,,,,,,,,,,,,,8.96,-,,,,,,,,,,,,,,,,,,,,,,,,,-,-,,,,,,,,,,,,,,,,,,,,,,,,,
,04-22-2015,20:26:51, Lane 1 ,Fwd,FF,,115,2,53,,2,8.88,,,,,,,,,,,,,,,,,,,,,,,,8.88,-,,,,,,,,,,,,,,,,,,,,,,,,,-,-,,,,,,,,,,,,,,,,,,,,,,,,,
,04-22-2015,20:26:55, Lane 1 ,Fwd,FF,,116,2,52,,2,9.71,,,,,,,,,,,,,,,,,,,,,,,,9.71,-,,,,,,,,,,,,,,,,,,,,,,,,,-,-,,,,,,,,,,,,,,,,,,,,,,,,,
,04-22-2015,20:26:57, Lane 1 ,Fwd,FF,,117,2,52,,2,8.48,,,,,,,,,,,,,,,,,,,,,,,,8.48,-,,,,,,,,,,,,,,,,,,,,,,,,,-,-,,,,,,,,,,,,,,,,,,,,,,,,,
,04-22-2015,20:26:58, Lane 1 ,Fwd,FF,,118,2,52,,2,8.51,,,,,,,,,,,,,,,,,,,,,,,,8.51,-,,,,,,,,,,,,,,,,,,,,,,,,,-,-,,,,,,,,,,,,,,,,,,,,,,,,,
,04-22-2015,20:27:21, Lane 1 ,Fwd,FF,,119,3,60,,2,10.34,,,,,,,,,,,,,,,,,,,,,,,,10.34,-,,,,,,,,,,,,,,,,,,,,,,,,,-,-,,,,,,,,,,,,,,,,,,,,,,,,,
,04-22-2015,20:27:24, Lane 1 ,Fwd,FF,,120,3,63,,3,10.99,15.11,,,,,,,,,,,,,,,,,,,,,,,26.10,-,,,,,,,,,,,,,,,,,,,,,,,,,-,-,,,,,,,,,,,,,,,,,,,,,,,,,
,04-22-2015,20:27:50, Lane 1 ,Fwd,FF,,121,1,62,,2,5.05,,,,,,,,,,,,,,,,,,,,,,,,5.05,-,,,,,,,,,,,,,,,,,,,,,,,,,-,-,,,,,,,,,,,,,,,,,,,,,,,,,
,04-22-2015,20:27:57, Lane 1 ,Fwd,FF,,122,2,60,,2,9.18,,,,,,,,,,,,,,,,,,,,,,,,9.18,-,,,,,,,,,,,,,,,,,,,,,,,,,-,-,,,,,,,,,,,,,,,,,,,,,,,,,
,04-22-2015,20:27:58, Lane 1 ,Fwd,FF,,123,2,64,,2,8.81,,,,,,,,,,,,,,,,,,,,,,,,8.81,-,,,,,,,,,,,,,,,,,,,,,,,,,-,-,,,,,,,,,,,,,,,,,,,,,,,,,
,04-22-2015,20:28:02, Lane 1 ,Fwd,FF,,124,2,59,,2,8.96,,,,,,,,,,,,,,,,,,,,,,,,8.96,-,,,,,,,,,,,,,,,,,,,,,,,,,-,-,,,,,,,,,,,,,,,,,,,,,,,,,
,04-22-2015,20:28:19, Lane 1 ,Fwd,FF,,125,2,58,,2,8.66,,,,,,,,,,,,,,,,,,,,,,,,8.66,-,,,,,,,,,,,,,,,,,,,,,,,,,-,-,,,,,,,,,,,,,,,,,,,,,,,,,
,04-22-2015,20:29:17, Lane 1 ,Fwd,FF,,126,2,58,,2,9.60,,,,,,,,,,,,,,,,,,,,,,,,9.60,-,,,,,,,,,,,,,,,,,,,,,,,,,-,-,,,,,,,,,,,,,,,,,,,,,,,,,
,04-22-2015,20:29:25, Lane 1 ,Fwd,FF,,127,2,63,,2,8.65,,,,,,,,,,,,,,,,,,,,,,,,8.65,-,,,,,,,,,,,,,,,,,,,,,,,,,-,-,,,,,,,,,,,,,,,,,,,,,,,,,
,04-22-2015,20:29:26, Lane 1 ,Fwd,FF,,128,2,63,,2,8.84,,,,,,,,,,,,,,,,,,,,,,,,8.84,-,,,,,,,,,,,,,,,,,,,,,,,,,-,-,,,,,,,,,,,,,,,,,,,,,,,,,
,04-22-2015,20:29:29, Lane 1 ,Fwd,FF,,129,2,61,,2,9.49,,,,,,,,,,,,,,,,,,,,,,,,9.49,-,,,,,,,,,,,,,,,,,,,,,,,,,-,-,,,,,,,,,,,,,,,,,,,,,,,,,
,04-22-2015,20:29:34, Lane 1 ,Fwd,FF,,130,2,58,,2,9.02,,,,,,,,,,,,,,,,,,,,,,,,9.02,-,,,,,,,,,,,,,,,,,,,,,,,,,-,-,,,,,,,,,,,,,,,,,,,,,,,,,
,04-22-2015,20:29:35, Lane 1 ,Fwd,FF,,131,2,56,,2,8.96,,,,,,,,,,,,,,,,,,,,,,,,8.96,-,,,,,,,,,,,,,,,,,,,,,,,,,-,-,,,,,,,,,,,,,,,,,,,,,,,,,
,04-22-2015,20:29:55, Lane 1 ,Fwd,FF,,132,2,62,,2,8.45,,,,,,,,,,,,,,,,,,,,,,,,8.45,-,,,,,,,,,,,,,,,,,,,,,,,,,-,-,,,,,,,,,,,,,,,,,,,,,,,,,
,04-22-2015,20:30:06, Lane 1 ,Fwd,FF,,133,2,60,,2,9.00,,,,,,,,,,,,,,,,,,,,,,,,9.00,-,,,,,,,,,,,,,,,,,,,,,,,,,-,-,,,,,,,,,,,,,,,,,,,,,,,,,
,04-22-2015,20:30:43, Lane 1 ,Fwd,FF,,134,3,53,,2,10.69,,,,,,,,,,,,,,,,,,,,,,,,10.69,-,,,,,,,,,,,,,,,,,,,,,,,,,-,-,,,,,,,,,,,,,,,,,,,,,,,,,
,04-22-2015,20:30:50, Lane 1 ,Fwd,FF,,135,3,58,,2,10.46,,,,,,,,,,,,,,,,,,,,,,,,10.46,-,,,,,,,,,,,,,,,,,,,,,,,,,-,-,,,,,,,,,,,,,,,,,,,,,,,,,
,04-22-2015,20:30:57, Lane 1 ,Fwd,FF,,136,2,55,,2,8.68,,,,,,,,,,,,,,,,,,,,,,,,8.68,-,,,,,,,,,,,,,,,,,,,,,,,,,-,-,,,,,,,,,,,,,,,,,,,,,,,,,
,04-22-2015,20:31:01, Lane 1 ,Fwd,FF,,137,3,58,,2,11.49,,,,,,,,,,,,,,,,,,,,,,,,11.49,-,,,,,,,,,,,,,,,,,,,,,,,,,-,-,,,,,,,,,,,,,,,,,,,,,,,,,
,04-22-2015,20:31:04, Lane 1 ,Fwd,FF,,138,2,58,,2,9.30,,,,,,,,,,,,,,,,,,,,,,,,9.30,-,,,,,,,,,,,,,,,,,,,,,,,,,-,-,,,,,,,,,,,,,,,,,,,,,,,,,
,04-22-2015,20:31:05, Lane 1 ,Fwd,FF,,139,2,57,,2,9.06,,,,,,,,,,,,,,,,,,,,,,,,9.06,-,,,,,,,,,,,,,,,,,,,,,,,,,-,-,,,,,,,,,,,,,,,,,,,,,,,,,
,04-22-2015,20:31:10, Lane 1 ,Fwd,FF,,140,2,59,,2,9.13,,,,,,,,,,,,,,,,,,,,,,,,9.13,-,,,,,,,,,,,,,,,,,,,,,,,,,-,-,,,,,,,,,,,,,,,,,,,,,,,,,
,04-22-2015,20:31:12, Lane 1 ,Fwd,FF,,141,2,60,,2,7.97,,,,,,,,,,,,,,,,,,,,,,,,7.97,-,,,,,,,,,,,,,,,,,,,,,,,,,-,-,,,,,,,,,,,,,,,,,,,,,,,,,
,04-22-2015,20:31:13, Lane 1 ,Fwd,FF,,142,1,56,,2,4.88,,,,,,,,,,,,,,,,,,,,,,,,4.88,-,,,,,,,,,,,,,,,,,,,,,,,,,-,-,,,,,,,,,,,,,,,,,,,,,,,,,
,04-22-2015,20:31:40, Lane 1 ,Fwd,FF,,143,2,59,,2,9.22,,,,,,,,,,,,,,,,,,,,,,,,9.22,-,,,,,,,,,,,,,,,,,,,,,,,,,-,-,,,,,,,,,,,,,,,,,,,,,,,,,
,04-22-2015,20:32:01, Lane 1 ,Fwd,FF,,144,2,60,,2,9.71,,,,,,,,,,,,,,,,,,,,,,,,9.71,-,,,,,,,,,,,,,,,,,,,,,,,,,-,-,,,,,,,,,,,,,,,,,,,,,,,,,
,04-22-2015,20:32:03, Lane 1 ,Fwd,FF,,145,2,57,,2,9.90,,,,,,,,,,,,,,,,,,,,,,,,9.90,-,,,,,,,,,,,,,,,,,,,,,,,,,-,-,,,,,,,,,,,,,,,,,,,,,,,,,
,04-22-2015,20:32:06, Lane 1 ,Fwd,FF,,146,2,56,,2,8.44,,,,,,,,,,,,,,,,,,,,,,,,8.44,-,,,,,,,,,,,,,,,,,,,,,,,,,-,-,,,,,,,,,,,,,,,,,,,,,,,,,
,04-22-2015,20:32:38, Lane 1 ,Fwd,FF,,147,3,59,,2,12.86,,,,,,,,,,,,,,,,,,,,,,,,12.86,-,,,,,,,,,,,,,,,,,,,,,,,,,-,-,,,,,,,,,,,,,,,,,,,,,,,,,
,04-22-2015,20:32:41, Lane 1 ,Fwd,FF,,148,2,61,,2,8.96,,,,,,,,,,,,,,,,,,,,,,,,8.96,-,,,,,,,,,,,,,,,,,,,,,,,,,-,-,,,,,,,,,,,,,,,,,,,,,,,,,
,04-22-2015,20:33:04, Lane 1 ,Fwd,FF,,149,2,59,,2,9.05,,,,,,,,,,,,,,,,,,,,,,,,9.05,-,,,,,,,,,,,,,,,,,,,,,,,,,-,-,,,,,,,,,,,,,,,,,,,,,,,,,
,04-22-2015,20:33:57, Lane 1 ,Fwd,FF,,150,3,63,,2,11.54,,,,,,,,,,,,,,,,,,,,,,,,11.54,-,,,,,,,,,,,,,,,,,,,,,,,,,-,-,,,,,,,,,,,,,,,,,,,,,,,,,
,04-22-2015,20:34:10, Lane 1 ,Fwd,FF,,151,2,63,,2,8.86,,,,,,,,,,,,,,,,,,,,,,,,8.86,-,,,,,,,,,,,,,,,,,,,,,,,,,-,-,,,,,,,,,,,,,,,,,,,,,,,,,
,04-22-2015,20:34:13, Lane 1 ,Fwd,FF,,152,2,67,,2,9.27,,,,,,,,,,,,,,,,,,,,,,,,9.27,-,,,,,,,,,,,,,,,,,,,,,,,,,-,-,,,,,,,,,,,,,,,,,,,,,,,,,
,04-22-2015,20:34:33, Lane 1 ,Fwd,FF,,153,2,54,,2,8.55,,,,,,,,,,,,,,,,,,,,,,,,8.55,-,,,,,,,,,,,,,,,,,,,,,,,,,-,-,,,,,,,,,,,,,,,,,,,,,,,,,
,04-22-2015,20:34:35, Lane 1 ,Fwd,FF,,154,2,51,,4,8.55,37.13,9.68,,,,,,,,,,,,,,,,,,,,,,55.36,-,,,,,,,,,,,,,,,,,,,,,,,,,-,-,,,,,,,,,,,,,,,,,,,,,,,,,
,04-22-2015,20:34:40, Lane 1 ,Fwd,FF,,155,2,63,,2,8.98,,,,,,,,,,,,,,,,,,,,,,,,8.98,-,,,,,,,,,,,,,,,,,,,,,,,,,-,-,,,,,,,,,,,,,,,,,,,,,,,,,
,04-22-2015,20:34:41, Lane 1 ,Fwd,FF,,156,2,62,,2,9.66,,,,,,,,,,,,,,,,,,,,,,,,9.66,-,,,,,,,,,,,,,,,,,,,,,,,,,-,-,,,,,,,,,,,,,,,,,,,,,,,,,
,04-22-2015,20:35:45, Lane 1 ,Fwd,FF,,157,2,59,,2,9.48,,,,,,,,,,,,,,,,,,,,,,,,9.48,-,,,,,,,,,,,,,,,,,,,,,,,,,-,-,,,,,,,,,,,,,,,,,,,,,,,,,
,04-22-2015,20:36:00, Lane 1 ,Fwd,FF,,158,2,59,,2,8.44,,,,,,,,,,,,,,,,,,,,,,,,8.44,-,,,,,,,,,,,,,,,,,,,,,,,,,-,-,,,,,,,,,,,,,,,,,,,,,,,,,
,04-22-2015,20:36:11, Lane 1 ,Fwd,FF,,159,2,68,,2,8.80,,,,,,,,,,,,,,,,,,,,,,,,8.80,-,,,,,,,,,,,,,,,,,,,,,,,,,-,-,,,,,,,,,,,,,,,,,,,,,,,,,
,04-22-2015,20:37:10, Lane 1 ,Fwd,FF,,160,2,58,,2,9.17,,,,,,,,,,,,,,,,,,,,,,,,9.17,-,,,,,,,,,,,,,,,,,,,,,,,,,-,-,,,,,,,,,,,,,,,,,,,,,,,,,
,04-22-2015,20:37:14, Lane 1 ,Fwd,FF,,161,2,55,,2,8.92,,,,,,,,,,,,,,,,,,,,,,,,8.92,-,,,,,,,,,,,,,,,,,,,,,,,,,-,-,,,,,,,,,,,,,,,,,,,,,,,,,
,04-22-2015,20:37:56, Lane 1 ,Fwd,FF,,162,2,66,,2,9.03,,,,,,,,,,,,,,,,,,,,,,,,9.03,-,,,,,,,,,,,,,,,,,,,,,,,,,-,-,,,,,,,,,,,,,,,,,,,,,,,,,
,04-22-2015,20:38:06, Lane 1 ,Fwd,FF,,163,3,59,,2,10.53,,,,,,,,,,,,,,,,,,,,,,,,10.53,-,,,,,,,,,,,,,,,,,,,,,,,,,-,-,,,,,,,,,,,,,,,,,,,,,,,,,
,04-22-2015,20:38:14, Lane 1 ,Fwd,FF,,164,2,58,,2,7.58,,,,,,,,,,,,,,,,,,,,,,,,7.58,-,,,,,,,,,,,,,,,,,,,,,,,,,-,-,,,,,,,,,,,,,,,,,,,,,,,,,
,04-22-2015,20:38:17, Lane 1 ,Fwd,FF,,165,2,59,,2,9.22,,,,,,,,,,,,,,,,,,,,,,,,9.22,-,,,,,,,,,,,,,,,,,,,,,,,,,-,-,,,,,,,,,,,,,,,,,,,,,,,,,
,04-22-2015,20:38:20, Lane 1 ,Fwd,FF,,166,2,61,,2,8.89,,,,,,,,,,,,,,,,,,,,,,,,8.89,-,,,,,,,,,,,,,,,,,,,,,,,,,-,-,,,,,,,,,,,,,,,,,,,,,,,,,
,04-22-2015,20:38:34, Lane 1 ,Fwd,FF,,167,2,61,,2,8.71,,,,,,,,,,,,,,,,,,,,,,,,8.71,-,,,,,,,,,,,,,,,,,,,,,,,,,-,-,,,,,,,,,,,,,,,,,,,,,,,,,
,04-22-2015,20:38:54, Lane 1 ,Fwd,FF,,168,2,54,,2,8.94,,,,,,,,,,,,,,,,,,,,,,,,8.94,-,,,,,,,,,,,,,,,,,,,,,,,,,-,-,,,,,,,,,,,,,,,,,,,,,,,,,
,04-22-2015,20:39:30, Lane 1 ,Fwd,FF,,169,2,60,,2,8.50,,,,,,,,,,,,,,,,,,,,,,,,8.50,-,,,,,,,,,,,,,,,,,,,,,,,,,-,-,,,,,,,,,,,,,,,,,,,,,,,,,
,04-22-2015,20:39:59, Lane 1 ,Fwd,FF,,170,2,66,,2,8.64,,,,,,,,,,,,,,,,,,,,,,,,8.64,-,,,,,,,,,,,,,,,,,,,,,,,,,-,-,,,,,,,,,,,,,,,,,,,,,,,,,
,04-22-2015,20:40:14, Lane 1 ,Fwd,FF,,171,2,57,,2,9.82,,,,,,,,,,,,,,,,,,,,,,,,9.82,-,,,,,,,,,,,,,,,,,,,,,,,,,-,-,,,,,,,,,,,,,,,,,,,,,,,,,
,04-22-2015,20:40:16, Lane 1 ,Fwd,FF,,172,2,58,,2,9.00,,,,,,,,,,,,,,,,,,,,,,,,9.00,-,,,,,,,,,,,,,,,,,,,,,,,,,-,-,,,,,,,,,,,,,,,,,,,,,,,,,
,04-22-2015,20:40:17, Lane 1 ,Fwd,FF,,173,2,58,,2,8.74,,,,,,,,,,,,,,,,,,,,,,,,8.74,-,,,,,,,,,,,,,,,,,,,,,,,,,-,-,,,,,,,,,,,,,,,,,,,,,,,,,
,04-22-2015,20:40:18, Lane 1 ,Fwd,FF,,174,2,59,,2,8.09,,,,,,,,,,,,,,,,,,,,,,,,8.09,-,,,,,,,,,,,,,,,,,,,,,,,,,-,-,,,,,,,,,,,,,,,,,,,,,,,,,
,04-22-2015,20:40:20, Lane 1 ,Fwd,FF,,175,2,61,,2,8.60,,,,,,,,,,,,,,,,,,,,,,,,8.60,-,,,,,,,,,,,,,,,,,,,,,,,,,-,-,,,,,,,,,,,,,,,,,,,,,,,,,
,04-22-2015,20:40:45, Lane 1 ,Fwd,FF,,176,2,55,,2,9.57,,,,,,,,,,,,,,,,,,,,,,,,9.57,-,,,,,,,,,,,,,,,,,,,,,,,,,-,-,,,,,,,,,,,,,,,,,,,,,,,,,
,04-22-2015,20:41:15, Lane 1 ,Fwd,FF,,177,2,54,,2,8.74,,,,,,,,,,,,,,,,,,,,,,,,8.74,-,,,,,,,,,,,,,,,,,,,,,,,,,-,-,,,,,,,,,,,,,,,,,,,,,,,,,
,04-22-2015,20:41:16, Lane 1 ,Fwd,FF,,178,2,54,,2,8.68,,,,,,,,,,,,,,,,,,,,,,,,8.68,-,,,,,,,,,,,,,,,,,,,,,,,,,-,-,,,,,,,,,,,,,,,,,,,,,,,,,
,04-22-2015,20:41:51, Lane 1 ,Fwd,FF,,179,3,59,,2,11.66,,,,,,,,,,,,,,,,,,,,,,,,11.66,-,,,,,,,,,,,,,,,,,,,,,,,,,-,-,,,,,,,,,,,,,,,,,,,,,,,,,
,04-22-2015,20:41:53, Lane 1 ,Fwd,FF,,180,2,61,,2,8.87,,,,,,,,,,,,,,,,,,,,,,,,8.87,-,,,,,,,,,,,,,,,,,,,,,,,,,-,-,,,,,,,,,,,,,,,,,,,,,,,,,
,04-22-2015,20:42:00, Lane 1 ,Fwd,FF,,181,2,61,,2,8.71,,,,,,,,,,,,,,,,,,,,,,,,8.71,-,,,,,,,,,,,,,,,,,,,,,,,,,-,-,,,,,,,,,,,,,,,,,,,,,,,,,
,04-22-2015,20:42:01, Lane 1 ,Fwd,FF,,182,5,61,,2,16.71,,,,,,,,,,,,,,,,,,,,,,,,16.71,-,,,,,,,,,,,,,,,,,,,,,,,,,-,-,,,,,,,,,,,,,,,,,,,,,,,,,
,04-22-2015,20:42:08, Lane 1 ,Fwd,FF,,183,2,72,,2,8.84,,,,,,,,,,,,,,,,,,,,,,,,8.84,-,,,,,,,,,,,,,,,,,,,,,,,,,-,-,,,,,,,,,,,,,,,,,,,,,,,,,
,04-22-2015,20:42:11, Lane 1 ,Fwd,FF,,184,2,67,,2,8.95,,,,,,,,,,,,,,,,,,,,,,,,8.95,-,,,,,,,,,,,,,,,,,,,,,,,,,-,-,,,,,,,,,,,,,,,,,,,,,,,,,
,04-22-2015,20:42:57, Lane 1 ,Fwd,FF,,185,3,58,,3,11.24,15.13,,,,,,,,,,,,,,,,,,,,,,,26.37,-,,,,,,,,,,,,,,,,,,,,,,,,,-,-,,,,,,,,,,,,,,,,,,,,,,,,,
,04-22-2015,20:43:01, Lane 1 ,Fwd,FF,,186,2,56,,2,8.44,,,,,,,,,,,,,,,,,,,,,,,,8.44,-,,,,,,,,,,,,,,,,,,,,,,,,,-,-,,,,,,,,,,,,,,,,,,,,,,,,,
,04-22-2015,20:43:13, Lane 1 ,Fwd,FF,,187,2,56,,2,9.60,,,,,,,,,,,,,,,,,,,,,,,,9.60,-,,,,,,,,,,,,,,,,,,,,,,,,,-,-,,,,,,,,,,,,,,,,,,,,,,,,,
,04-22-2015,20:44:13, Lane 1 ,Fwd,FF,,188,2,57,,2,9.25,,,,,,,,,,,,,,,,,,,,,,,,9.25,-,,,,,,,,,,,,,,,,,,,,,,,,,-,-,,,,,,,,,,,,,,,,,,,,,,,,,
,04-22-2015,20:44:14, Lane 1 ,Fwd,FF,,189,2,60,,2,9.35,,,,,,,,,,,,,,,,,,,,,,,,9.35,-,,,,,,,,,,,,,,,,,,,,,,,,,-,-,,,,,,,,,,,,,,,,,,,,,,,,,
,04-22-2015,20:44:54, Lane 1 ,Fwd,FF,,190,3,56,,2,11.26,,,,,,,,,,,,,,,,,,,,,,,,11.26,-,,,,,,,,,,,,,,,,,,,,,,,,,-,-,,,,,,,,,,,,,,,,,,,,,,,,,
,04-22-2015,20:45:20, Lane 1 ,Fwd,FF,,191,2,62,,2,8.39,,,,,,,,,,,,,,,,,,,,,,,,8.39,-,,,,,,,,,,,,,,,,,,,,,,,,,-,-,,,,,,,,,,,,,,,,,,,,,,,,,
,04-22-2015,20:45:34, Lane 1 ,Fwd,FF,,192,2,61,,2,9.13,,,,,,,,,,,,,,,,,,,,,,,,9.13,-,,,,,,,,,,,,,,,,,,,,,,,,,-,-,,,,,,,,,,,,,,,,,,,,,,,,,
,04-22-2015,20:45:57, Lane 1 ,Fwd,FF,,193,2,106,,2,9.66,,,,,,,,,,,,,,,,,,,,,,,,9.66,-,,,,,,,,,,,,,,,,,,,,,,,,,-,-,,,,,,,,,,,,,,,,,,,,,,,,,
,04-22-2015,20:46:33, Lane 1 ,Fwd,FF,,194,2,59,,2,9.74,,,,,,,,,,,,,,,,,,,,,,,,9.74,-,,,,,,,,,,,,,,,,,,,,,,,,,-,-,,,,,,,,,,,,,,,,,,,,,,,,,
,04-22-2015,20:46:58, Lane 1 ,Fwd,FF,,195,2,58,,2,9.28,,,,,,,,,,,,,,,,,,,,,,,,9.28,-,,,,,,,,,,,,,,,,,,,,,,,,,-,-,,,,,,,,,,,,,,,,,,,,,,,,,
,04-22-2015,20:47:01, Lane 1 ,Fwd,FF,,196,2,58,,2,9.09,,,,,,,,,,,,,,,,,,,,,,,,9.09,-,,,,,,,,,,,,,,,,,,,,,,,,,-,-,,,,,,,,,,,,,,,,,,,,,,,,,
,04-22-2015,20:47:03, Lane 1 ,Fwd,FF,,197,2,58,,2,8.20,,,,,,,,,,,,,,,,,,,,,,,,8.20,-,,,,,,,,,,,,,,,,,,,,,,,,,-,-,,,,,,,,,,,,,,,,,,,,,,,,,
,04-22-2015,20:47:09, Lane 1 ,Fwd,FF,,198,2,61,,2,8.69,,,,,,,,,,,,,,,,,,,,,,,,8.69,-,,,,,,,,,,,,,,,,,,,,,,,,,-,-,,,,,,,,,,,,,,,,,,,,,,,,,
,04-22-2015,20:47:40, Lane 1 ,Fwd,FF,,199,2,63,,2,8.68,,,,,,,,,,,,,,,,,,,,,,,,8.68,-,,,,,,,,,,,,,,,,,,,,,,,,,-,-,,,,,,,,,,,,,,,,,,,,,,,,,
,04-22-2015,20:47:44, Lane 1 ,Fwd,FF,,200,2,69,,2,8.87,,,,,,,,,,,,,,,,,,,,,,,,8.87,-,,,,,,,,,,,,,,,,,,,,,,,,,-,-,,,,,,,,,,,,,,,,,,,,,,,,,
,04-22-2015,20:48:42, Lane 1 ,Fwd,FF,,201,2,104,,2,9.88,,,,,,,,,,,,,,,,,,,,,,,,9.88,-,,,,,,,,,,,,,,,,,,,,,,,,,-,-,,,,,,,,,,,,,,,,,,,,,,,,,
,04-22-2015,20:48:59, Lane 1 ,Fwd,FF,,202,2,68,,2,9.80,,,,,,,,,,,,,,,,,,,,,,,,9.80,-,,,,,,,,,,,,,,,,,,,,,,,,,-,-,,,,,,,,,,,,,,,,,,,,,,,,,
,04-22-2015,20:49:02, Lane 1 ,Fwd,FF,,203,3,66,,2,11.91,,,,,,,,,,,,,,,,,,,,,,,,11.91,-,,,,,,,,,,,,,,,,,,,,,,,,,-,-,,,,,,,,,,,,,,,,,,,,,,,,,
,04-22-2015,20:49:34, Lane 1 ,Fwd,FF,,204,2,55,,2,8.22,,,,,,,,,,,,,,,,,,,,,,,,8.22,-,,,,,,,,,,,,,,,,,,,,,,,,,-,-,,,,,,,,,,,,,,,,,,,,,,,,,
,04-22-2015,20:50:23, Lane 1 ,Fwd,FF,,205,2,60,,2,9.46,,,,,,,,,,,,,,,,,,,,,,,,9.46,-,,,,,,,,,,,,,,,,,,,,,,,,,-,-,,,,,,,,,,,,,,,,,,,,,,,,,
,04-22-2015,20:50:59, Lane 1 ,Fwd,FF,,206,2,58,,2,9.02,,,,,,,,,,,,,,,,,,,,,,,,9.02,-,,,,,,,,,,,,,,,,,,,,,,,,,-,-,,,,,,,,,,,,,,,,,,,,,,,,,
,04-22-2015,20:51:50, Lane 1 ,Fwd,FF,,207,2,63,,2,8.46,,,,,,,,,,,,,,,,,,,,,,,,8.46,-,,,,,,,,,,,,,,,,,,,,,,,,,-,-,,,,,,,,,,,,,,,,,,,,,,,,,
,04-22-2015,20:51:53, Lane 1 ,Fwd,FF,,208,2,66,,2,9.31,,,,,,,,,,,,,,,,,,,,,,,,9.31,-,,,,,,,,,,,,,,,,,,,,,,,,,-,-,,,,,,,,,,,,,,,,,,,,,,,,,
,04-22-2015,20:52:14, Lane 1 ,Fwd,FF,,209,2,62,,2,9.20,,,,,,,,,,,,,,,,,,,,,,,,9.20,-,,,,,,,,,,,,,,,,,,,,,,,,,-,-,,,,,,,,,,,,,,,,,,,,,,,,,
,04-22-2015,20:52:47, Lane 1 ,Fwd,FF,,210,3,56,,2,11.75,,,,,,,,,,,,,,,,,,,,,,,,11.75,-,,,,,,,,,,,,,,,,,,,,,,,,,-,-,,,,,,,,,,,,,,,,,,,,,,,,,
,04-22-2015,20:52:52, Lane 1 ,Fwd,FF,,211,2,56,,2,8.39,,,,,,,,,,,,,,,,,,,,,,,,8.39,-,,,,,,,,,,,,,,,,,,,,,,,,,-,-,,,,,,,,,,,,,,,,,,,,,,,,,
,04-22-2015,20:52:55, Lane 1 ,Fwd,FF,,212,2,59,,2,9.06,,,,,,,,,,,,,,,,,,,,,,,,9.06,-,,,,,,,,,,,,,,,,,,,,,,,,,-,-,,,,,,,,,,,,,,,,,,,,,,,,,
,04-22-2015,20:53:51, Lane 1 ,Fwd,FF,,213,3,63,,2,11.45,,,,,,,,,,,,,,,,,,,,,,,,11.45,-,,,,,,,,,,,,,,,,,,,,,,,,,-,-,,,,,,,,,,,,,,,,,,,,,,,,,
,04-22-2015,20:54:19, Lane 1 ,Fwd,FF,,214,2,59,,2,8.70,,,,,,,,,,,,,,,,,,,,,,,,8.70,-,,,,,,,,,,,,,,,,,,,,,,,,,-,-,,,,,,,,,,,,,,,,,,,,,,,,,
,04-22-2015,20:54:48, Lane 1 ,Fwd,FF,,215,2,60,,2,9.44,,,,,,,,,,,,,,,,,,,,,,,,9.44,-,,,,,,,,,,,,,,,,,,,,,,,,,-,-,,,,,,,,,,,,,,,,,,,,,,,,,
,04-22-2015,20:54:49, Lane 1 ,Fwd,FF,,216,2,59,,2,8.96,,,,,,,,,,,,,,,,,,,,,,,,8.96,-,,,,,,,,,,,,,,,,,,,,,,,,,-,-,,,,,,,,,,,,,,,,,,,,,,,,,
,04-22-2015,20:55:22, Lane 1 ,Fwd,FF,,217,2,54,,2,8.35,,,,,,,,,,,,,,,,,,,,,,,,8.35,-,,,,,,,,,,,,,,,,,,,,,,,,,-,-,,,,,,,,,,,,,,,,,,,,,,,,,
,04-22-2015,20:55:29, Lane 1 ,Fwd,FF,,218,2,61,,2,8.96,,,,,,,,,,,,,,,,,,,,,,,,8.96,-,,,,,,,,,,,,,,,,,,,,,,,,,-,-,,,,,,,,,,,,,,,,,,,,,,,,,
,04-22-2015,20:55:30, Lane 1 ,Fwd,FF,,219,2,61,,2,9.23,,,,,,,,,,,,,,,,,,,,,,,,9.23,-,,,,,,,,,,,,,,,,,,,,,,,,,-,-,,,,,,,,,,,,,,,,,,,,,,,,,
,04-22-2015,20:55:46, Lane 1 ,Fwd,FF,,220,4,60,,2,20.65,,,,,,,,,,,,,,,,,,,,,,,,20.65,-,,,,,,,,,,,,,,,,,,,,,,,,,-,-,,,,,,,,,,,,,,,,,,,,,,,,,
,04-22-2015,20:56:19, Lane 1 ,Fwd,FF,,221,2,58,,2,10.13,,,,,,,,,,,,,,,,,,,,,,,,10.13,-,,,,,,,,,,,,,,,,,,,,,,,,,-,-,,,,,,,,,,,,,,,,,,,,,,,,,
,04-22-2015,20:57:08, Lane 1 ,Fwd,FF,,222,2,64,,2,8.72,,,,,,,,,,,,,,,,,,,,,,,,8.72,-,,,,,,,,,,,,,,,,,,,,,,,,,-,-,,,,,,,,,,,,,,,,,,,,,,,,,
,04-22-2015,20:57:31, Lane 1 ,Fwd,FF,,223,2,56,,2,9.12,,,,,,,,,,,,,,,,,,,,,,,,9.12,-,,,,,,,,,,,,,,,,,,,,,,,,,-,-,,,,,,,,,,,,,,,,,,,,,,,,,
,04-22-2015,20:57:34, Lane 1 ,Fwd,FF,,224,2,62,,2,9.82,,,,,,,,,,,,,,,,,,,,,,,,9.82,-,,,,,,,,,,,,,,,,,,,,,,,,,-,-,,,,,,,,,,,,,,,,,,,,,,,,,
,04-22-2015,20:57:57, Lane 1 ,Fwd,FF,,225,2,53,,2,8.98,,,,,,,,,,,,,,,,,,,,,,,,8.98,-,,,,,,,,,,,,,,,,,,,,,,,,,-,-,,,,,,,,,,,,,,,,,,,,,,,,,
,04-22-2015,20:58:14, Lane 1 ,Fwd,FF,,226,2,64,,2,9.64,,,,,,,,,,,,,,,,,,,,,,,,9.64,-,,,,,,,,,,,,,,,,,,,,,,,,,-,-,,,,,,,,,,,,,,,,,,,,,,,,,
,04-22-2015,20:58:37, Lane 1 ,Fwd,FF,,227,2,59,,2,9.48,,,,,,,,,,,,,,,,,,,,,,,,9.48,-,,,,,,,,,,,,,,,,,,,,,,,,,-,-,,,,,,,,,,,,,,,,,,,,,,,,,
,04-22-2015,20:59:07, Lane 1 ,Fwd,FF,,228,3,55,,2,11.52,,,,,,,,,,,,,,,,,,,,,,,,11.52,-,,,,,,,,,,,,,,,,,,,,,,,,,-,-,,,,,,,,,,,,,,,,,,,,,,,,,
,04-22-2015,20:59:24, Lane 1 ,Fwd,FF,,229,2,55,,2,8.35,,,,,,,,,,,,,,,,,,,,,,,,8.35,-,,,,,,,,,,,,,,,,,,,,,,,,,-,-,,,,,,,,,,,,,,,,,,,,,,,,,
,04-22-2015,20:59:27, Lane 1 ,Fwd,FF,,230,2,57,,2,8.50,,,,,,,,,,,,,,,,,,,,,,,,8.50,-,,,,,,,,,,,,,,,,,,,,,,,,,-,-,,,,,,,,,,,,,,,,,,,,,,,,,
,04-22-2015,20:59:30, Lane 1 ,Fwd,FF,,231,2,61,,2,9.07,,,,,,,,,,,,,,,,,,,,,,,,9.07,-,,,,,,,,,,,,,,,,,,,,,,,,,-,-,,,,,,,,,,,,,,,,,,,,,,,,,
,04-22-2015,20:59:32, Lane 1 ,Fwd,FF,,232,2,62,,2,9.09,,,,,,,,,,,,,,,,,,,,,,,,9.09,-,,,,,,,,,,,,,,,,,,,,,,,,,-,-,,,,,,,,,,,,,,,,,,,,,,,,,
,04-22-2015,20:59:36, Lane 1 ,Fwd,FF,,233,2,61,,2,9.67,,,,,,,,,,,,,,,,,,,,,,,,9.67,-,,,,,,,,,,,,,,,,,,,,,,,,,-,-,,,,,,,,,,,,,,,,,,,,,,,,,
,04-22-2015,20:59:55, Lane 1 ,Fwd,FF,,234,2,63,,2,8.98,,,,,,,,,,,,,,,,,,,,,,,,8.98,-,,,,,,,,,,,,,,,,,,,,,,,,,-,-,,,,,,,,,,,,,,,,,,,,,,,,,
,04-22-2015,21:00:01, Lane 1 ,Fwd,FF,,1,2,59,,2,9.74,,,,,,,,,,,,,,,,,,,,,,,,9.74,-,,,,,,,,,,,,,,,,,,,,,,,,,-,-,,,,,,,,,,,,,,,,,,,,,,,,,
,04-22-2015,21:00:37, Lane 1 ,Fwd,FF,,2,3,61,,2,11.47,,,,,,,,,,,,,,,,,,,,,,,,11.47,-,,,,,,,,,,,,,,,,,,,,,,,,,-,-,,,,,,,,,,,,,,,,,,,,,,,,,
,04-22-2015,21:01:06, Lane 1 ,Fwd,FF,,3,2,58,,2,9.00,,,,,,,,,,,,,,,,,,,,,,,,9.00,-,,,,,,,,,,,,,,,,,,,,,,,,,-,-,,,,,,,,,,,,,,,,,,,,,,,,,
,04-22-2015,21:01:38, Lane 1 ,Fwd,FF,,4,2,57,,2,9.48,,,,,,,,,,,,,,,,,,,,,,,,9.48,-,,,,,,,,,,,,,,,,,,,,,,,,,-,-,,,,,,,,,,,,,,,,,,,,,,,,,
,04-22-2015,21:01:40, Lane 1 ,Fwd,FF,,5,2,60,,2,8.65,,,,,,,,,,,,,,,,,,,,,,,,8.65,-,,,,,,,,,,,,,,,,,,,,,,,,,-,-,,,,,,,,,,,,,,,,,,,,,,,,,
,04-22-2015,21:01:44, Lane 1 ,Fwd,FF,,6,2,57,,2,8.75,,,,,,,,,,,,,,,,,,,,,,,,8.75,-,,,,,,,,,,,,,,,,,,,,,,,,,-,-,,,,,,,,,,,,,,,,,,,,,,,,,
,04-22-2015,21:01:46, Lane 1 ,Fwd,FF,,7,2,56,,2,8.71,,,,,,,,,,,,,,,,,,,,,,,,8.71,-,,,,,,,,,,,,,,,,,,,,,,,,,-,-,,,,,,,,,,,,,,,,,,,,,,,,,
,04-22-2015,21:01:59, Lane 1 ,Fwd,FF,,8,2,57,,2,8.67,,,,,,,,,,,,,,,,,,,,,,,,8.67,-,,,,,,,,,,,,,,,,,,,,,,,,,-,-,,,,,,,,,,,,,,,,,,,,,,,,,
,04-22-2015,21:02:26, Lane 1 ,Fwd,FF,,9,2,59,,2,9.67,,,,,,,,,,,,,,,,,,,,,,,,9.67,-,,,,,,,,,,,,,,,,,,,,,,,,,-,-,,,,,,,,,,,,,,,,,,,,,,,,,
,04-22-2015,21:02:28, Lane 1 ,Fwd,FF,,10,3,58,,2,10.46,,,,,,,,,,,,,,,,,,,,,,,,10.46,-,,,,,,,,,,,,,,,,,,,,,,,,,-,-,,,,,,,,,,,,,,,,,,,,,,,,,
,04-22-2015,21:02:38, Lane 1 ,Fwd,FF,,11,3,65,,2,11.81,,,,,,,,,,,,,,,,,,,,,,,,11.81,-,,,,,,,,,,,,,,,,,,,,,,,,,-,-,,,,,,,,,,,,,,,,,,,,,,,,,
,04-22-2015,21:04:32, Lane 1 ,Fwd,FF,,12,2,55,,2,8.51,,,,,,,,,,,,,,,,,,,,,,,,8.51,-,,,,,,,,,,,,,,,,,,,,,,,,,-,-,,,,,,,,,,,,,,,,,,,,,,,,,
,04-22-2015,21:04:33, Lane 1 ,Fwd,FF,,13,2,60,,2,9.46,,,,,,,,,,,,,,,,,,,,,,,,9.46,-,,,,,,,,,,,,,,,,,,,,,,,,,-,-,,,,,,,,,,,,,,,,,,,,,,,,,
,04-22-2015,21:04:40, Lane 1 ,Fwd,FF,,14,2,61,,2,8.27,,,,,,,,,,,,,,,,,,,,,,,,8.27,-,,,,,,,,,,,,,,,,,,,,,,,,,-,-,,,,,,,,,,,,,,,,,,,,,,,,,
,04-22-2015,21:04:50, Lane 1 ,Fwd,FF,,15,3,58,,2,12.86,,,,,,,,,,,,,,,,,,,,,,,,12.86,-,,,,,,,,,,,,,,,,,,,,,,,,,-,-,,,,,,,,,,,,,,,,,,,,,,,,,
,04-22-2015,21:06:21, Lane 1 ,Fwd,FF,,16,2,63,,2,10.05,,,,,,,,,,,,,,,,,,,,,,,,10.05,-,,,,,,,,,,,,,,,,,,,,,,,,,-,-,,,,,,,,,,,,,,,,,,,,,,,,,
,04-22-2015,21:06:23, Lane 1 ,Fwd,FF,,17,2,66,,2,8.74,,,,,,,,,,,,,,,,,,,,,,,,8.74,-,,,,,,,,,,,,,,,,,,,,,,,,,-,-,,,,,,,,,,,,,,,,,,,,,,,,,
,04-22-2015,21:06:25, Lane 1 ,Fwd,FF,,18,2,64,,2,9.17,,,,,,,,,,,,,,,,,,,,,,,,9.17,-,,,,,,,,,,,,,,,,,,,,,,,,,-,-,,,,,,,,,,,,,,,,,,,,,,,,,
,04-22-2015,21:06:27, Lane 1 ,Fwd,FF,,19,2,64,,2,9.64,,,,,,,,,,,,,,,,,,,,,,,,9.64,-,,,,,,,,,,,,,,,,,,,,,,,,,-,-,,,,,,,,,,,,,,,,,,,,,,,,,
,04-22-2015,21:06:36, Lane 1 ,Fwd,FF,,20,2,60,,2,8.23,,,,,,,,,,,,,,,,,,,,,,,,8.23,-,,,,,,,,,,,,,,,,,,,,,,,,,-,-,,,,,,,,,,,,,,,,,,,,,,,,,
,04-22-2015,21:06:39, Lane 1 ,Fwd,FF,,21,2,58,,2,7.95,,,,,,,,,,,,,,,,,,,,,,,,7.95,-,,,,,,,,,,,,,,,,,,,,,,,,,-,-,,,,,,,,,,,,,,,,,,,,,,,,,
,04-22-2015,21:07:01, Lane 1 ,Fwd,FF,,22,2,59,,2,9.24,,,,,,,,,,,,,,,,,,,,,,,,9.24,-,,,,,,,,,,,,,,,,,,,,,,,,,-,-,,,,,,,,,,,,,,,,,,,,,,,,,
,04-22-2015,21:07:11, Lane 1 ,Fwd,FF,,23,2,59,,2,9.93,,,,,,,,,,,,,,,,,,,,,,,,9.93,-,,,,,,,,,,,,,,,,,,,,,,,,,-,-,,,,,,,,,,,,,,,,,,,,,,,,,
,04-22-2015,21:07:53, Lane 1 ,Fwd,FF,,24,2,59,,2,9.65,,,,,,,,,,,,,,,,,,,,,,,,9.65,-,,,,,,,,,,,,,,,,,,,,,,,,,-,-,,,,,,,,,,,,,,,,,,,,,,,,,
,04-22-2015,21:07:55, Lane 1 ,Fwd,FF,,25,2,56,,2,8.69,,,,,,,,,,,,,,,,,,,,,,,,8.69,-,,,,,,,,,,,,,,,,,,,,,,,,,-,-,,,,,,,,,,,,,,,,,,,,,,,,,
,04-22-2015,21:08:38, Lane 1 ,Fwd,FF,,26,2,58,,2,8.62,,,,,,,,,,,,,,,,,,,,,,,,8.62,-,,,,,,,,,,,,,,,,,,,,,,,,,-,-,,,,,,,,,,,,,,,,,,,,,,,,,
,04-22-2015,21:09:08, Lane 1 ,Fwd,FF,,27,2,54,,2,8.92,,,,,,,,,,,,,,,,,,,,,,,,8.92,-,,,,,,,,,,,,,,,,,,,,,,,,,-,-,,,,,,,,,,,,,,,,,,,,,,,,,
,04-22-2015,21:09:14, Lane 1 ,Fwd,FF,,28,2,58,,3,13.02,12.34,,,,,,,,,,,,,,,,,,,,,,,25.36,-,,,,,,,,,,,,,,,,,,,,,,,,,-,-,,,,,,,,,,,,,,,,,,,,,,,,,
,04-22-2015,21:09:19, Lane 1 ,Fwd,FF,,29,3,62,,2,11.82,,,,,,,,,,,,,,,,,,,,,,,,11.82,-,,,,,,,,,,,,,,,,,,,,,,,,,-,-,,,,,,,,,,,,,,,,,,,,,,,,,
,04-22-2015,21:10:26, Lane 1 ,Fwd,FF,,30,1,56,,2,5.10,,,,,,,,,,,,,,,,,,,,,,,,5.10,-,,,,,,,,,,,,,,,,,,,,,,,,,-,-,,,,,,,,,,,,,,,,,,,,,,,,,
,04-22-2015,21:10:49, Lane 1 ,Fwd,FF,,31,2,55,,2,8.78,,,,,,,,,,,,,,,,,,,,,,,,8.78,-,,,,,,,,,,,,,,,,,,,,,,,,,-,-,,,,,,,,,,,,,,,,,,,,,,,,,
,04-22-2015,21:11:00, Lane 1 ,Fwd,FF,,32,2,63,,2,8.80,,,,,,,,,,,,,,,,,,,,,,,,8.80,-,,,,,,,,,,,,,,,,,,,,,,,,,-,-,,,,,,,,,,,,,,,,,,,,,,,,,
,04-22-2015,21:11:01, Lane 1 ,Fwd,FF,,33,2,59,,2,8.87,,,,,,,,,,,,,,,,,,,,,,,,8.87,-,,,,,,,,,,,,,,,,,,,,,,,,,-,-,,,,,,,,,,,,,,,,,,,,,,,,,
,04-22-2015,21:11:44, Lane 1 ,Fwd,FF,,34,2,53,,2,8.39,,,,,,,,,,,,,,,,,,,,,,,,8.39,-,,,,,,,,,,,,,,,,,,,,,,,,,-,-,,,,,,,,,,,,,,,,,,,,,,,,,
,04-22-2015,21:12:35, Lane 1 ,Fwd,FF,,35,2,62,,2,9.36,,,,,,,,,,,,,,,,,,,,,,,,9.36,-,,,,,,,,,,,,,,,,,,,,,,,,,-,-,,,,,,,,,,,,,,,,,,,,,,,,,
,04-22-2015,21:12:36, Lane 1 ,Fwd,FF,,36,2,63,,2,8.70,,,,,,,,,,,,,,,,,,,,,,,,8.70,-,,,,,,,,,,,,,,,,,,,,,,,,,-,-,,,,,,,,,,,,,,,,,,,,,,,,,
,04-22-2015,21:12:37, Lane 1 ,Fwd,FF,,37,2,63,,2,9.14,,,,,,,,,,,,,,,,,,,,,,,,9.14,-,,,,,,,,,,,,,,,,,,,,,,,,,-,-,,,,,,,,,,,,,,,,,,,,,,,,,
,04-22-2015,21:12:46, Lane 1 ,Fwd,FF,,38,2,56,,2,8.41,,,,,,,,,,,,,,,,,,,,,,,,8.41,-,,,,,,,,,,,,,,,,,,,,,,,,,-,-,,,,,,,,,,,,,,,,,,,,,,,,,
,04-22-2015,21:12:57, Lane 1 ,Fwd,FF,,39,2,55,,2,8.46,,,,,,,,,,,,,,,,,,,,,,,,8.46,-,,,,,,,,,,,,,,,,,,,,,,,,,-,-,,,,,,,,,,,,,,,,,,,,,,,,,
,04-22-2015,21:13:16, Lane 1 ,Fwd,FF,,40,1,61,,2,5.16,,,,,,,,,,,,,,,,,,,,,,,,5.16,-,,,,,,,,,,,,,,,,,,,,,,,,,-,-,,,,,,,,,,,,,,,,,,,,,,,,,
,04-22-2015,21:13:48, Lane 1 ,Fwd,FF,,41,3,55,,2,11.84,,,,,,,,,,,,,,,,,,,,,,,,11.84,-,,,,,,,,,,,,,,,,,,,,,,,,,-,-,,,,,,,,,,,,,,,,,,,,,,,,,
,04-22-2015,21:13:49, Lane 1 ,Fwd,FF,,42,2,57,,2,8.50,,,,,,,,,,,,,,,,,,,,,,,,8.50,-,,,,,,,,,,,,,,,,,,,,,,,,,-,-,,,,,,,,,,,,,,,,,,,,,,,,,
,04-22-2015,21:13:57, Lane 1 ,Fwd,FF,,43,2,55,,2,8.94,,,,,,,,,,,,,,,,,,,,,,,,8.94,-,,,,,,,,,,,,,,,,,,,,,,,,,-,-,,,,,,,,,,,,,,,,,,,,,,,,,
,04-22-2015,21:14:21, Lane 1 ,Fwd,FF,,44,2,63,,2,8.89,,,,,,,,,,,,,,,,,,,,,,,,8.89,-,,,,,,,,,,,,,,,,,,,,,,,,,-,-,,,,,,,,,,,,,,,,,,,,,,,,,
,04-22-2015,21:14:34, Lane 1 ,Fwd,FF,,45,2,61,,2,8.53,,,,,,,,,,,,,,,,,,,,,,,,8.53,-,,,,,,,,,,,,,,,,,,,,,,,,,-,-,,,,,,,,,,,,,,,,,,,,,,,,,
,04-22-2015,21:14:48, Lane 1 ,Fwd,FF,,46,2,59,,2,9.15,,,,,,,,,,,,,,,,,,,,,,,,9.15,-,,,,,,,,,,,,,,,,,,,,,,,,,-,-,,,,,,,,,,,,,,,,,,,,,,,,,
,04-22-2015,21:15:00, Lane 1 ,Fwd,FF,,47,2,65,,2,8.86,,,,,,,,,,,,,,,,,,,,,,,,8.86,-,,,,,,,,,,,,,,,,,,,,,,,,,-,-,,,,,,,,,,,,,,,,,,,,,,,,,
,04-22-2015,21:15:05, Lane 1 ,Fwd,FF,,48,2,64,,2,8.60,,,,,,,,,,,,,,,,,,,,,,,,8.60,-,,,,,,,,,,,,,,,,,,,,,,,,,-,-,,,,,,,,,,,,,,,,,,,,,,,,,
,04-22-2015,21:15:27, Lane 1 ,Fwd,FF,,49,2,53,,2,9.21,,,,,,,,,,,,,,,,,,,,,,,,9.21,-,,,,,,,,,,,,,,,,,,,,,,,,,-,-,,,,,,,,,,,,,,,,,,,,,,,,,
,04-22-2015,21:15:37, Lane 1 ,Fwd,FF,,50,2,59,,2,8.46,,,,,,,,,,,,,,,,,,,,,,,,8.46,-,,,,,,,,,,,,,,,,,,,,,,,,,-,-,,,,,,,,,,,,,,,,,,,,,,,,,
,04-22-2015,21:15:43, Lane 1 ,Fwd,FF,,51,2,58,,2,9.87,,,,,,,,,,,,,,,,,,,,,,,,9.87,-,,,,,,,,,,,,,,,,,,,,,,,,,-,-,,,,,,,,,,,,,,,,,,,,,,,,,
,04-22-2015,21:16:12, Lane 1 ,Fwd,FF,,52,3,62,,2,10.65,,,,,,,,,,,,,,,,,,,,,,,,10.65,-,,,,,,,,,,,,,,,,,,,,,,,,,-,-,,,,,,,,,,,,,,,,,,,,,,,,,
,04-22-2015,21:16:43, Lane 1 ,Fwd,FF,,53,3,63,,2,12.64,,,,,,,,,,,,,,,,,,,,,,,,12.64,-,,,,,,,,,,,,,,,,,,,,,,,,,-,-,,,,,,,,,,,,,,,,,,,,,,,,,
,04-22-2015,21:16:44, Lane 1 ,Fwd,FF,,54,3,63,,2,11.82,,,,,,,,,,,,,,,,,,,,,,,,11.82,-,,,,,,,,,,,,,,,,,,,,,,,,,-,-,,,,,,,,,,,,,,,,,,,,,,,,,
,04-22-2015,21:17:19, Lane 1 ,Fwd,FF,,55,2,62,,2,9.18,,,,,,,,,,,,,,,,,,,,,,,,9.18,-,,,,,,,,,,,,,,,,,,,,,,,,,-,-,,,,,,,,,,,,,,,,,,,,,,,,,
,04-22-2015,21:17:39, Lane 1 ,Fwd,FF,,56,2,62,,2,8.66,,,,,,,,,,,,,,,,,,,,,,,,8.66,-,,,,,,,,,,,,,,,,,,,,,,,,,-,-,,,,,,,,,,,,,,,,,,,,,,,,,
,04-22-2015,21:18:12, Lane 1 ,Fwd,FF,,57,2,61,,2,9.94,,,,,,,,,,,,,,,,,,,,,,,,9.94,-,,,,,,,,,,,,,,,,,,,,,,,,,-,-,,,,,,,,,,,,,,,,,,,,,,,,,
,04-22-2015,21:19:01, Lane 1 ,Fwd,FF,,58,2,65,,2,9.24,,,,,,,,,,,,,,,,,,,,,,,,9.24,-,,,,,,,,,,,,,,,,,,,,,,,,,-,-,,,,,,,,,,,,,,,,,,,,,,,,,
,04-22-2015,21:19:02, Lane 1 ,Fwd,FF,,59,2,63,,2,8.95,,,,,,,,,,,,,,,,,,,,,,,,8.95,-,,,,,,,,,,,,,,,,,,,,,,,,,-,-,,,,,,,,,,,,,,,,,,,,,,,,,
,04-22-2015,21:20:35, Lane 1 ,Fwd,FF,,60,2,64,,2,9.56,,,,,,,,,,,,,,,,,,,,,,,,9.56,-,,,,,,,,,,,,,,,,,,,,,,,,,-,-,,,,,,,,,,,,,,,,,,,,,,,,,
,04-22-2015,21:20:43, Lane 1 ,Fwd,FF,,61,2,60,,2,8.85,,,,,,,,,,,,,,,,,,,,,,,,8.85,-,,,,,,,,,,,,,,,,,,,,,,,,,-,-,,,,,,,,,,,,,,,,,,,,,,,,,
,04-22-2015,21:21:14, Lane 1 ,Fwd,FF,,62,3,59,,2,11.83,,,,,,,,,,,,,,,,,,,,,,,,11.83,-,,,,,,,,,,,,,,,,,,,,,,,,,-,-,,,,,,,,,,,,,,,,,,,,,,,,,
,04-22-2015,21:21:29, Lane 1 ,Fwd,FF,,63,2,68,,2,8.40,,,,,,,,,,,,,,,,,,,,,,,,8.40,-,,,,,,,,,,,,,,,,,,,,,,,,,-,-,,,,,,,,,,,,,,,,,,,,,,,,,
,04-22-2015,21:22:29, Lane 1 ,Fwd,FF,,64,2,79,,2,8.77,,,,,,,,,,,,,,,,,,,,,,,,8.77,-,,,,,,,,,,,,,,,,,,,,,,,,,-,-,,,,,,,,,,,,,,,,,,,,,,,,,
,04-22-2015,21:23:41, Lane 1 ,Fwd,FF,,65,2,64,,2,8.22,,,,,,,,,,,,,,,,,,,,,,,,8.22,-,,,,,,,,,,,,,,,,,,,,,,,,,-,-,,,,,,,,,,,,,,,,,,,,,,,,,
,04-22-2015,21:24:12, Lane 1 ,Fwd,FF,,66,2,60,,2,9.72,,,,,,,,,,,,,,,,,,,,,,,,9.72,-,,,,,,,,,,,,,,,,,,,,,,,,,-,-,,,,,,,,,,,,,,,,,,,,,,,,,
,04-22-2015,21:24:43, Lane 1 ,Fwd,FF,,67,2,57,,2,8.25,,,,,,,,,,,,,,,,,,,,,,,,8.25,-,,,,,,,,,,,,,,,,,,,,,,,,,-,-,,,,,,,,,,,,,,,,,,,,,,,,,
,04-22-2015,21:24:44, Lane 1 ,Fwd,FF,,68,2,56,,2,8.55,,,,,,,,,,,,,,,,,,,,,,,,8.55,-,,,,,,,,,,,,,,,,,,,,,,,,,-,-,,,,,,,,,,,,,,,,,,,,,,,,,
,04-22-2015,21:25:43, Lane 1 ,Fwd,FF,,69,2,59,,2,8.46,,,,,,,,,,,,,,,,,,,,,,,,8.46,-,,,,,,,,,,,,,,,,,,,,,,,,,-,-,,,,,,,,,,,,,,,,,,,,,,,,,
,04-22-2015,21:25:49, Lane 1 ,Fwd,FF,,70,2,62,,2,8.45,,,,,,,,,,,,,,,,,,,,,,,,8.45,-,,,,,,,,,,,,,,,,,,,,,,,,,-,-,,,,,,,,,,,,,,,,,,,,,,,,,
,04-22-2015,21:25:56, Lane 1 ,Fwd,FF,,71,3,61,,2,11.29,,,,,,,,,,,,,,,,,,,,,,,,11.29,-,,,,,,,,,,,,,,,,,,,,,,,,,-,-,,,,,,,,,,,,,,,,,,,,,,,,,
,04-22-2015,21:26:45, Lane 1 ,Fwd,FF,,72,3,55,,3,12.80,15.12,,,,,,,,,,,,,,,,,,,,,,,27.92,-,,,,,,,,,,,,,,,,,,,,,,,,,-,-,,,,,,,,,,,,,,,,,,,,,,,,,
,04-22-2015,21:27:00, Lane 1 ,Fwd,FF,,73,2,66,,2,8.64,,,,,,,,,,,,,,,,,,,,,,,,8.64,-,,,,,,,,,,,,,,,,,,,,,,,,,-,-,,,,,,,,,,,,,,,,,,,,,,,,,
,04-22-2015,21:27:02, Lane 1 ,Fwd,FF,,74,2,66,,2,10.07,,,,,,,,,,,,,,,,,,,,,,,,10.07,-,,,,,,,,,,,,,,,,,,,,,,,,,-,-,,,,,,,,,,,,,,,,,,,,,,,,,
,04-22-2015,21:27:57, Lane 1 ,Fwd,FF,,75,2,61,,2,8.71,,,,,,,,,,,,,,,,,,,,,,,,8.71,-,,,,,,,,,,,,,,,,,,,,,,,,,-,-,,,,,,,,,,,,,,,,,,,,,,,,,
,04-22-2015,21:28:00, Lane 1 ,Fwd,FF,,76,2,60,,2,9.00,,,,,,,,,,,,,,,,,,,,,,,,9.00,-,,,,,,,,,,,,,,,,,,,,,,,,,-,-,,,,,,,,,,,,,,,,,,,,,,,,,
,04-22-2015,21:28:05, Lane 1 ,Fwd,FF,,77,2,58,,2,8.43,,,,,,,,,,,,,,,,,,,,,,,,8.43,-,,,,,,,,,,,,,,,,,,,,,,,,,-,-,,,,,,,,,,,,,,,,,,,,,,,,,
,04-22-2015,21:28:49, Lane 1 ,Fwd,FF,,78,2,56,,2,9.78,,,,,,,,,,,,,,,,,,,,,,,,9.78,-,,,,,,,,,,,,,,,,,,,,,,,,,-,-,,,,,,,,,,,,,,,,,,,,,,,,,
,04-22-2015,21:29:02, Lane 1 ,Fwd,FF,,79,2,57,,2,8.89,,,,,,,,,,,,,,,,,,,,,,,,8.89,-,,,,,,,,,,,,,,,,,,,,,,,,,-,-,,,,,,,,,,,,,,,,,,,,,,,,,
,04-22-2015,21:29:09, Lane 1 ,Fwd,FF,,80,2,62,,2,9.00,,,,,,,,,,,,,,,,,,,,,,,,9.00,-,,,,,,,,,,,,,,,,,,,,,,,,,-,-,,,,,,,,,,,,,,,,,,,,,,,,,
,04-22-2015,21:30:26, Lane 1 ,Fwd,FF,,81,2,56,,2,9.93,,,,,,,,,,,,,,,,,,,,,,,,9.93,-,,,,,,,,,,,,,,,,,,,,,,,,,-,-,,,,,,,,,,,,,,,,,,,,,,,,,
,04-22-2015,21:31:10, Lane 1 ,Fwd,FF,,82,2,57,,2,9.31,,,,,,,,,,,,,,,,,,,,,,,,9.31,-,,,,,,,,,,,,,,,,,,,,,,,,,-,-,,,,,,,,,,,,,,,,,,,,,,,,,
,04-22-2015,21:31:37, Lane 1 ,Fwd,FF,,83,2,59,,2,8.78,,,,,,,,,,,,,,,,,,,,,,,,8.78,-,,,,,,,,,,,,,,,,,,,,,,,,,-,-,,,,,,,,,,,,,,,,,,,,,,,,,
,04-22-2015,21:32:15, Lane 1 ,Fwd,FF,,84,2,53,,2,8.52,,,,,,,,,,,,,,,,,,,,,,,,8.52,-,,,,,,,,,,,,,,,,,,,,,,,,,-,-,,,,,,,,,,,,,,,,,,,,,,,,,
,04-22-2015,21:32:16, Lane 1 ,Fwd,FF,,85,2,53,,2,8.42,,,,,,,,,,,,,,,,,,,,,,,,8.42,-,,,,,,,,,,,,,,,,,,,,,,,,,-,-,,,,,,,,,,,,,,,,,,,,,,,,,
,04-22-2015,21:32:18, Lane 1 ,Fwd,FF,,86,3,58,,2,11.06,,,,,,,,,,,,,,,,,,,,,,,,11.06,-,,,,,,,,,,,,,,,,,,,,,,,,,-,-,,,,,,,,,,,,,,,,,,,,,,,,,
,04-22-2015,21:32:23, Lane 1 ,Fwd,FF,,87,2,58,,2,8.70,,,,,,,,,,,,,,,,,,,,,,,,8.70,-,,,,,,,,,,,,,,,,,,,,,,,,,-,-,,,,,,,,,,,,,,,,,,,,,,,,,
,04-22-2015,21:32:25, Lane 1 ,Fwd,FF,,88,2,59,,2,9.76,,,,,,,,,,,,,,,,,,,,,,,,9.76,-,,,,,,,,,,,,,,,,,,,,,,,,,-,-,,,,,,,,,,,,,,,,,,,,,,,,,
,04-22-2015,21:32:51, Lane 1 ,Fwd,FF,,89,2,67,,2,9.15,,,,,,,,,,,,,,,,,,,,,,,,9.15,-,,,,,,,,,,,,,,,,,,,,,,,,,-,-,,,,,,,,,,,,,,,,,,,,,,,,,
,04-22-2015,21:32:53, Lane 1 ,Fwd,FF,,90,2,61,,2,9.25,,,,,,,,,,,,,,,,,,,,,,,,9.25,-,,,,,,,,,,,,,,,,,,,,,,,,,-,-,,,,,,,,,,,,,,,,,,,,,,,,,
,04-22-2015,21:33:16, Lane 1 ,Fwd,FF,,91,3,63,,2,10.33,,,,,,,,,,,,,,,,,,,,,,,,10.33,-,,,,,,,,,,,,,,,,,,,,,,,,,-,-,,,,,,,,,,,,,,,,,,,,,,,,,
,04-22-2015,21:33:23, Lane 1 ,Fwd,FF,,92,2,62,,2,8.93,,,,,,,,,,,,,,,,,,,,,,,,8.93,-,,,,,,,,,,,,,,,,,,,,,,,,,-,-,,,,,,,,,,,,,,,,,,,,,,,,,
,04-22-2015,21:33:36, Lane 1 ,Fwd,FF,,93,3,68,,2,10.70,,,,,,,,,,,,,,,,,,,,,,,,10.70,-,,,,,,,,,,,,,,,,,,,,,,,,,-,-,,,,,,,,,,,,,,,,,,,,,,,,,
,04-22-2015,21:34:54, Lane 1 ,Fwd,FF,,94,3,58,,2,12.60,,,,,,,,,,,,,,,,,,,,,,,,12.60,-,,,,,,,,,,,,,,,,,,,,,,,,,-,-,,,,,,,,,,,,,,,,,,,,,,,,,
,04-22-2015,21:35:00, Lane 1 ,Fwd,FF,,95,2,59,,2,8.98,,,,,,,,,,,,,,,,,,,,,,,,8.98,-,,,,,,,,,,,,,,,,,,,,,,,,,-,-,,,,,,,,,,,,,,,,,,,,,,,,,
,04-22-2015,21:35:29, Lane 1 ,Fwd,FF,,96,3,67,,2,11.31,,,,,,,,,,,,,,,,,,,,,,,,11.31,-,,,,,,,,,,,,,,,,,,,,,,,,,-,-,,,,,,,,,,,,,,,,,,,,,,,,,
,04-22-2015,21:36:14, Lane 1 ,Fwd,FF,,97,2,61,,2,8.78,,,,,,,,,,,,,,,,,,,,,,,,8.78,-,,,,,,,,,,,,,,,,,,,,,,,,,-,-,,,,,,,,,,,,,,,,,,,,,,,,,
,04-22-2015,21:36:50, Lane 1 ,Fwd,FF,,98,3,60,,2,11.21,,,,,,,,,,,,,,,,,,,,,,,,11.21,-,,,,,,,,,,,,,,,,,,,,,,,,,-,-,,,,,,,,,,,,,,,,,,,,,,,,,
,04-22-2015,21:37:29, Lane 1 ,Fwd,FF,,99,2,58,,2,8.77,,,,,,,,,,,,,,,,,,,,,,,,8.77,-,,,,,,,,,,,,,,,,,,,,,,,,,-,-,,,,,,,,,,,,,,,,,,,,,,,,,
,04-22-2015,21:37:30, Lane 1 ,Fwd,FF,,100,2,59,,2,8.72,,,,,,,,,,,,,,,,,,,,,,,,8.72,-,,,,,,,,,,,,,,,,,,,,,,,,,-,-,,,,,,,,,,,,,,,,,,,,,,,,,
,04-22-2015,21:37:51, Lane 1 ,Fwd,FF,,101,2,61,,2,9.05,,,,,,,,,,,,,,,,,,,,,,,,9.05,-,,,,,,,,,,,,,,,,,,,,,,,,,-,-,,,,,,,,,,,,,,,,,,,,,,,,,
,04-22-2015,21:38:32, Lane 1 ,Fwd,FF,,102,2,56,,2,8.03,,,,,,,,,,,,,,,,,,,,,,,,8.03,-,,,,,,,,,,,,,,,,,,,,,,,,,-,-,,,,,,,,,,,,,,,,,,,,,,,,,
,04-22-2015,21:38:44, Lane 1 ,Fwd,FF,,103,2,61,,2,8.98,,,,,,,,,,,,,,,,,,,,,,,,8.98,-,,,,,,,,,,,,,,,,,,,,,,,,,-,-,,,,,,,,,,,,,,,,,,,,,,,,,
,04-22-2015,21:38:45, Lane 1 ,Fwd,FF,,104,2,58,,2,8.17,,,,,,,,,,,,,,,,,,,,,,,,8.17,-,,,,,,,,,,,,,,,,,,,,,,,,,-,-,,,,,,,,,,,,,,,,,,,,,,,,,
,04-22-2015,21:38:54, Lane 1 ,Fwd,FF,,105,2,60,,2,7.62,,,,,,,,,,,,,,,,,,,,,,,,7.62,-,,,,,,,,,,,,,,,,,,,,,,,,,-,-,,,,,,,,,,,,,,,,,,,,,,,,,
,04-22-2015,21:38:57, Lane 1 ,Fwd,FF,,106,2,63,,2,8.61,,,,,,,,,,,,,,,,,,,,,,,,8.61,-,,,,,,,,,,,,,,,,,,,,,,,,,-,-,,,,,,,,,,,,,,,,,,,,,,,,,
,04-22-2015,21:39:08, Lane 1 ,Fwd,FF,,107,2,58,,2,8.94,,,,,,,,,,,,,,,,,,,,,,,,8.94,-,,,,,,,,,,,,,,,,,,,,,,,,,-,-,,,,,,,,,,,,,,,,,,,,,,,,,
,04-22-2015,21:40:09, Lane 1 ,Fwd,FF,,108,3,61,,2,12.54,,,,,,,,,,,,,,,,,,,,,,,,12.54,-,,,,,,,,,,,,,,,,,,,,,,,,,-,-,,,,,,,,,,,,,,,,,,,,,,,,,
,04-22-2015,21:40:40, Lane 1 ,Fwd,FF,,109,2,62,,2,8.18,,,,,,,,,,,,,,,,,,,,,,,,8.18,-,,,,,,,,,,,,,,,,,,,,,,,,,-,-,,,,,,,,,,,,,,,,,,,,,,,,,
,04-22-2015,21:40:48, Lane 1 ,Fwd,FF,,110,2,65,,2,9.71,,,,,,,,,,,,,,,,,,,,,,,,9.71,-,,,,,,,,,,,,,,,,,,,,,,,,,-,-,,,,,,,,,,,,,,,,,,,,,,,,,
,04-22-2015,21:41:09, Lane 1 ,Fwd,FF,,111,2,69,,2,9.76,,,,,,,,,,,,,,,,,,,,,,,,9.76,-,,,,,,,,,,,,,,,,,,,,,,,,,-,-,,,,,,,,,,,,,,,,,,,,,,,,,
,04-22-2015,21:41:13, Lane 1 ,Fwd,FF,,112,2,68,,2,7.83,,,,,,,,,,,,,,,,,,,,,,,,7.83,-,,,,,,,,,,,,,,,,,,,,,,,,,-,-,,,,,,,,,,,,,,,,,,,,,,,,,
,04-22-2015,21:41:19, Lane 1 ,Fwd,FF,,113,2,60,,2,8.94,,,,,,,,,,,,,,,,,,,,,,,,8.94,-,,,,,,,,,,,,,,,,,,,,,,,,,-,-,,,,,,,,,,,,,,,,,,,,,,,,,
,04-22-2015,21:42:32, Lane 1 ,Fwd,FF,,114,2,65,,2,8.19,,,,,,,,,,,,,,,,,,,,,,,,8.19,-,,,,,,,,,,,,,,,,,,,,,,,,,-,-,,,,,,,,,,,,,,,,,,,,,,,,,
,04-22-2015,21:42:41, Lane 1 ,Fwd,FF,,115,5,66,,2,14.23,,,,,,,,,,,,,,,,,,,,,,,,14.23,-,,,,,,,,,,,,,,,,,,,,,,,,,-,-,,,,,,,,,,,,,,,,,,,,,,,,,
,04-22-2015,21:43:29, Lane 1 ,Fwd,FF,,116,2,54,,2,8.45,,,,,,,,,,,,,,,,,,,,,,,,8.45,-,,,,,,,,,,,,,,,,,,,,,,,,,-,-,,,,,,,,,,,,,,,,,,,,,,,,,
,04-22-2015,21:44:33, Lane 1 ,Fwd,FF,,117,3,58,,2,11.49,,,,,,,,,,,,,,,,,,,,,,,,11.49,-,,,,,,,,,,,,,,,,,,,,,,,,,-,-,,,,,,,,,,,,,,,,,,,,,,,,,
,04-22-2015,21:47:54, Lane 1 ,Fwd,FF,,118,2,53,,2,8.88,,,,,,,,,,,,,,,,,,,,,,,,8.88,-,,,,,,,,,,,,,,,,,,,,,,,,,-,-,,,,,,,,,,,,,,,,,,,,,,,,,
,04-22-2015,21:47:57, Lane 1 ,Fwd,FF,,119,2,58,,2,8.37,,,,,,,,,,,,,,,,,,,,,,,,8.37,-,,,,,,,,,,,,,,,,,,,,,,,,,-,-,,,,,,,,,,,,,,,,,,,,,,,,,
,04-22-2015,21:47:58, Lane 1 ,Fwd,FF,,120,2,58,,2,8.74,,,,,,,,,,,,,,,,,,,,,,,,8.74,-,,,,,,,,,,,,,,,,,,,,,,,,,-,-,,,,,,,,,,,,,,,,,,,,,,,,,
,04-22-2015,21:48:41, Lane 1 ,Fwd,FF,,121,3,56,,2,11.76,,,,,,,,,,,,,,,,,,,,,,,,11.76,-,,,,,,,,,,,,,,,,,,,,,,,,,-,-,,,,,,,,,,,,,,,,,,,,,,,,,
,04-22-2015,21:48:44, Lane 1 ,Fwd,FF,,122,2,55,,2,9.81,,,,,,,,,,,,,,,,,,,,,,,,9.81,-,,,,,,,,,,,,,,,,,,,,,,,,,-,-,,,,,,,,,,,,,,,,,,,,,,,,,
,04-22-2015,21:49:15, Lane 1 ,Fwd,FF,,123,2,65,,2,8.48,,,,,,,,,,,,,,,,,,,,,,,,8.48,-,,,,,,,,,,,,,,,,,,,,,,,,,-,-,,,,,,,,,,,,,,,,,,,,,,,,,
,04-22-2015,21:49:21, Lane 1 ,Fwd,FF,,124,2,66,,2,9.31,,,,,,,,,,,,,,,,,,,,,,,,9.31,-,,,,,,,,,,,,,,,,,,,,,,,,,-,-,,,,,,,,,,,,,,,,,,,,,,,,,
,04-22-2015,21:50:56, Lane 1 ,Fwd,FF,,125,2,59,,2,8.70,,,,,,,,,,,,,,,,,,,,,,,,8.70,-,,,,,,,,,,,,,,,,,,,,,,,,,-,-,,,,,,,,,,,,,,,,,,,,,,,,,
,04-22-2015,21:51:51, Lane 1 ,Fwd,FF,,126,2,59,,2,9.30,,,,,,,,,,,,,,,,,,,,,,,,9.30,-,,,,,,,,,,,,,,,,,,,,,,,,,-,-,,,,,,,,,,,,,,,,,,,,,,,,,
,04-22-2015,21:51:53, Lane 1 ,Fwd,FF,,127,2,59,,2,8.38,,,,,,,,,,,,,,,,,,,,,,,,8.38,-,,,,,,,,,,,,,,,,,,,,,,,,,-,-,,,,,,,,,,,,,,,,,,,,,,,,,
,04-22-2015,21:51:54, Lane 1 ,Fwd,FF,,128,2,56,,2,9.85,,,,,,,,,,,,,,,,,,,,,,,,9.85,-,,,,,,,,,,,,,,,,,,,,,,,,,-,-,,,,,,,,,,,,,,,,,,,,,,,,,
,04-22-2015,21:51:57, Lane 1 ,Fwd,FF,,129,2,59,,2,8.09,,,,,,,,,,,,,,,,,,,,,,,,8.09,-,,,,,,,,,,,,,,,,,,,,,,,,,-,-,,,,,,,,,,,,,,,,,,,,,,,,,
,04-22-2015,21:52:00, Lane 1 ,Fwd,FF,,130,2,62,,2,9.73,,,,,,,,,,,,,,,,,,,,,,,,9.73,-,,,,,,,,,,,,,,,,,,,,,,,,,-,-,,,,,,,,,,,,,,,,,,,,,,,,,
,04-22-2015,21:52:16, Lane 1 ,Fwd,FF,,131,2,64,,2,8.79,,,,,,,,,,,,,,,,,,,,,,,,8.79,-,,,,,,,,,,,,,,,,,,,,,,,,,-,-,,,,,,,,,,,,,,,,,,,,,,,,,
,04-22-2015,21:52:25, Lane 1 ,Fwd,FF,,132,2,69,,2,9.26,,,,,,,,,,,,,,,,,,,,,,,,9.26,-,,,,,,,,,,,,,,,,,,,,,,,,,-,-,,,,,,,,,,,,,,,,,,,,,,,,,
,04-22-2015,21:52:58, Lane 1 ,Fwd,FF,,133,2,60,,2,9.37,,,,,,,,,,,,,,,,,,,,,,,,9.37,-,,,,,,,,,,,,,,,,,,,,,,,,,-,-,,,,,,,,,,,,,,,,,,,,,,,,,
,04-22-2015,21:53:11, Lane 1 ,Fwd,FF,,134,2,52,,2,8.48,,,,,,,,,,,,,,,,,,,,,,,,8.48,-,,,,,,,,,,,,,,,,,,,,,,,,,-,-,,,,,,,,,,,,,,,,,,,,,,,,,
,04-22-2015,21:53:13, Lane 1 ,Fwd,FF,,135,2,59,,2,9.76,,,,,,,,,,,,,,,,,,,,,,,,9.76,-,,,,,,,,,,,,,,,,,,,,,,,,,-,-,,,,,,,,,,,,,,,,,,,,,,,,,
,04-22-2015,21:53:21, Lane 1 ,Fwd,FF,,136,2,64,,2,9.94,,,,,,,,,,,,,,,,,,,,,,,,9.94,-,,,,,,,,,,,,,,,,,,,,,,,,,-,-,,,,,,,,,,,,,,,,,,,,,,,,,
,04-22-2015,21:53:38, Lane 1 ,Fwd,FF,,137,2,60,,2,9.27,,,,,,,,,,,,,,,,,,,,,,,,9.27,-,,,,,,,,,,,,,,,,,,,,,,,,,-,-,,,,,,,,,,,,,,,,,,,,,,,,,
,04-22-2015,21:54:45, Lane 1 ,Fwd,FF,,138,2,59,,2,8.44,,,,,,,,,,,,,,,,,,,,,,,,8.44,-,,,,,,,,,,,,,,,,,,,,,,,,,-,-,,,,,,,,,,,,,,,,,,,,,,,,,
,04-22-2015,21:56:12, Lane 1 ,Fwd,FF,,139,2,56,,2,9.70,,,,,,,,,,,,,,,,,,,,,,,,9.70,-,,,,,,,,,,,,,,,,,,,,,,,,,-,-,,,,,,,,,,,,,,,,,,,,,,,,,
,04-22-2015,21:56:16, Lane 1 ,Fwd,FF,,140,2,63,,2,8.65,,,,,,,,,,,,,,,,,,,,,,,,8.65,-,,,,,,,,,,,,,,,,,,,,,,,,,-,-,,,,,,,,,,,,,,,,,,,,,,,,,
,04-22-2015,21:56:41, Lane 1 ,Fwd,FF,,141,2,64,,2,9.07,,,,,,,,,,,,,,,,,,,,,,,,9.07,-,,,,,,,,,,,,,,,,,,,,,,,,,-,-,,,,,,,,,,,,,,,,,,,,,,,,,
,04-22-2015,21:58:02, Lane 1 ,Fwd,FF,,142,2,73,,2,8.68,,,,,,,,,,,,,,,,,,,,,,,,8.68,-,,,,,,,,,,,,,,,,,,,,,,,,,-,-,,,,,,,,,,,,,,,,,,,,,,,,,
,04-22-2015,21:58:21, Lane 1 ,Fwd,FF,,143,3,68,,2,10.22,,,,,,,,,,,,,,,,,,,,,,,,10.22,-,,,,,,,,,,,,,,,,,,,,,,,,,-,-,,,,,,,,,,,,,,,,,,,,,,,,,
,04-22-2015,22:00:47, Lane 1 ,Fwd,FF,,1,3,64,,2,12.38,,,,,,,,,,,,,,,,,,,,,,,,12.38,-,,,,,,,,,,,,,,,,,,,,,,,,,-,-,,,,,,,,,,,,,,,,,,,,,,,,,
,04-22-2015,22:01:15, Lane 1 ,Fwd,FF,,2,2,55,,2,9.02,,,,,,,,,,,,,,,,,,,,,,,,9.02,-,,,,,,,,,,,,,,,,,,,,,,,,,-,-,,,,,,,,,,,,,,,,,,,,,,,,,
,04-22-2015,22:02:14, Lane 1 ,Fwd,FF,,3,2,48,,2,8.40,,,,,,,,,,,,,,,,,,,,,,,,8.40,-,,,,,,,,,,,,,,,,,,,,,,,,,-,-,,,,,,,,,,,,,,,,,,,,,,,,,
,04-22-2015,22:02:44, Lane 1 ,Fwd,FF,,4,2,57,,2,9.08,,,,,,,,,,,,,,,,,,,,,,,,9.08,-,,,,,,,,,,,,,,,,,,,,,,,,,-,-,,,,,,,,,,,,,,,,,,,,,,,,,
,04-22-2015,22:02:46, Lane 1 ,Fwd,FF,,5,2,59,,2,8.78,,,,,,,,,,,,,,,,,,,,,,,,8.78,-,,,,,,,,,,,,,,,,,,,,,,,,,-,-,,,,,,,,,,,,,,,,,,,,,,,,,
,04-22-2015,22:03:49, Lane 1 ,Fwd,FF,,6,2,62,,2,7.85,,,,,,,,,,,,,,,,,,,,,,,,7.85,-,,,,,,,,,,,,,,,,,,,,,,,,,-,-,,,,,,,,,,,,,,,,,,,,,,,,,
,04-22-2015,22:04:00, Lane 1 ,Fwd,FF,,7,2,74,,2,9.06,,,,,,,,,,,,,,,,,,,,,,,,9.06,-,,,,,,,,,,,,,,,,,,,,,,,,,-,-,,,,,,,,,,,,,,,,,,,,,,,,,
,04-22-2015,22:04:18, Lane 1 ,Fwd,FF,,8,2,56,,2,8.94,,,,,,,,,,,,,,,,,,,,,,,,8.94,-,,,,,,,,,,,,,,,,,,,,,,,,,-,-,,,,,,,,,,,,,,,,,,,,,,,,,
,04-22-2015,22:04:53, Lane 1 ,Fwd,FF,,9,2,57,,2,9.58,,,,,,,,,,,,,,,,,,,,,,,,9.58,-,,,,,,,,,,,,,,,,,,,,,,,,,-,-,,,,,,,,,,,,,,,,,,,,,,,,,
,04-22-2015,22:05:06, Lane 1 ,Fwd,FF,,10,2,57,,2,8.67,,,,,,,,,,,,,,,,,,,,,,,,8.67,-,,,,,,,,,,,,,,,,,,,,,,,,,-,-,,,,,,,,,,,,,,,,,,,,,,,,,
,04-22-2015,22:05:08, Lane 1 ,Fwd,FF,,11,2,55,,2,8.60,,,,,,,,,,,,,,,,,,,,,,,,8.60,-,,,,,,,,,,,,,,,,,,,,,,,,,-,-,,,,,,,,,,,,,,,,,,,,,,,,,
,04-22-2015,22:08:03, Lane 1 ,Fwd,FF,,12,2,71,,2,8.59,,,,,,,,,,,,,,,,,,,,,,,,8.59,-,,,,,,,,,,,,,,,,,,,,,,,,,-,-,,,,,,,,,,,,,,,,,,,,,,,,,
,04-22-2015,22:09:09, Lane 1 ,Fwd,FF,,13,3,57,,2,11.75,,,,,,,,,,,,,,,,,,,,,,,,11.75,-,,,,,,,,,,,,,,,,,,,,,,,,,-,-,,,,,,,,,,,,,,,,,,,,,,,,,
,04-22-2015,22:10:06, Lane 1 ,Fwd,FF,,14,2,54,,2,9.24,,,,,,,,,,,,,,,,,,,,,,,,9.24,-,,,,,,,,,,,,,,,,,,,,,,,,,-,-,,,,,,,,,,,,,,,,,,,,,,,,,
,04-22-2015,22:10:36, Lane 1 ,Fwd,FF,,15,2,64,,2,8.88,,,,,,,,,,,,,,,,,,,,,,,,8.88,-,,,,,,,,,,,,,,,,,,,,,,,,,-,-,,,,,,,,,,,,,,,,,,,,,,,,,
,04-22-2015,22:12:04, Lane 1 ,Fwd,FF,,16,2,61,,2,9.76,,,,,,,,,,,,,,,,,,,,,,,,9.76,-,,,,,,,,,,,,,,,,,,,,,,,,,-,-,,,,,,,,,,,,,,,,,,,,,,,,,
,04-22-2015,22:12:14, Lane 1 ,Fwd,FF,,17,2,57,,2,8.92,,,,,,,,,,,,,,,,,,,,,,,,8.92,-,,,,,,,,,,,,,,,,,,,,,,,,,-,-,,,,,,,,,,,,,,,,,,,,,,,,,
,04-22-2015,22:12:16, Lane 1 ,Fwd,FF,,18,2,61,,2,8.44,,,,,,,,,,,,,,,,,,,,,,,,8.44,-,,,,,,,,,,,,,,,,,,,,,,,,,-,-,,,,,,,,,,,,,,,,,,,,,,,,,
,04-22-2015,22:12:19, Lane 1 ,Fwd,FF,,19,2,64,,2,8.53,,,,,,,,,,,,,,,,,,,,,,,,8.53,-,,,,,,,,,,,,,,,,,,,,,,,,,-,-,,,,,,,,,,,,,,,,,,,,,,,,,
,04-22-2015,22:12:22, Lane 1 ,Fwd,FF,,20,2,62,,2,8.82,,,,,,,,,,,,,,,,,,,,,,,,8.82,-,,,,,,,,,,,,,,,,,,,,,,,,,-,-,,,,,,,,,,,,,,,,,,,,,,,,,
,04-22-2015,22:13:12, Lane 1 ,Fwd,FF,,21,2,57,,2,7.22,,,,,,,,,,,,,,,,,,,,,,,,7.22,-,,,,,,,,,,,,,,,,,,,,,,,,,-,-,,,,,,,,,,,,,,,,,,,,,,,,,
,04-22-2015,22:13:13, Lane 1 ,Fwd,FF,,22,2,57,,2,8.92,,,,,,,,,,,,,,,,,,,,,,,,8.92,-,,,,,,,,,,,,,,,,,,,,,,,,,-,-,,,,,,,,,,,,,,,,,,,,,,,,,
,04-22-2015,22:13:38, Lane 1 ,Fwd,FF,,23,4,69,,2,21.36,,,,,,,,,,,,,,,,,,,,,,,,21.36,-,,,,,,,,,,,,,,,,,,,,,,,,,-,-,,,,,,,,,,,,,,,,,,,,,,,,,
,04-22-2015,22:14:13, Lane 1 ,Fwd,FF,,24,2,62,,2,8.75,,,,,,,,,,,,,,,,,,,,,,,,8.75,-,,,,,,,,,,,,,,,,,,,,,,,,,-,-,,,,,,,,,,,,,,,,,,,,,,,,,
,04-22-2015,22:14:17, Lane 1 ,Fwd,FF,,25,2,66,,2,9.78,,,,,,,,,,,,,,,,,,,,,,,,9.78,-,,,,,,,,,,,,,,,,,,,,,,,,,-,-,,,,,,,,,,,,,,,,,,,,,,,,,
,04-22-2015,22:14:33, Lane 1 ,Fwd,FF,,26,2,64,,2,8.34,,,,,,,,,,,,,,,,,,,,,,,,8.34,-,,,,,,,,,,,,,,,,,,,,,,,,,-,-,,,,,,,,,,,,,,,,,,,,,,,,,
,04-22-2015,22:15:25, Lane 1 ,Fwd,FF,,27,2,56,,2,8.77,,,,,,,,,,,,,,,,,,,,,,,,8.77,-,,,,,,,,,,,,,,,,,,,,,,,,,-,-,,,,,,,,,,,,,,,,,,,,,,,,,
,04-22-2015,22:17:11, Lane 1 ,Fwd,FF,,28,2,62,,2,8.45,,,,,,,,,,,,,,,,,,,,,,,,8.45,-,,,,,,,,,,,,,,,,,,,,,,,,,-,-,,,,,,,,,,,,,,,,,,,,,,,,,
,04-22-2015,22:19:25, Lane 1 ,Fwd,FF,,29,3,53,,3,11.85,17.23,,,,,,,,,,,,,,,,,,,,,,,29.08,-,,,,,,,,,,,,,,,,,,,,,,,,,-,-,,,,,,,,,,,,,,,,,,,,,,,,,
,04-22-2015,22:20:23, Lane 1 ,Fwd,FF,,30,2,72,,2,9.79,,,,,,,,,,,,,,,,,,,,,,,,9.79,-,,,,,,,,,,,,,,,,,,,,,,,,,-,-,,,,,,,,,,,,,,,,,,,,,,,,,
,04-22-2015,22:21:12, Lane 1 ,Fwd,FF,,31,2,60,,2,8.67,,,,,,,,,,,,,,,,,,,,,,,,8.67,-,,,,,,,,,,,,,,,,,,,,,,,,,-,-,,,,,,,,,,,,,,,,,,,,,,,,,
,04-22-2015,22:23:25, Lane 1 ,Fwd,FF,,32,2,58,,2,10.14,,,,,,,,,,,,,,,,,,,,,,,,10.14,-,,,,,,,,,,,,,,,,,,,,,,,,,-,-,,,,,,,,,,,,,,,,,,,,,,,,,
,04-22-2015,22:23:28, Lane 1 ,Fwd,FF,,33,2,62,,2,9.74,,,,,,,,,,,,,,,,,,,,,,,,9.74,-,,,,,,,,,,,,,,,,,,,,,,,,,-,-,,,,,,,,,,,,,,,,,,,,,,,,,
,04-22-2015,22:24:02, Lane 1 ,Fwd,FF,,34,2,57,,2,8.98,,,,,,,,,,,,,,,,,,,,,,,,8.98,-,,,,,,,,,,,,,,,,,,,,,,,,,-,-,,,,,,,,,,,,,,,,,,,,,,,,,
,04-22-2015,22:24:34, Lane 1 ,Fwd,FF,,35,2,53,,2,8.69,,,,,,,,,,,,,,,,,,,,,,,,8.69,-,,,,,,,,,,,,,,,,,,,,,,,,,-,-,,,,,,,,,,,,,,,,,,,,,,,,,
,04-22-2015,22:27:24, Lane 1 ,Fwd,FF,,36,2,50,,2,9.94,,,,,,,,,,,,,,,,,,,,,,,,9.94,-,,,,,,,,,,,,,,,,,,,,,,,,,-,-,,,,,,,,,,,,,,,,,,,,,,,,,
,04-22-2015,22:27:57, Lane 1 ,Fwd,FF,,37,2,56,,2,9.87,,,,,,,,,,,,,,,,,,,,,,,,9.87,-,,,,,,,,,,,,,,,,,,,,,,,,,-,-,,,,,,,,,,,,,,,,,,,,,,,,,
,04-22-2015,22:29:10, Lane 1 ,Fwd,FF,,38,2,58,,2,9.53,,,,,,,,,,,,,,,,,,,,,,,,9.53,-,,,,,,,,,,,,,,,,,,,,,,,,,-,-,,,,,,,,,,,,,,,,,,,,,,,,,
,04-22-2015,22:29:20, Lane 1 ,Fwd,FF,,39,3,60,,2,11.83,,,,,,,,,,,,,,,,,,,,,,,,11.83,-,,,,,,,,,,,,,,,,,,,,,,,,,-,-,,,,,,,,,,,,,,,,,,,,,,,,,
,04-22-2015,22:29:25, Lane 1 ,Fwd,FF,,40,2,63,,2,9.03,,,,,,,,,,,,,,,,,,,,,,,,9.03,-,,,,,,,,,,,,,,,,,,,,,,,,,-,-,,,,,,,,,,,,,,,,,,,,,,,,,
,04-22-2015,22:30:43, Lane 1 ,Fwd,FF,,41,2,52,,2,8.23,,,,,,,,,,,,,,,,,,,,,,,,8.23,-,,,,,,,,,,,,,,,,,,,,,,,,,-,-,,,,,,,,,,,,,,,,,,,,,,,,,
,04-22-2015,22:31:08, Lane 1 ,Fwd,FF,,42,3,73,,2,11.79,,,,,,,,,,,,,,,,,,,,,,,,11.79,-,,,,,,,,,,,,,,,,,,,,,,,,,-,-,,,,,,,,,,,,,,,,,,,,,,,,,
,04-22-2015,22:32:32, Lane 1 ,Fwd,FF,,43,2,62,,2,9.00,,,,,,,,,,,,,,,,,,,,,,,,9.00,-,,,,,,,,,,,,,,,,,,,,,,,,,-,-,,,,,,,,,,,,,,,,,,,,,,,,,
,04-22-2015,22:32:37, Lane 1 ,Fwd,FF,,44,2,55,,2,8.76,,,,,,,,,,,,,,,,,,,,,,,,8.76,-,,,,,,,,,,,,,,,,,,,,,,,,,-,-,,,,,,,,,,,,,,,,,,,,,,,,,
,04-22-2015,22:33:02, Lane 1 ,Fwd,FF,,45,3,58,,2,11.40,,,,,,,,,,,,,,,,,,,,,,,,11.40,-,,,,,,,,,,,,,,,,,,,,,,,,,-,-,,,,,,,,,,,,,,,,,,,,,,,,,
,04-22-2015,22:34:22, Lane 1 ,Fwd,FF,,46,2,59,,2,9.22,,,,,,,,,,,,,,,,,,,,,,,,9.22,-,,,,,,,,,,,,,,,,,,,,,,,,,-,-,,,,,,,,,,,,,,,,,,,,,,,,,
,04-22-2015,22:34:32, Lane 1 ,Fwd,FF,,47,2,63,,2,9.40,,,,,,,,,,,,,,,,,,,,,,,,9.40,-,,,,,,,,,,,,,,,,,,,,,,,,,-,-,,,,,,,,,,,,,,,,,,,,,,,,,
,04-22-2015,22:34:37, Lane 1 ,Fwd,FF,,48,2,61,,2,8.80,,,,,,,,,,,,,,,,,,,,,,,,8.80,-,,,,,,,,,,,,,,,,,,,,,,,,,-,-,,,,,,,,,,,,,,,,,,,,,,,,,
,04-22-2015,22:35:03, Lane 1 ,Fwd,FF,,49,2,52,,2,8.91,,,,,,,,,,,,,,,,,,,,,,,,8.91,-,,,,,,,,,,,,,,,,,,,,,,,,,-,-,,,,,,,,,,,,,,,,,,,,,,,,,
,04-22-2015,22:35:05, Lane 1 ,Fwd,FF,,50,2,59,,2,8.70,,,,,,,,,,,,,,,,,,,,,,,,8.70,-,,,,,,,,,,,,,,,,,,,,,,,,,-,-,,,,,,,,,,,,,,,,,,,,,,,,,
,04-22-2015,22:37:52, Lane 1 ,Fwd,FF,,51,2,66,,2,8.74,,,,,,,,,,,,,,,,,,,,,,,,8.74,-,,,,,,,,,,,,,,,,,,,,,,,,,-,-,,,,,,,,,,,,,,,,,,,,,,,,,
,04-22-2015,22:37:56, Lane 1 ,Fwd,FF,,52,2,71,,2,9.00,,,,,,,,,,,,,,,,,,,,,,,,9.00,-,,,,,,,,,,,,,,,,,,,,,,,,,-,-,,,,,,,,,,,,,,,,,,,,,,,,,
,04-22-2015,22:39:52, Lane 1 ,Fwd,FF,,53,2,56,,2,8.52,,,,,,,,,,,,,,,,,,,,,,,,8.52,-,,,,,,,,,,,,,,,,,,,,,,,,,-,-,,,,,,,,,,,,,,,,,,,,,,,,,
,04-22-2015,22:42:02, Lane 1 ,Fwd,FF,,54,2,68,,2,8.50,,,,,,,,,,,,,,,,,,,,,,,,8.50,-,,,,,,,,,,,,,,,,,,,,,,,,,-,-,,,,,,,,,,,,,,,,,,,,,,,,,
,04-22-2015,22:42:37, Lane 1 ,Fwd,FF,,55,2,53,,2,8.73,,,,,,,,,,,,,,,,,,,,,,,,8.73,-,,,,,,,,,,,,,,,,,,,,,,,,,-,-,,,,,,,,,,,,,,,,,,,,,,,,,
,04-22-2015,22:42:39, Lane 1 ,Fwd,FF,,56,3,58,,2,11.32,,,,,,,,,,,,,,,,,,,,,,,,11.32,-,,,,,,,,,,,,,,,,,,,,,,,,,-,-,,,,,,,,,,,,,,,,,,,,,,,,,
,04-22-2015,22:44:07, Lane 1 ,Fwd,FF,,57,2,56,,2,8.65,,,,,,,,,,,,,,,,,,,,,,,,8.65,-,,,,,,,,,,,,,,,,,,,,,,,,,-,-,,,,,,,,,,,,,,,,,,,,,,,,,
,04-22-2015,22:45:08, Lane 1 ,Fwd,FF,,58,2,55,,2,8.72,,,,,,,,,,,,,,,,,,,,,,,,8.72,-,,,,,,,,,,,,,,,,,,,,,,,,,-,-,,,,,,,,,,,,,,,,,,,,,,,,,
,04-22-2015,22:46:54, Lane 1 ,Fwd,FF,,59,2,53,,2,8.75,,,,,,,,,,,,,,,,,,,,,,,,8.75,-,,,,,,,,,,,,,,,,,,,,,,,,,-,-,,,,,,,,,,,,,,,,,,,,,,,,,
,04-22-2015,22:48:37, Lane 1 ,Fwd,FF,,60,2,67,,2,8.78,,,,,,,,,,,,,,,,,,,,,,,,8.78,-,,,,,,,,,,,,,,,,,,,,,,,,,-,-,,,,,,,,,,,,,,,,,,,,,,,,,
,04-22-2015,22:48:38, Lane 1 ,Fwd,FF,,61,2,67,,2,9.76,,,,,,,,,,,,,,,,,,,,,,,,9.76,-,,,,,,,,,,,,,,,,,,,,,,,,,-,-,,,,,,,,,,,,,,,,,,,,,,,,,
,04-22-2015,22:49:10, Lane 1 ,Fwd,FF,,62,2,74,,2,9.30,,,,,,,,,,,,,,,,,,,,,,,,9.30,-,,,,,,,,,,,,,,,,,,,,,,,,,-,-,,,,,,,,,,,,,,,,,,,,,,,,,
,04-22-2015,22:49:24, Lane 1 ,Fwd,FF,,63,3,63,,2,11.73,,,,,,,,,,,,,,,,,,,,,,,,11.73,-,,,,,,,,,,,,,,,,,,,,,,,,,-,-,,,,,,,,,,,,,,,,,,,,,,,,,
,04-22-2015,22:52:00, Lane 1 ,Fwd,FF,,64,2,62,,2,9.74,,,,,,,,,,,,,,,,,,,,,,,,9.74,-,,,,,,,,,,,,,,,,,,,,,,,,,-,-,,,,,,,,,,,,,,,,,,,,,,,,,
,04-22-2015,22:52:06, Lane 1 ,Fwd,FF,,65,2,65,,2,8.86,,,,,,,,,,,,,,,,,,,,,,,,8.86,-,,,,,,,,,,,,,,,,,,,,,,,,,-,-,,,,,,,,,,,,,,,,,,,,,,,,,
,04-22-2015,22:54:27, Lane 1 ,Fwd,FF,,66,2,74,,2,8.86,,,,,,,,,,,,,,,,,,,,,,,,8.86,-,,,,,,,,,,,,,,,,,,,,,,,,,-,-,,,,,,,,,,,,,,,,,,,,,,,,,
,04-22-2015,22:55:15, Lane 1 ,Fwd,FF,,67,2,88,,2,9.81,,,,,,,,,,,,,,,,,,,,,,,,9.81,-,,,,,,,,,,,,,,,,,,,,,,,,,-,-,,,,,,,,,,,,,,,,,,,,,,,,,
,04-22-2015,23:00:15, Lane 1 ,Fwd,FF,,1,2,61,,2,8.89,,,,,,,,,,,,,,,,,,,,,,,,8.89,-,,,,,,,,,,,,,,,,,,,,,,,,,-,-,,,,,,,,,,,,,,,,,,,,,,,,,
,04-22-2015,23:00:33, Lane 1 ,Fwd,FF,,2,2,56,,2,8.44,,,,,,,,,,,,,,,,,,,,,,,,8.44,-,,,,,,,,,,,,,,,,,,,,,,,,,-,-,,,,,,,,,,,,,,,,,,,,,,,,,
,04-22-2015,23:00:52, Lane 1 ,Fwd,FF,,3,2,63,,2,9.03,,,,,,,,,,,,,,,,,,,,,,,,9.03,-,,,,,,,,,,,,,,,,,,,,,,,,,-,-,,,,,,,,,,,,,,,,,,,,,,,,,
,04-22-2015,23:02:22, Lane 1 ,Fwd,FF,,4,2,60,,2,9.90,,,,,,,,,,,,,,,,,,,,,,,,9.90,-,,,,,,,,,,,,,,,,,,,,,,,,,-,-,,,,,,,,,,,,,,,,,,,,,,,,,
,04-22-2015,23:04:22, Lane 1 ,Fwd,FF,,5,2,69,,2,8.67,,,,,,,,,,,,,,,,,,,,,,,,8.67,-,,,,,,,,,,,,,,,,,,,,,,,,,-,-,,,,,,,,,,,,,,,,,,,,,,,,,
,04-22-2015,23:06:56, Lane 1 ,Fwd,FF,,6,2,60,,2,9.02,,,,,,,,,,,,,,,,,,,,,,,,9.02,-,,,,,,,,,,,,,,,,,,,,,,,,,-,-,,,,,,,,,,,,,,,,,,,,,,,,,
,04-22-2015,23:11:16, Lane 1 ,Fwd,FF,,7,2,52,,2,8.43,,,,,,,,,,,,,,,,,,,,,,,,8.43,-,,,,,,,,,,,,,,,,,,,,,,,,,-,-,,,,,,,,,,,,,,,,,,,,,,,,,
,04-22-2015,23:15:12, Lane 1 ,Fwd,FF,,8,2,60,,2,8.85,,,,,,,,,,,,,,,,,,,,,,,,8.85,-,,,,,,,,,,,,,,,,,,,,,,,,,-,-,,,,,,,,,,,,,,,,,,,,,,,,,
,04-22-2015,23:15:39, Lane 1 ,Fwd,FF,,9,2,60,,2,8.50,,,,,,,,,,,,,,,,,,,,,,,,8.50,-,,,,,,,,,,,,,,,,,,,,,,,,,-,-,,,,,,,,,,,,,,,,,,,,,,,,,
,04-22-2015,23:16:02, Lane 1 ,Fwd,FF,,10,2,69,,2,8.77,,,,,,,,,,,,,,,,,,,,,,,,8.77,-,,,,,,,,,,,,,,,,,,,,,,,,,-,-,,,,,,,,,,,,,,,,,,,,,,,,,
,04-22-2015,23:16:25, Lane 1 ,Fwd,FF,,11,2,72,,2,8.21,,,,,,,,,,,,,,,,,,,,,,,,8.21,-,,,,,,,,,,,,,,,,,,,,,,,,,-,-,,,,,,,,,,,,,,,,,,,,,,,,,
,04-22-2015,23:18:25, Lane 1 ,Fwd,FF,,12,2,64,,2,8.13,,,,,,,,,,,,,,,,,,,,,,,,8.13,-,,,,,,,,,,,,,,,,,,,,,,,,,-,-,,,,,,,,,,,,,,,,,,,,,,,,,
,04-22-2015,23:20:44, Lane 1 ,Fwd,FF,,13,2,57,,2,8.39,,,,,,,,,,,,,,,,,,,,,,,,8.39,-,,,,,,,,,,,,,,,,,,,,,,,,,-,-,,,,,,,,,,,,,,,,,,,,,,,,,
,04-22-2015,23:20:58, Lane 1 ,Fwd,FF,,14,2,64,,2,8.81,,,,,,,,,,,,,,,,,,,,,,,,8.81,-,,,,,,,,,,,,,,,,,,,,,,,,,-,-,,,,,,,,,,,,,,,,,,,,,,,,,
,04-22-2015,23:24:42, Lane 1 ,Fwd,FF,,15,3,62,,2,10.56,,,,,,,,,,,,,,,,,,,,,,,,10.56,-,,,,,,,,,,,,,,,,,,,,,,,,,-,-,,,,,,,,,,,,,,,,,,,,,,,,,
,04-22-2015,23:25:08, Lane 1 ,Fwd,FF,,16,2,64,,2,8.69,,,,,,,,,,,,,,,,,,,,,,,,8.69,-,,,,,,,,,,,,,,,,,,,,,,,,,-,-,,,,,,,,,,,,,,,,,,,,,,,,,
,04-22-2015,23:29:56, Lane 1 ,Fwd,FF,,17,2,58,,2,8.51,,,,,,,,,,,,,,,,,,,,,,,,8.51,-,,,,,,,,,,,,,,,,,,,,,,,,,-,-,,,,,,,,,,,,,,,,,,,,,,,,,
,04-22-2015,23:33:12, Lane 1 ,Fwd,FF,,18,2,62,,2,8.93,,,,,,,,,,,,,,,,,,,,,,,,8.93,-,,,,,,,,,,,,,,,,,,,,,,,,,-,-,,,,,,,,,,,,,,,,,,,,,,,,,
,04-22-2015,23:35:09, Lane 1 ,Fwd,FF,,19,2,60,,2,9.35,,,,,,,,,,,,,,,,,,,,,,,,9.35,-,,,,,,,,,,,,,,,,,,,,,,,,,-,-,,,,,,,,,,,,,,,,,,,,,,,,,
,04-22-2015,23:36:45, Lane 1 ,Fwd,FF,,20,2,54,,2,8.68,,,,,,,,,,,,,,,,,,,,,,,,8.68,-,,,,,,,,,,,,,,,,,,,,,,,,,-,-,,,,,,,,,,,,,,,,,,,,,,,,,
,04-22-2015,23:39:48, Lane 1 ,Fwd,FF,,21,2,60,,2,9.20,,,,,,,,,,,,,,,,,,,,,,,,9.20,-,,,,,,,,,,,,,,,,,,,,,,,,,-,-,,,,,,,,,,,,,,,,,,,,,,,,,
,04-22-2015,23:41:19, Lane 1 ,Fwd,FF,,22,2,60,,2,9.81,,,,,,,,,,,,,,,,,,,,,,,,9.81,-,,,,,,,,,,,,,,,,,,,,,,,,,-,-,,,,,,,,,,,,,,,,,,,,,,,,,
,04-22-2015,23:41:22, Lane 1 ,Fwd,FF,,23,3,59,,2,11.22,,,,,,,,,,,,,,,,,,,,,,,,11.22,-,,,,,,,,,,,,,,,,,,,,,,,,,-,-,,,,,,,,,,,,,,,,,,,,,,,,,
,04-22-2015,23:42:25, Lane 1 ,Fwd,FF,,24,2,73,,2,9.96,,,,,,,,,,,,,,,,,,,,,,,,9.96,-,,,,,,,,,,,,,,,,,,,,,,,,,-,-,,,,,,,,,,,,,,,,,,,,,,,,,
,04-22-2015,23:43:44, Lane 1 ,Fwd,FF,,25,3,66,,2,11.04,,,,,,,,,,,,,,,,,,,,,,,,11.04,-,,,,,,,,,,,,,,,,,,,,,,,,,-,-,,,,,,,,,,,,,,,,,,,,,,,,,
,04-22-2015,23:45:02, Lane 1 ,Fwd,FF,,26,2,60,,2,9.44,,,,,,,,,,,,,,,,,,,,,,,,9.44,-,,,,,,,,,,,,,,,,,,,,,,,,,-,-,,,,,,,,,,,,,,,,,,,,,,,,,
,04-22-2015,23:45:32, Lane 1 ,Fwd,FF,,27,2,65,,2,9.71,,,,,,,,,,,,,,,,,,,,,,,,9.71,-,,,,,,,,,,,,,,,,,,,,,,,,,-,-,,,,,,,,,,,,,,,,,,,,,,,,,
,04-22-2015,23:45:40, Lane 1 ,Fwd,FF,,28,2,63,,2,7.35,,,,,,,,,,,,,,,,,,,,,,,,7.35,-,,,,,,,,,,,,,,,,,,,,,,,,,-,-,,,,,,,,,,,,,,,,,,,,,,,,,
,04-22-2015,23:46:06, Lane 1 ,Fwd,FF,,29,2,60,,2,8.41,,,,,,,,,,,,,,,,,,,,,,,,8.41,-,,,,,,,,,,,,,,,,,,,,,,,,,-,-,,,,,,,,,,,,,,,,,,,,,,,,,
,04-22-2015,23:46:17, Lane 1 ,Fwd,FF,,30,2,52,,2,8.71,,,,,,,,,,,,,,,,,,,,,,,,8.71,-,,,,,,,,,,,,,,,,,,,,,,,,,-,-,,,,,,,,,,,,,,,,,,,,,,,,,
,04-22-2015,23:47:58, Lane 1 ,Fwd,FF,,31,2,63,,2,8.52,,,,,,,,,,,,,,,,,,,,,,,,8.52,-,,,,,,,,,,,,,,,,,,,,,,,,,-,-,,,,,,,,,,,,,,,,,,,,,,,,,
,04-22-2015,23:49:31, Lane 1 ,Fwd,FF,,32,2,66,,2,8.64,,,,,,,,,,,,,,,,,,,,,,,,8.64,-,,,,,,,,,,,,,,,,,,,,,,,,,-,-,,,,,,,,,,,,,,,,,,,,,,,,,
,04-22-2015,23:52:53, Lane 1 ,Fwd,FF,,33,2,55,,2,9.12,,,,,,,,,,,,,,,,,,,,,,,,9.12,-,,,,,,,,,,,,,,,,,,,,,,,,,-,-,,,,,,,,,,,,,,,,,,,,,,,,,
,04-22-2015,23:57:07, Lane 1 ,Fwd,FF,,34,5,55,,2,14.64,,,,,,,,,,,,,,,,,,,,,,,,14.64,-,,,,,,,,,,,,,,,,,,,,,,,,,-,-,,,,,,,,,,,,,,,,,,,,,,,,,
,04-22-2015,23:58:05, Lane 1 ,Fwd,FF,,35,2,63,,2,9.51,,,,,,,,,,,,,,,,,,,,,,,,9.51,-,,,,,,,,,,,,,,,,,,,,,,,,,-,-,,,,,,,,,,,,,,,,,,,,,,,,,
,04-22-2015,23:58:15, Lane 1 ,Fwd,FF,,36,2,74,,2,8.40,,,,,,,,,,,,,,,,,,,,,,,,8.40,-,,,,,,,,,,,,,,,,,,,,,,,,,-,-,,,,,,,,,,,,,,,,,,,,,,,,,
,04-22-2015,23:59:21, Lane 1 ,Fwd,FF,,37,2,74,,2,9.08,,,,,,,,,,,,,,,,,,,,,,,,9.08,-,,,,,,,,,,,,,,,,,,,,,,,,,-,-,,,,,,,,,,,,,,,,,,,,,,,,,
,04-22-2015,23:59:33, Lane 1 ,Fwd,FF,,38,2,71,,2,8.48,,,,,,,,,,,,,,,,,,,,,,,,8.48,-,,,,,,,,,,,,,,,,,,,,,,,,,-,-,,,,,,,,,,,,,,,,,,,,,,,,,
